p   edge 1812  3451
e  0  1751  613
e  0  1251  963
e  0  495  490
e  0  234  640
e  0  89  596
e  1  2  788
e  2  3  830
e  2  109  964
e  2  1807  916
e  3  4  256
e  3  99  964
e  4  5  964
e  5  6  508
e  5  99  256
e  6  7  549
e  6  153  333
e  6  110  256
e  7  8  235
e  7  143  333
e  8  9  284
e  8  130  333
e  9  10  795
e  9  101  333
e  10  11  959
e  10  94  333
e  11  12  333
e  12  13  429
e  12  119  110
e  12  94  959
e  13  14  110
e  14  15  41
e  14  103  939
e  14  181  346
e  14  119  429
e  15  16  939
e  16  17  704
e  16  111  346
e  16  103  41
e  17  18  346
e  18  19  784
e  18  111  704
e  19  20  277
e  19  168  41
e  19  131  704
e  20  21  650
e  20  112  250
e  20  175  41
e  21  22  958
e  21  104  250
e  22  23  250
e  23  24  352
e  23  104  958
e  24  25  735
e  24  113  958
e  25  26  916
e  25  183  538
e  25  182  958
e  26  27  538
e  27  28  975
e  27  205  958
e  27  183  916
e  28  29  67
e  28  358  814
e  28  332  41
e  28  218  958
e  29  30  847
e  29  120  894
e  29  307  814
e  30  31  894
e  31  32  365
e  31  120  847
e  32  33  498
e  32  126  847
e  33  34  544
e  33  144  847
e  34  35  819
e  34  196  814
e  34  184  847
e  35  36  223
e  35  176  814
e  36  37  691
e  36  159  814
e  37  38  613
e  37  146  814
e  38  39  549
e  39  40  359
e  39  114  802
e  39  121  814
e  40  41  802
e  41  42  884
e  41  97  814
e  41  114  359
e  42  43  1000
e  42  95  814
e  43  44  814
e  44  45  140
e  44  95  1000
e  45  46  917
e  45  105  1000
e  46  47  526
e  46  150  1000
e  47  48  885
e  47  188  1000
e  48  49  422
e  48  206  1000
e  49  50  109
e  49  189  849
e  49  249  191
e  49  229  359
e  49  215  1000
e  50  51  849
e  51  52  652
e  51  132  921
e  51  189  109
e  52  53  921
e  53  54  683
e  53  132  652
e  54  55  472
e  54  127  191
e  54  147  652
e  55  56  917
e  55  100  191
e  56  57  249
e  56  98  191
e  57  58  191
e  58  59  157
e  58  98  249
e  59  60  408
e  59  118  249
e  60  61  253
e  60  148  249
e  61  62  192
e  61  137  126
e  61  222  249
e  62  63  66
e  62  133  126
e  63  64  290
e  63  96  126
e  64  65  162
e  64  93  126
e  65  66  549
e  65  91  126
e  66  67  963
e  66  90  126
e  67  68  126
e  68  69  880
e  68  90  963
e  69  70  405
e  69  134  963
e  70  71  459
e  70  107  198
e  70  190  963
e  71  72  198
e  72  73  965
e  72  107  459
e  73  74  646
e  73  139  916
e  73  141  459
e  74  75  425
e  74  128  916
e  75  76  23
e  75  92  916
e  76  77  916
e  77  78  212
e  77  151  327
e  77  173  860
e  77  92  23
e  78  79  117
e  78  135  327
e  79  80  891
e  79  123  327
e  80  81  273
e  80  102  327
e  81  82  327
e  82  83  503
e  82  108  860
e  82  102  273
e  83  84  860
e  84  85  490
e  84  106  698
e  84  158  747
e  84  149  273
e  84  108  503
e  85  86  698
e  86  87  747
e  86  106  490
e  87  88  33
e  87  125  490
e  88  89  640
e  88  234  596
e  88  170  490
e  90  134  880
e  90  91  549
e  91  138  880
e  91  93  162
e  92  179  860
e  92  157  646
e  92  128  425
e  93  162  880
e  93  96  290
e  94  167  110
e  94  101  795
e  95  105  140
e  95  97  884
e  96  178  880
e  96  385  472
e  96  133  66
e  97  117  140
e  97  115  359
e  98  118  157
e  98  100  917
e  99  110  508
e  99  109  830
e  100  122  157
e  100  127  472
e  101  213  110
e  101  202  256
e  101  130  284
e  102  124  860
e  102  123  891
e  103  140  346
e  104  113  352
e  104  112  650
e  105  150  917
e  105  165  359
e  105  117  884
e  106  125  747
e  107  141  965
e  107  236  963
e  108  124  273
e  109  129  508
e  109  542  333
e  109  1188  346
e  109  1798  916
e  110  161  333
e  110  129  830
e  111  131  784
e  111  140  41
e  112  116  352
e  112  201  41
e  113  182  735
e  113  195  538
e  113  116  650
e  114  115  814
e  115  136  140
e  115  164  613
e  115  121  802
e  116  204  538
e  116  209  41
e  117  136  359
e  118  148  408
e  118  122  917
e  119  235  346
e  119  167  959
e  120  126  365
e  120  289  814
e  121  145  613
e  122  156  408
e  122  155  472
e  123  142  860
e  123  135  117
e  124  149  503
e  124  211  747
e  124  207  212
e  124  142  891
e  125  170  33
e  125  208  273
e  125  158  698
e  126  144  498
e  126  256  814
e  127  155  157
e  127  193  652
e  128  139  646
e  129  180  333
e  130  172  256
e  130  143  235
e  131  154  41
e  132  147  683
e  132  220  191
e  132  216  109
e  133  362  472
e  133  137  192
e  134  190  405
e  134  138  549
e  135  152  860
e  135  151  212
e  136  165  884
e  136  169  917
e  136  171  613
e  137  269  472
e  138  200  405
e  138  162  162
e  139  157  425
e  139  198  459
e  140  154  784
e  140  181  939
e  141  198  916
e  141  244  963
e  142  174  212
e  142  152  117
e  143  163  256
e  143  153  549
e  144  184  544
e  144  221  814
e  145  146  549
e  145  164  802
e  146  159  691
e  147  193  191
e  148  222  253
e  148  156  917
e  149  192  747
e  150  188  526
e  150  166  359
e  151  160  860
e  152  160  212
e  153  161  256
e  154  168  704
e  154  203  277
e  154  260  250
e  154  302  429
e  154  245  939
e  155  177  408
e  155  238  652
e  156  177  472
e  157  273  860
e  157  272  459
e  158  192  273
e  159  187  140
e  159  176  223
e  160  174  117
e  160  239  747
e  160  191  23
e  160  173  327
e  161  163  549
e  161  180  830
e  162  243  405
e  162  178  290
e  163  172  235
e  163  259  830
e  164  171  140
e  165  166  917
e  166  199  526
e  166  169  884
e  167  254  346
e  167  213  795
e  168  175  277
e  169  228  526
e  169  197  613
e  170  379  596
e  170  282  273
e  171  197  917
e  171  185  691
e  172  202  284
e  172  420  346
e  172  313  830
e  173  179  23
e  174  207  891
e  174  223  747
e  175  201  250
e  175  203  704
e  176  226  140
e  176  196  819
e  177  232  253
e  177  292  652
e  178  304  405
e  178  368  965
e  178  465  916
e  178  410  472
e  179  191  327
e  179  273  646
e  180  259  549
e  180  485  346
e  180  542  508
e  181  245  784
e  181  235  429
e  182  194  538
e  183  194  958
e  184  212  814
e  185  186  549
e  185  214  917
e  186  187  802
e  186  227  917
e  187  226  223
e  188  206  885
e  188  199  359
e  189  216  921
e  189  242  191
e  190  236  198
e  190  200  549
e  191  251  747
e  191  320  646
e  192  208  698
e  192  233  212
e  192  211  503
e  193  238  157
e  193  250  109
e  193  220  683
e  194  205  916
e  194  225  975
e  194  224  650
e  194  195  735
e  195  204  650
e  196  247  140
e  196  212  847
e  197  237  526
e  197  214  691
e  198  272  425
e  198  353  860
e  198  276  963
e  199  210  885
e  199  248  613
e  199  228  884
e  200  253  198
e  200  271  965
e  200  243  162
e  201  209  352
e  201  240  704
e  202  335  110
e  202  374  346
e  203  240  250
e  204  224  735
e  204  246  975
e  204  252  41
e  205  218  975
e  206  215  422
e  206  210  359
e  207  217  747
e  208  282  33
e  208  258  212
e  209  252  538
e  209  261  704
e  210  219  422
e  210  257  613
e  211  217  212
e  212  263  140
e  212  221  544
e  213  301  346
e  213  335  256
e  214  281  526
e  214  227  549
e  215  219  359
e  216  230  191
e  217  233  503
e  217  223  891
e  218  306  41
e  218  262  650
e  218  225  916
e  219  229  1000
e  219  295  191
e  219  267  613
e  220  230  109
e  221  308  140
e  221  256  498
e  222  231  472
e  223  275  503
e  223  294  698
e  223  274  23
e  223  239  117
e  224  241  975
e  225  241  650
e  226  265  917
e  226  247  819
e  227  336  526
e  227  316  819
e  227  264  223
e  228  237  613
e  229  285  191
e  230  250  683
e  230  337  157
e  230  333  359
e  230  268  849
e  230  242  921
e  231  232  917
e  231  270  126
e  232  280  126
e  232  296  652
e  233  258  698
e  233  275  891
e  234  379  490
e  235  278  784
e  235  254  959
e  236  244  965
e  236  253  549
e  237  248  884
e  237  266  885
e  237  281  691
e  238  292  408
e  238  303  253
e  238  298  109
e  239  251  23
e  240  261  352
e  240  260  277
e  241  262  916
e  241  287  41
e  241  246  735
e  242  249  849
e  243  293  965
e  243  304  290
e  244  276  916
e  244  255  549
e  245  278  429
e  246  277  41
e  247  279  917
e  247  263  847
e  248  257  885
e  249  268  921
e  249  285  359
e  250  298  157
e  251  274  117
e  251  321  698
e  251  343  646
e  252  277  975
e  252  327  704
e  253  255  965
e  254  288  784
e  254  301  795
e  255  286  916
e  255  299  162
e  255  271  198
e  256  375  140
e  256  289  365
e  257  267  422
e  257  266  884
e  258  329  33
e  258  322  23
e  258  284  891
e  259  313  235
e  259  454  346
e  260  315  352
e  260  324  429
e  261  327  538
e  261  357  429
e  261  315  277
e  262  297  41
e  263  290  917
e  263  308  544
e  264  265  802
e  264  283  819
e  265  279  819
e  266  291  422
e  266  310  691
e  267  311  191
e  267  291  884
e  268  318  359
e  269  270  249
e  269  362  192
e  270  409  192
e  270  280  917
e  271  293  162
e  272  312  860
e  273  320  327
e  273  312  459
e  274  300  698
e  275  284  698
e  276  354  860
e  276  286  549
e  277  287  735
e  277  449  959
e  277  398  704
e  278  302  939
e  278  288  959
e  279  283  802
e  279  290  847
e  280  434  192
e  280  323  652
e  281  310  885
e  281  360  191
e  281  336  549
e  282  522  596
e  282  329  212
e  283  316  223
e  283  309  847
e  284  305  23
e  284  294  503
e  285  318  921
e  285  295  1000
e  286  373  860
e  286  319  162
e  287  297  916
e  287  527  959
e  288  314  939
e  288  345  250
e  288  344  795
e  289  458  140
e  289  307  894
e  290  309  802
e  290  328  544
e  291  325  191
e  291  317  691
e  292  296  253
e  293  299  198
e  293  326  290
e  294  300  23
e  295  311  613
e  296  323  126
e  296  361  109
e  296  303  408
e  297  306  650
e  297  498  814
e  297  550  959
e  298  334  253
e  298  340  359
e  298  337  683
e  299  319  916
e  299  341  290
e  300  305  503
e  300  321  117
e  301  344  784
e  301  355  256
e  302  324  250
e  302  314  959
e  303  334  109
e  304  326  965
e  305  322  891
e  305  414  33
e  305  413  117
e  306  332  958
e  306  457  814
e  307  450  41
e  307  358  67
e  308  328  917
e  308  375  498
e  309  347  223
e  309  376  526
e  309  401  191
e  309  400  544
e  310  317  422
e  310  339  191
e  311  350  921
e  311  405  157
e  311  348  691
e  311  325  884
e  312  370  327
e  312  412  747
e  312  356  963
e  312  353  425
e  313  436  346
e  314  331  250
e  315  342  429
e  316  359  526
e  316  347  847
e  317  330  191
e  318  333  849
e  318  351  157
e  318  349  613
e  319  425  860
e  319  352  290
e  320  343  747
e  320  370  459
e  321  413  503
e  321  494  33
e  321  521  963
e  321  493  646
e  322  371  33
e  323  453  192
e  323  490  359
e  323  367  109
e  324  342  352
e  324  331  959
e  325  330  691
e  326  341  198
e  326  369  916
e  326  368  405
e  327  398  975
e  327  397  959
e  327  380  429
e  328  400  802
e  328  451  191
e  328  399  498
e  329  589  596
e  329  371  23
e  330  348  884
e  330  438  157
e  330  445  253
e  330  421  847
e  330  339  422
e  331  346  352
e  331  345  939
e  332  417  814
e  333  338  157
e  334  361  408
e  334  378  126
e  334  363  359
e  335  355  346
e  336  377  191
e  336  359  819
e  337  338  359
e  338  340  683
e  338  384  613
e  338  351  849
e  339  402  847
e  339  360  885
e  340  363  253
e  341  352  916
e  342  357  277
e  342  346  959
e  343  493  698
e  343  381  459
e  344  394  250
e  344  437  256
e  345  395  352
e  345  394  795
e  346  364  277
e  346  396  538
e  346  395  939
e  347  365  526
e  348  419  157
e  349  350  1000
e  349  366  157
e  350  372  157
e  351  366  613
e  352  473  860
e  352  531  472
e  352  466  405
e  352  369  198
e  353  354  963
e  354  356  425
e  354  373  549
e  355  437  784
e  355  374  110
e  356  416  747
e  356  390  549
e  357  380  538
e  357  364  959
e  358  417  41
e  359  383  191
e  359  365  847
e  360  377  549
e  361  367  126
e  362  385  66
e  362  409  249
e  363  393  126
e  363  387  613
e  364  382  538
e  365  386  191
e  365  376  223
e  366  384  849
e  366  389  253
e  366  372  1000
e  367  408  359
e  367  378  408
e  368  411  916
e  369  411  405
e  370  381  747
e  371  623  596
e  371  724  963
e  371  414  891
e  372  392  253
e  372  405  921
e  373  390  425
e  373  425  162
e  374  420  284
e  375  399  917
e  375  458  365
e  376  391  191
e  377  383  819
e  378  393  359
e  379  495  640
e  379  522  273
e  380  382  959
e  381  418  963
e  381  412  327
e  382  397  429
e  382  428  975
e  382  486  795
e  382  396  277
e  383  386  847
e  384  388  253
e  385  410  880
e  385  435  249
e  386  404  885
e  386  391  223
e  387  388  683
e  387  415  126
e  387  406  1000
e  388  389  849
e  389  392  1000
e  390  430  747
e  390  478  162
e  391  432  885
e  391  529  253
e  391  480  544
e  391  401  526
e  392  407  683
e  392  439  126
e  392  422  691
e  393  408  408
e  393  415  613
e  394  431  352
e  394  474  256
e  395  443  538
e  395  431  795
e  396  455  795
e  396  443  939
e  397  426  975
e  398  426  959
e  399  496  191
e  399  528  41
e  399  479  365
e  400  440  191
e  401  440  544
e  402  403  819
e  402  421  422
e  403  404  549
e  403  427  422
e  404  444  422
e  404  432  223
e  405  419  691
e  406  407  849
e  406  424  126
e  407  433  126
e  408  490  109
e  408  530  192
e  408  429  613
e  409  435  66
e  409  434  917
e  410  469  916
e  410  446  249
e  411  466  198
e  411  472  472
e  411  465  965
e  412  416  963
e  413  467  33
e  414  657  963
e  414  467  117
e  415  429  408
e  415  424  1000
e  416  418  327
e  416  430  549
e  417  450  67
e  417  591  917
e  417  672  191
e  417  457  958
e  418  507  698
e  418  442  549
e  419  423  253
e  419  438  884
e  420  436  830
e  421  460  253
e  421  427  819
e  422  423  921
e  422  447  126
e  422  461  884
e  423  441  884
e  424  452  408
e  424  482  691
e  424  433  849
e  425  478  425
e  425  492  747
e  425  473  290
e  426  449  704
e  426  428  429
e  427  468  253
e  427  444  549
e  428  456  704
e  428  671  814
e  428  511  795
e  429  535  192
e  429  560  880
e  429  452  1000
e  430  442  327
e  430  483  162
e  431  448  538
e  431  509  256
e  432  459  422
e  432  501  253
e  433  462  691
e  433  439  683
e  434  464  880
e  434  453  652
e  435  446  880
e  436  545  784
e  436  454  235
e  437  474  250
e  437  543  830
e  438  441  253
e  439  447  691
e  440  480  526
e  440  581  253
e  440  451  802
e  441  461  921
e  441  476  126
e  441  470  847
e  441  445  157
e  442  536  698
e  442  516  162
e  443  448  795
e  444  484  253
e  444  459  223
e  445  460  847
e  446  505  916
e  446  491  652
e  446  463  917
e  447  462  683
e  447  471  884
e  448  455  939
e  448  548  975
e  448  517  256
e  449  527  735
e  449  456  429
e  450  500  140
e  450  551  917
e  451  600  253
e  451  496  498
e  452  594  916
e  452  489  691
e  453  475  880
e  453  518  359
e  454  643  784
e  454  485  549
e  455  486  277
e  456  549  735
e  456  632  814
e  457  680  191
e  457  679  959
e  457  498  650
e  458  479  917
e  458  499  41
e  459  487  253
e  460  470  157
e  460  468  819
e  461  471  126
e  462  482  849
e  462  504  408
e  463  464  66
e  463  477  652
e  464  475  652
e  465  469  472
e  466  515  472
e  467  608  963
e  467  494  503
e  468  481  157
e  468  484  549
e  469  472  965
e  469  505  249
e  470  488  126
e  470  481  819
e  471  503  847
e  471  476  921
e  472  515  198
e  472  565  652
e  472  514  249
e  473  538  747
e  473  568  472
e  474  509  352
e  474  546  538
e  474  577  830
e  475  477  66
e  475  524  359
e  476  488  847
e  477  491  917
e  477  520  916
e  477  534  359
e  478  483  747
e  479  508  41
e  480  537  253
e  481  497  126
e  481  502  549
e  482  489  408
e  483  516  327
e  483  588  290
e  483  492  425
e  484  502  157
e  484  487  223
e  485  697  250
e  485  908  538
e  485  1020  508
e  486  511  975
e  487  510  157
e  487  501  422
e  488  503  921
e  488  497  819
e  489  604  916
e  489  586  847
e  489  504  849
e  490  518  192
e  491  513  916
e  492  538  290
e  493  506  963
e  494  572  963
e  495  1151  963
e  495  744  273
e  496  613  253
e  496  540  41
e  497  526  921
e  497  556  223
e  497  519  549
e  498  569  959
e  499  500  894
e  499  508  917
e  500  512  917
e  501  555  126
e  501  553  544
e  501  529  885
e  502  519  126
e  502  510  223
e  503  559  408
e  503  526  819
e  504  557  847
e  505  514  965
e  505  513  652
e  506  507  459
e  506  521  646
e  507  566  646
e  507  536  549
e  508  528  365
e  508  552  191
e  508  512  894
e  509  517  538
e  510  523  126
e  511  688  814
e  511  670  256
e  511  547  939
e  512  574  191
e  512  599  67
e  512  551  140
e  513  525  965
e  513  520  917
e  514  525  652
e  515  531  405
e  515  573  652
e  516  656  698
e  516  607  290
e  517  597  975
e  517  644  830
e  517  546  352
e  518  524  880
e  518  530  109
e  519  523  223
e  520  533  965
e  520  541  359
e  521  572  33
e  521  566  459
e  522  744  640
e  522  589  212
e  523  556  549
e  523  603  921
e  523  602  544
e  523  554  422
e  524  534  66
e  524  532  109
e  525  565  249
e  525  579  198
e  525  587  359
e  525  533  917
e  526  576  408
e  526  592  223
e  527  550  916
e  527  549  429
e  528  540  191
e  529  537  544
e  530  532  880
e  530  535  613
e  531  568  860
e  531  606  652
e  532  539  613
e  533  564  359
e  534  541  916
e  535  539  880
e  536  596  646
e  536  635  33
e  536  656  162
e  537  553  885
e  537  578  126
e  537  639  41
e  537  581  526
e  538  588  425
e  538  655  327
e  538  630  472
e  539  563  916
e  539  560  192
e  540  616  253
e  540  552  365
e  541  564  965
e  541  561  613
e  542  1020  346
e  543  544  284
e  543  577  250
e  544  545  110
e  544  580  250
e  545  590  250
e  545  643  235
e  546  625  830
e  547  548  277
e  547  631  256
e  548  597  256
e  549  584  814
e  550  569  814
e  551  591  67
e  552  686  253
e  552  574  894
e  553  570  126
e  554  555  157
e  554  575  544
e  555  570  544
e  556  592  921
e  557  558  884
e  557  586  849
e  558  559  683
e  558  585  819
e  559  576  819
e  560  582  916
e  561  562  109
e  561  567  965
e  562  563  66
e  562  571  965
e  563  595  965
e  563  605  1000
e  563  582  192
e  564  587  917
e  564  610  198
e  564  567  613
e  565  573  198
e  566  612  33
e  566  596  549
e  567  615  198
e  567  571  109
e  568  630  747
e  568  611  652
e  569  679  650
e  569  727  191
e  569  583  429
e  570  575  157
e  570  578  885
e  571  640  198
e  571  637  1000
e  571  595  66
e  572  608  503
e  572  622  549
e  572  612  459
e  573  606  405
e  573  621  860
e  573  579  249
e  574  718  253
e  574  626  67
e  575  602  422
e  575  687  41
e  575  601  885
e  576  585  683
e  576  648  223
e  577  625  538
e  577  580  284
e  578  601  157
e  578  641  41
e  579  624  860
e  579  598  359
e  580  636  538
e  580  590  110
e  581  627  41
e  581  600  802
e  582  593  1000
e  583  584  916
e  583  735  191
e  583  800  795
e  584  753  795
e  584  632  735
e  585  650  849
e  585  674  916
e  586  642  916
e  586  649  819
e  587  598  198
e  588  607  327
e  589  847  640
e  589  623  23
e  590  662  538
e  590  661  235
e  591  599  140
e  591  645  191
e  592  648  408
e  592  603  549
e  593  594  880
e  593  605  192
e  593  609  691
e  594  604  691
e  595  619  1000
e  596  614  33
e  597  631  277
e  597  755  830
e  598  628  860
e  598  620  613
e  598  610  917
e  599  626  191
e  600  617  41
e  600  613  498
e  601  668  41
e  602  730  921
e  602  761  916
e  602  719  41
e  603  664  408
e  603  730  544
e  604  609  880
e  604  642  847
e  605  619  965
e  605  618  691
e  606  611  860
e  607  776  698
e  607  732  472
e  607  655  425
e  608  657  117
e  608  677  549
e  609  618  192
e  609  651  965
e  609  665  847
e  610  615  613
e  611  676  747
e  611  633  359
e  611  621  405
e  612  614  549
e  613  616  41
e  614  622  459
e  614  712  503
e  614  635  646
e  615  620  917
e  615  653  860
e  615  640  109
e  616  617  498
e  616  646  802
e  616  659  126
e  616  686  365
e  617  627  802
e  618  629  965
e  619  637  66
e  619  629  691
e  620  638  860
e  621  624  249
e  622  677  503
e  623  858  640
e  623  794  963
e  624  628  359
e  625  644  352
e  625  636  284
e  626  759  253
e  626  700  958
e  626  645  140
e  627  639  526
e  627  647  126
e  627  646  498
e  628  634  405
e  628  638  613
e  629  652  66
e  629  681  847
e  629  651  192
e  630  717  327
e  630  711  359
e  630  676  652
e  631  670  939
e  631  831  814
e  632  734  795
e  632  671  704
e  633  634  249
e  633  678  747
e  633  666  613
e  634  654  613
e  635  808  503
e  635  749  162
e  636  663  352
e  636  662  110
e  637  690  198
e  637  652  691
e  638  654  405
e  638  653  917
e  639  641  126
e  640  660  860
e  640  690  1000
e  641  668  157
e  641  673  498
e  641  647  526
e  642  665  880
e  642  667  819
e  643  661  250
e  644  755  975
e  644  663  284
e  645  684  958
e  645  672  917
e  646  658  126
e  647  658  498
e  648  704  916
e  648  664  549
e  649  650  884
e  649  667  916
e  650  669  916
e  651  675  847
e  652  691  198
e  652  708  860
e  652  707  847
e  653  682  405
e  653  660  109
e  654  666  249
e  654  692  747
e  654  710  109
e  654  682  917
e  655  717  472
e  656  749  33
e  656  776  290
e  657  724  891
e  657  723  549
e  658  673  526
e  658  659  802
e  659  701  526
e  659  737  157
e  659  728  365
e  660  685  405
e  660  709  691
e  660  694  1000
e  661  698  538
e  661  696  549
e  662  699  352
e  662  698  235
e  663  780  975
e  663  699  110
e  664  715  916
e  664  738  544
e  665  675  965
e  665  689  819
e  666  683  747
e  667  689  880
e  667  669  884
e  668  687  885
e  668  702  498
e  669  706  965
e  669  674  849
e  670  778  814
e  671  688  795
e  672  680  958
e  673  702  157
e  673  701  802
e  674  720  965
e  674  703  223
e  675  681  192
e  675  693  819
e  676  678  359
e  677  723  117
e  677  712  459
e  678  711  652
e  678  683  613
e  679  713  191
e  680  684  917
e  680  713  959
e  681  707  66
e  681  721  819
e  682  685  109
e  683  743  652
e  683  764  327
e  683  807  109
e  683  692  249
e  684  700  140
e  684  726  959
e  685  710  917
e  685  716  747
e  686  728  126
e  686  718  894
e  687  719  422
e  687  802  916
e  687  820  498
e  688  734  704
e  688  766  735
e  688  886  191
e  688  778  256
e  689  693  965
e  690  694  860
e  690  691  691
e  691  695  860
e  692  714  109
e  693  721  192
e  693  705  884
e  694  695  691
e  695  709  1000
e  695  745  747
e  695  731  847
e  695  708  198
e  696  697  784
e  696  733  538
e  697  798  538
e  698  752  352
e  698  733  549
e  699  861  975
e  699  752  235
e  700  782  253
e  700  736  959
e  701  729  157
e  702  820  885
e  702  828  916
e  702  729  802
e  703  704  683
e  703  746  965
e  703  739  549
e  704  715  549
e  705  706  880
e  705  740  192
e  705  722  849
e  706  720  849
e  707  725  860
e  707  747  819
e  708  725  847
e  709  742  747
e  710  714  747
e  711  751  327
e  711  743  613
e  712  825  117
e  712  943  162
e  712  808  646
e  713  726  917
e  713  727  650
e  714  807  249
e  714  817  327
e  714  806  691
e  714  716  917
e  715  739  683
e  715  771  965
e  715  750  544
e  716  741  691
e  717  732  425
e  717  751  359
e  718  760  126
e  718  759  67
e  719  765  916
e  720  722  880
e  720  746  223
e  721  747  66
e  721  757  860
e  721  740  884
e  722  787  192
e  722  790  860
e  722  762  223
e  723  813  891
e  723  944  596
e  723  825  459
e  724  794  596
e  724  813  549
e  725  731  198
e  725  754  819
e  726  736  140
e  726  767  429
e  727  735  429
e  728  819  157
e  728  760  894
e  729  871  916
e  729  737  526
e  730  738  408
e  730  756  916
e  731  774  747
e  731  773  819
e  732  837  698
e  732  775  359
e  733  799  352
e  733  798  784
e  734  753  735
e  735  768  917
e  735  826  795
e  736  784  253
e  736  785  429
e  737  894  916
e  737  819  365
e  738  750  916
e  739  763  965
e  740  772  860
e  740  787  849
e  741  742  405
e  741  806  917
e  741  748  1000
e  742  745  1000
e  743  758  327
e  744  1111  963
e  744  945  23
e  744  847  212
e  745  748  405
e  745  774  847
e  746  762  880
e  746  763  549
e  747  754  860
e  748  844  917
e  748  856  327
e  748  783  847
e  749  880  503
e  749  941  613
e  749  890  290
e  750  795  965
e  750  769  41
e  750  756  408
e  751  775  425
e  751  758  613
e  752  876  975
e  752  799  549
e  753  800  916
e  753  849  191
e  753  766  704
e  754  773  198
e  754  781  884
e  754  757  66
e  755  912  814
e  755  780  284
e  756  761  921
e  757  772  884
e  758  777  425
e  758  764  652
e  759  792  126
e  759  786  959
e  759  782  958
e  760  877  157
e  760  818  959
e  760  792  67
e  761  765  41
e  762  796  860
e  762  779  549
e  763  779  880
e  763  771  683
e  764  788  425
e  764  812  109
e  765  770  408
e  765  872  965
e  765  802  422
e  766  862  191
e  767  768  650
e  767  785  140
e  768  801  140
e  768  869  253
e  768  893  795
e  769  770  921
e  769  797  965
e  770  840  965
e  771  804  880
e  771  803  41
e  771  795  544
e  772  781  66
e  772  824  198
e  772  823  223
e  772  789  849
e  773  791  747
e  773  793  884
e  774  783  405
e  774  791  819
e  775  838  698
e  775  777  613
e  776  890  33
e  776  846  359
e  776  837  472
e  777  845  698
e  777  788  652
e  778  902  191
e  778  831  939
e  779  810  860
e  779  822  41
e  779  804  683
e  780  961  814
e  780  910  235
e  780  861  110
e  781  793  198
e  782  784  959
e  783  865  327
e  783  830  819
e  784  786  958
e  784  811  126
e  784  814  429
e  785  814  253
e  785  801  650
e  786  809  126
e  787  789  860
e  788  875  698
e  788  859  109
e  789  805  223
e  789  790  192
e  790  796  223
e  791  830  405
e  791  816  884
e  792  809  959
e  793  816  747
e  793  843  223
e  793  824  66
e  794  966  640
e  794  860  549
e  795  797  41
e  796  805  192
e  796  810  549
e  797  803  544
e  797  821  880
e  797  873  860
e  797  840  921
e  798  1280  352
e  798  1569  191
e  798  1408  508
e  798  908  250
e  799  909  975
e  799  1523  191
e  799  1280  784
e  800  826  191
e  801  834  253
e  802  891  965
e  802  827  498
e  803  815  880
e  804  815  41
e  805  823  849
e  805  842  198
e  805  832  549
e  806  833  327
e  806  844  1000
e  807  812  327
e  808  880  162
e  809  818  67
e  809  811  958
e  810  832  192
e  810  829  41
e  811  839  429
e  812  859  425
e  812  866  691
e  812  817  249
e  813  860  596
e  814  839  126
e  814  834  650
e  815  822  683
e  815  835  860
e  815  821  544
e  816  889  405
e  816  848  223
e  817  833  691
e  818  881  157
e  819  900  916
e  819  883  959
e  819  877  894
e  820  827  916
e  821  841  860
e  822  829  860
e  823  836  198
e  824  836  223
e  825  975  596
e  825  986  162
e  826  893  917
e  826  915  253
e  826  914  704
e  826  849  916
e  827  898  965
e  827  828  885
e  828  924  965
e  828  871  802
e  829  854  192
e  829  853  544
e  829  835  683
e  830  903  327
e  830  889  884
e  831  988  191
e  831  911  830
e  832  864  747
e  832  854  41
e  833  866  249
e  833  885  425
e  833  852  1000
e  834  870  126
e  834  869  140
e  835  841  544
e  836  843  66
e  836  850  747
e  836  842  849
e  837  838  359
e  838  846  472
e  838  845  613
e  839  920  157
e  839  971  916
e  839  870  650
e  840  895  860
e  840  872  408
e  841  853  683
e  841  899  747
e  841  928  921
e  841  873  880
e  842  851  747
e  843  848  747
e  844  852  327
e  845  857  472
e  845  940  33
e  845  875  652
e  846  905  33
e  846  857  613
e  847  858  23
e  848  892  41
e  848  855  849
e  848  850  66
e  849  862  704
e  850  851  849
e  851  855  66
e  851  878  41
e  851  863  549
e  852  896  425
e  852  879  847
e  852  856  917
e  853  888  747
e  854  867  747
e  855  882  41
e  856  865  847
e  857  906  33
e  858  945  212
e  858  966  963
e  859  874  691
e  860  1057  640
e  860  1178  613
e  860  1054  459
e  860  944  891
e  861  876  235
e  862  914  916
e  862  957  253
e  862  913  256
e  862  886  735
e  863  864  198
e  863  868  41
e  864  867  41
e  865  879  917
e  865  935  425
e  865  903  819
e  866  874  425
e  867  868  198
e  867  887  544
e  868  878  549
e  868  884  66
e  868  897  544
e  869  904  795
e  870  991  916
e  870  916  795
e  871  958  965
e  871  922  959
e  871  894  526
e  872  891  422
e  873  895  921
e  874  939  698
e  874  936  847
e  874  885  249
e  875  953  33
e  875  938  691
e  876  910  110
e  876  1063  814
e  876  909  549
e  877  881  959
e  878  882  66
e  879  901  425
e  880  943  646
e  880  1003  613
e  881  883  894
e  881  921  916
e  881  918  429
e  882  892  849
e  882  884  549
e  883  907  916
e  884  932  849
e  884  981  405
e  884  931  544
e  885  896  1000
e  886  902  256
e  887  888  192
e  887  897  198
e  888  899  683
e  889  951  327
e  889  933  41
e  890  905  359
e  891  898  498
e  892  934  405
e  892  932  549
e  893  904  253
e  894  900  365
e  895  928  880
e  895  925  498
e  896  901  847
e  897  931  66
e  897  929  683
e  898  927  860
e  898  924  885
e  899  930  198
e  899  1009  498
e  899  956  921
e  900  907  959
e  901  937  249
e  901  959  698
e  901  985  819
e  901  935  917
e  902  913  735
e  902  994  253
e  902  988  939
e  903  952  425
e  903  974  41
e  903  951  884
e  904  917  126
e  904  970  704
e  904  915  917
e  905  906  613
e  906  942  290
e  906  940  472
e  907  923  526
e  907  979  429
e  907  921  894
e  908  1279  508
e  909  1094  814
e  909  1456  191
e  910  1044  814
e  911  912  277
e  911  1036  191
e  911  1021  284
e  912  961  284
e  913  968  253
e  914  954  253
e  915  954  704
e  916  917  140
e  916  1017  916
e  916  1039  256
e  917  1022  256
e  917  978  704
e  918  919  958
e  918  946  916
e  919  920  67
e  919  948  916
e  920  949  916
e  921  946  429
e  922  923  365
e  922  962  965
e  923  982  965
e  923  1001  429
e  924  955  860
e  924  964  959
e  924  958  802
e  925  926  422
e  925  963  880
e  925  972  747
e  926  927  408
e  926  977  747
e  927  998  747
e  927  997  959
e  927  955  885
e  928  956  747
e  928  963  498
e  929  930  192
e  929  1025  66
e  929  1101  959
e  929  1067  498
e  930  1024  498
e  931  999  405
e  931  1109  327
e  931  1025  683
e  932  965  405
e  933  934  223
e  933  960  327
e  934  973  327
e  934  965  549
e  935  952  819
e  936  937  1000
e  936  947  698
e  937  950  698
e  938  939  109
e  938  993  33
e  939  1012  33
e  939  947  847
e  940  1052  290
e  940  953  652
e  941  942  359
e  941  1003  503
e  942  1013  503
e  942  1052  472
e  943  986  117
e  943  1061  613
e  944  975  459
e  945  1087  963
e  946  979  894
e  946  1018  965
e  946  948  958
e  947  1015  33
e  947  950  1000
e  948  1028  965
e  948  949  67
e  949  1047  860
e  949  1005  650
e  949  971  157
e  950  1031  33
e  950  1060  819
e  950  959  249
e  951  960  41
e  952  985  917
e  952  1000  698
e  952  1011  41
e  953  1110  290
e  953  1122  503
e  953  993  691
e  954  970  917
e  954  984  126
e  954  983  256
e  954  957  916
e  955  969  959
e  956  967  498
e  957  968  256
e  958  962  959
e  959  992  819
e  960  974  884
e  960  1034  425
e  960  973  223
e  961  1021  277
e  961  1095  191
e  961  1044  235
e  962  964  802
e  962  976  860
e  962  982  365
e  963  967  747
e  964  969  860
e  965  1010  327
e  965  1026  544
e  965  981  849
e  966  1087  212
e  966  1057  549
e  967  1009  921
e  967  1037  198
e  967  1040  959
e  967  980  422
e  967  972  880
e  968  983  916
e  968  989  126
e  968  994  735
e  969  997  885
e  969  1007  747
e  969  976  802
e  970  978  126
e  971  991  650
e  972  977  422
e  973  1056  425
e  973  1010  549
e  974  1011  425
e  975  1054  891
e  975  1053  162
e  976  1029  747
e  976  996  365
e  977  980  880
e  977  1008  959
e  977  998  408
e  978  990  256
e  978  984  917
e  979  1001  526
e  979  1006  965
e  980  1016  959
e  981  999  544
e  982  996  860
e  982  1004  429
e  983  987  126
e  984  987  256
e  985  992  698
e  986  1053  596
e  986  1075  613
e  987  990  917
e  987  989  916
e  988  1078  253
e  988  1036  830
e  989  995  917
e  989  1032  735
e  990  1022  704
e  990  1045  140
e  990  995  916
e  991  1005  157
e  991  1017  795
e  992  1060  249
e  992  1071  33
e  992  1070  41
e  992  1000  917
e  993  1130  503
e  993  1027  847
e  993  1012  109
e  994  1032  126
e  994  1078  939
e  995  1105  140
e  995  1114  916
e  995  1079  735
e  996  1042  747
e  996  1014  429
e  997  1002  747
e  998  1002  959
e  999  1026  849
e  999  1033  327
e  1000  1038  41
e  1001  1004  965
e  1002  1008  408
e  1002  1007  885
e  1003  1061  646
e  1003  1013  359
e  1004  1014  860
e  1004  1006  526
e  1005  1080  860
e  1005  1041  795
e  1006  1019  860
e  1006  1018  894
e  1007  1051  880
e  1007  1065  429
e  1007  1029  802
e  1008  1016  880
e  1009  1024  198
e  1010  1102  425
e  1010  1030  544
e  1011  1038  698
e  1011  1034  884
e  1012  1015  847
e  1013  1072  646
e  1013  1148  596
e  1013  1099  472
e  1014  1043  747
e  1014  1048  894
e  1014  1019  526
e  1015  1027  109
e  1015  1183  503
e  1015  1031  1000
e  1016  1040  422
e  1016  1066  198
e  1016  1098  429
e  1016  1050  885
e  1017  1041  157
e  1017  1077  256
e  1018  1023  860
e  1018  1028  958
e  1019  1023  894
e  1020  1279  538
e  1020  1188  333
e  1021  1073  191
e  1022  1039  140
e  1023  1048  526
e  1023  1035  958
e  1024  1067  192
e  1024  1059  959
e  1024  1037  921
e  1025  1127  327
e  1025  1113  959
e  1026  1030  327
e  1027  1145  503
e  1028  1035  860
e  1029  1049  429
e  1029  1042  365
e  1030  1121  425
e  1030  1033  849
e  1031  1197  503
e  1031  1177  41
e  1031  1068  819
e  1032  1079  917
e  1032  1170  916
e  1032  1104  939
e  1033  1160  425
e  1033  1196  698
e  1033  1143  959
e  1033  1109  405
e  1034  1062  698
e  1034  1056  223
e  1035  1058  526
e  1035  1074  747
e  1035  1046  67
e  1036  1103  253
e  1036  1073  284
e  1037  1055  959
e  1038  1070  917
e  1038  1115  33
e  1038  1062  884
e  1039  1077  916
e  1039  1045  704
e  1040  1055  198
e  1041  1088  860
e  1041  1129  256
e  1042  1043  429
e  1043  1049  365
e  1043  1097  880
e  1043  1081  958
e  1043  1064  894
e  1044  1133  191
e  1044  1063  110
e  1045  1089  916
e  1045  1105  916
e  1046  1047  965
e  1046  1090  747
e  1046  1106  795
e  1046  1092  650
e  1047  1080  650
e  1048  1064  747
e  1048  1058  958
e  1049  1065  802
e  1049  1082  880
e  1050  1051  408
e  1050  1083  429
e  1051  1076  429
e  1052  1099  503
e  1052  1110  652
e  1053  1091  613
e  1054  1149  613
e  1055  1059  921
e  1055  1142  192
e  1055  1141  429
e  1055  1066  422
e  1056  1085  698
e  1056  1102  549
e  1057  1311  212
e  1057  1258  613
e  1058  1069  747
e  1059  1084  192
e  1060  1068  33
e  1061  1075  117
e  1061  1072  359
e  1062  1154  33
e  1062  1085  223
e  1063  1167  191
e  1063  1094  549
e  1064  1069  958
e  1065  1076  880
e  1066  1108  429
e  1067  1084  959
e  1068  1116  41
e  1068  1071  249
e  1069  1081  894
e  1069  1138  880
e  1069  1137  67
e  1069  1074  526
e  1070  1093  33
e  1071  1093  41
e  1072  1086  117
e  1073  1134  253
e  1073  1095  277
e  1074  1090  67
e  1075  1091  596
e  1075  1086  359
e  1076  1083  408
e  1076  1082  802
e  1077  1129  157
e  1077  1158  860
e  1077  1089  704
e  1078  1104  126
e  1078  1103  830
e  1079  1135  916
e  1080  1092  965
e  1080  1088  795
e  1081  1128  880
e  1082  1107  408
e  1082  1097  365
e  1083  1098  885
e  1083  1125  198
e  1083  1107  802
e  1084  1101  498
e  1084  1126  66
e  1084  1156  429
e  1084  1142  921
e  1085  1163  33
e  1085  1123  549
e  1086  1100  596
e  1087  1111  23
e  1087  1312  273
e  1087  1311  549
e  1088  1096  965
e  1088  1136  256
e  1089  1166  860
e  1089  1112  916
e  1090  1137  526
e  1090  1118  795
e  1091  1150  891
e  1091  1100  359
e  1092  1096  795
e  1093  1116  249
e  1093  1367  503
e  1093  1302  223
e  1093  1115  917
e  1094  1179  191
e  1095  1181  253
e  1095  1133  235
e  1096  1106  650
e  1096  1119  747
e  1096  1157  256
e  1097  1120  408
e  1097  1128  958
e  1098  1108  198
e  1099  1199  596
e  1099  1198  691
e  1099  1117  652
e  1100  1155  891
e  1100  1309  847
e  1100  1240  691
e  1100  1147  646
e  1101  1113  66
e  1102  1123  698
e  1102  1121  544
e  1103  1124  126
e  1103  1134  284
e  1104  1185  916
e  1104  1124  830
e  1105  1112  916
e  1106  1118  747
e  1107  1120  365
e  1108  1141  422
e  1108  1175  192
e  1108  1194  365
e  1108  1125  885
e  1109  1127  683
e  1110  1117  503
e  1111  1151  273
e  1112  1202  860
e  1112  1219  735
e  1112  1114  140
e  1113  1132  327
e  1113  1126  498
e  1114  1135  735
e  1115  1154  884
e  1116  1177  819
e  1116  1227  503
e  1117  1146  691
e  1117  1122  290
e  1118  1172  526
e  1118  1191  880
e  1118  1119  650
e  1119  1215  880
e  1119  1168  256
e  1120  1140  198
e  1120  1159  958
e  1121  1131  698
e  1121  1160  849
e  1122  1130  691
e  1123  1211  33
e  1123  1131  544
e  1124  1186  916
e  1124  1162  284
e  1125  1139  365
e  1126  1153  327
e  1126  1184  429
e  1127  1132  959
e  1128  1159  408
e  1128  1174  198
e  1128  1138  894
e  1129  1136  860
e  1130  1146  290
e  1130  1145  847
e  1131  1218  33
e  1131  1262  959
e  1131  1169  849
e  1132  1144  405
e  1132  1153  498
e  1133  1208  253
e  1133  1167  110
e  1134  1162  126
e  1134  1181  277
e  1135  1219  140
e  1135  1242  860
e  1135  1205  830
e  1135  1170  917
e  1136  1157  965
e  1136  1171  704
e  1136  1158  157
e  1137  1173  880
e  1137  1172  795
e  1138  1182  198
e  1138  1192  795
e  1138  1173  67
e  1139  1140  802
e  1139  1194  885
e  1139  1222  958
e  1140  1164  958
e  1141  1152  192
e  1142  1152  429
e  1143  1144  683
e  1143  1210  698
e  1143  1223  498
e  1144  1176  498
e  1145  1161  290
e  1145  1259  596
e  1145  1256  41
e  1145  1183  109
e  1146  1198  652
e  1146  1204  596
e  1146  1161  847
e  1147  1148  117
e  1147  1225  691
e  1148  1199  472
e  1149  1150  162
e  1149  1178  459
e  1149  1165  359
e  1150  1155  359
e  1151  1251  490
e  1151  1372  549
e  1151  1312  23
e  1152  1156  921
e  1152  1231  327
e  1152  1175  422
e  1153  1176  405
e  1153  1187  429
e  1154  1163  223
e  1155  1165  162
e  1155  1310  459
e  1155  1393  640
e  1155  1318  847
e  1156  1184  66
e  1156  1195  327
e  1157  1168  747
e  1157  1190  704
e  1158  1166  704
e  1159  1164  198
e  1160  1169  698
e  1161  1207  596
e  1162  1229  916
e  1162  1214  277
e  1163  1303  917
e  1163  1437  503
e  1163  1427  959
e  1163  1301  544
e  1163  1211  549
e  1164  1222  802
e  1164  1248  795
e  1164  1193  894
e  1164  1174  408
e  1165  1200  459
e  1166  1171  157
e  1166  1230  747
e  1166  1202  916
e  1167  1244  253
e  1167  1179  549
e  1168  1273  880
e  1168  1201  704
e  1169  1212  959
e  1169  1196  425
e  1170  1189  830
e  1170  1185  939
e  1171  1190  965
e  1171  1220  747
e  1172  1180  880
e  1173  1180  795
e  1174  1182  894
e  1175  1238  327
e  1175  1255  365
e  1176  1223  683
e  1176  1217  429
e  1177  1213  503
e  1178  1258  640
e  1178  1200  359
e  1179  1252  253
e  1179  1548  916
e  1179  1456  814
e  1180  1192  67
e  1180  1216  198
e  1180  1236  650
e  1180  1191  526
e  1181  1214  126
e  1181  1208  235
e  1182  1193  408
e  1182  1206  795
e  1183  1249  41
e  1183  1197  1000
e  1184  1187  327
e  1185  1186  830
e  1186  1189  939
e  1186  1209  917
e  1186  1229  284
e  1187  1217  405
e  1187  1295  422
e  1187  1195  66
e  1188  1455  538
e  1188  1789  916
e  1189  1205  917
e  1190  1201  747
e  1191  1215  650
e  1192  1206  198
e  1193  1221  795
e  1194  1255  192
e  1194  1237  958
e  1195  1231  921
e  1196  1210  959
e  1197  1213  41
e  1198  1203  596
e  1199  1203  691
e  1200  1272  640
e  1200  1310  162
e  1201  1362  880
e  1201  1253  916
e  1201  1235  157
e  1201  1220  965
e  1202  1241  747
e  1202  1234  735
e  1203  1226  117
e  1203  1224  847
e  1203  1204  652
e  1204  1207  847
e  1205  1263  860
e  1205  1209  939
e  1206  1221  408
e  1206  1216  67
e  1207  1224  652
e  1207  1232  117
e  1207  1265  41
e  1207  1259  290
e  1208  1233  126
e  1208  1244  110
e  1209  1276  860
e  1209  1284  284
e  1210  1212  425
e  1210  1270  498
e  1211  1218  544
e  1212  1262  849
e  1212  1300  33
e  1212  1298  429
e  1213  1249  1000
e  1213  1271  596
e  1213  1227  819
e  1214  1233  235
e  1215  1236  526
e  1215  1254  198
e  1215  1273  256
e  1216  1247  408
e  1216  1246  650
e  1217  1261  683
e  1217  1297  698
e  1217  1366  795
e  1217  1349  958
e  1217  1342  422
e  1218  1301  549
e  1218  1278  959
e  1219  1234  860
e  1220  1230  157
e  1221  1248  894
e  1221  1317  327
e  1221  1247  67
e  1222  1237  885
e  1223  1270  698
e  1223  1261  429
e  1224  1228  117
e  1225  1226  472
e  1225  1240  646
e  1225  1239  847
e  1226  1228  847
e  1227  1304  596
e  1227  1415  223
e  1227  1367  249
e  1228  1239  472
e  1228  1250  646
e  1228  1232  652
e  1229  1284  917
e  1229  1320  860
e  1229  1282  235
e  1230  1235  965
e  1230  1241  916
e  1231  1238  422
e  1232  1257  646
e  1232  1307  41
e  1233  1283  916
e  1233  1281  549
e  1233  1266  110
e  1234  1275  747
e  1234  1242  140
e  1235  1245  916
e  1236  1246  198
e  1237  1260  192
e  1238  1296  66
e  1238  1294  958
e  1238  1267  365
e  1239  1243  646
e  1240  1243  847
e  1241  1245  965
e  1241  1275  735
e  1242  1263  830
e  1243  1309  691
e  1243  1319  891
e  1243  1308  652
e  1243  1250  472
e  1244  1266  126
e  1244  1252  549
e  1245  1253  157
e  1245  1287  735
e  1246  1289  408
e  1246  1322  256
e  1246  1254  526
e  1247  1335  327
e  1247  1289  650
e  1248  1293  327
e  1249  1256  109
e  1249  1268  596
e  1250  1257  652
e  1251  1561  613
e  1251  1429  549
e  1252  1269  126
e  1252  1506  916
e  1253  1345  830
e  1253  1329  735
e  1254  1288  256
e  1255  1267  327
e  1255  1260  958
e  1256  1264  596
e  1257  1308  472
e  1257  1316  41
e  1258  1450  212
e  1258  1272  359
e  1259  1264  41
e  1260  1274  327
e  1261  1277  698
e  1262  1278  33
e  1263  1286  747
e  1263  1276  939
e  1264  1265  290
e  1264  1268  109
e  1265  1307  117
e  1265  1305  1000
e  1266  1269  549
e  1267  1274  958
e  1268  1271  1000
e  1269  1281  110
e  1269  1326  916
e  1270  1277  429
e  1271  1306  290
e  1271  1304  819
e  1272  1487  212
e  1272  1518  41
e  1272  1438  847
e  1272  1371  162
e  1273  1288  198
e  1273  1362  704
e  1274  1294  365
e  1274  1331  66
e  1274  1290  795
e  1275  1287  965
e  1275  1285  830
e  1276  1314  747
e  1276  1313  284
e  1277  1299  425
e  1277  1297  683
e  1278  1404  549
e  1278  1472  503
e  1278  1414  429
e  1278  1300  849
e  1279  1408  250
e  1279  1455  333
e  1280  1536  191
e  1281  1325  916
e  1282  1283  277
e  1282  1360  860
e  1283  1377  860
e  1283  1325  549
e  1284  1313  860
e  1285  1286  140
e  1285  1315  965
e  1286  1327  965
e  1286  1314  939
e  1287  1329  157
e  1287  1315  830
e  1288  1322  526
e  1288  1385  408
e  1288  1401  327
e  1288  1375  704
e  1289  1346  327
e  1289  1339  256
e  1290  1291  802
e  1290  1336  66
e  1291  1292  885
e  1291  1388  66
e  1291  1387  894
e  1292  1293  192
e  1292  1330  894
e  1293  1317  894
e  1294  1323  66
e  1295  1296  921
e  1295  1342  405
e  1295  1341  958
e  1296  1323  958
e  1297  1332  425
e  1297  1376  795
e  1298  1299  498
e  1298  1350  33
e  1299  1373  33
e  1299  1332  683
e  1300  1350  429
e  1301  1404  959
e  1302  1303  884
e  1302  1381  503
e  1303  1391  503
e  1304  1333  290
e  1304  1351  117
e  1304  1419  223
e  1305  1306  109
e  1305  1321  117
e  1306  1324  117
e  1306  1333  819
e  1307  1316  646
e  1307  1321  1000
e  1308  1357  891
e  1308  1356  41
e  1309  1318  891
e  1310  1371  640
e  1311  1352  273
e  1311  1450  613
e  1312  1352  549
e  1313  1334  747
e  1313  1320  917
e  1314  1328  965
e  1314  1334  284
e  1315  1338  157
e  1315  1337  939
e  1315  1327  140
e  1316  1356  472
e  1316  1369  891
e  1316  1355  1000
e  1317  1330  192
e  1317  1335  67
e  1318  1395  640
e  1318  1319  691
e  1319  1405  640
e  1319  1370  41
e  1319  1357  652
e  1320  1361  747
e  1320  1360  235
e  1321  1355  646
e  1321  1324  109
e  1322  1339  408
e  1323  1341  921
e  1323  1340  795
e  1323  1331  365
e  1324  1368  646
e  1324  1343  819
e  1325  1383  860
e  1325  1326  110
e  1326  1394  860
e  1326  1588  784
e  1326  1506  126
e  1327  1328  939
e  1328  1337  140
e  1328  1358  284
e  1329  1338  830
e  1330  1387  885
e  1330  1411  66
e  1330  1424  256
e  1330  1364  67
e  1331  1336  795
e  1332  1420  33
e  1332  1400  795
e  1333  1343  117
e  1334  1358  965
e  1334  1409  235
e  1334  1361  917
e  1335  1364  192
e  1335  1346  650
e  1336  1340  365
e  1336  1353  405
e  1336  1388  802
e  1337  1379  157
e  1337  1384  284
e  1338  1345  735
e  1338  1509  198
e  1338  1379  939
e  1339  1363  327
e  1339  1385  526
e  1340  1348  405
e  1341  1344  405
e  1342  1344  958
e  1343  1374  646
e  1343  1351  290
e  1344  1349  422
e  1344  1347  795
e  1345  1462  198
e  1346  1380  192
e  1346  1363  256
e  1347  1348  921
e  1347  1354  422
e  1347  1365  365
e  1348  1353  365
e  1349  1354  795
e  1350  1414  849
e  1350  1622  596
e  1350  1621  795
e  1350  1373  498
e  1351  1476  646
e  1351  1558  959
e  1351  1517  223
e  1352  1372  23
e  1352  1481  613
e  1353  1365  921
e  1353  1397  698
e  1353  1403  802
e  1354  1366  958
e  1354  1378  698
e  1355  1422  891
e  1355  1392  819
e  1355  1368  109
e  1356  1359  891
e  1357  1359  41
e  1358  1384  140
e  1358  1459  157
e  1358  1423  235
e  1359  1370  652
e  1359  1478  640
e  1359  1369  472
e  1360  1382  747
e  1360  1377  277
e  1361  1382  235
e  1362  1375  198
e  1363  1386  192
e  1363  1525  704
e  1363  1396  526
e  1364  1410  256
e  1364  1380  650
e  1365  1390  698
e  1366  1376  698
e  1367  1381  223
e  1368  1374  819
e  1369  1486  640
e  1369  1477  819
e  1369  1422  1000
e  1370  1418  640
e  1371  1398  847
e  1371  1393  459
e  1372  1429  490
e  1372  1488  613
e  1373  1471  795
e  1373  1420  683
e  1374  1392  109
e  1374  1443  891
e  1374  1476  290
e  1375  1453  327
e  1375  1460  830
e  1376  1400  425
e  1376  1378  958
e  1377  1399  747
e  1377  1383  549
e  1378  1413  425
e  1378  1389  365
e  1379  1519  198
e  1379  1406  284
e  1380  1386  256
e  1381  1415  249
e  1381  1421  596
e  1381  1391  884
e  1382  1409  917
e  1382  1434  965
e  1382  1399  277
e  1383  1407  747
e  1383  1394  110
e  1384  1406  157
e  1385  1396  327
e  1386  1410  650
e  1386  1439  66
e  1386  1464  698
e  1386  1540  704
e  1387  1402  66
e  1388  1403  405
e  1388  1402  894
e  1389  1390  422
e  1389  1448  425
e  1390  1469  425
e  1390  1484  256
e  1390  1397  921
e  1391  1432  596
e  1391  1449  959
e  1391  1437  917
e  1392  1428  891
e  1393  1395  847
e  1394  1417  747
e  1394  1637  784
e  1395  1398  459
e  1395  1405  691
e  1396  1490  704
e  1396  1401  408
e  1397  1467  256
e  1397  1426  802
e  1398  1438  162
e  1398  1416  691
e  1399  1407  549
e  1400  1445  33
e  1400  1413  958
e  1401  1453  704
e  1402  1412  405
e  1402  1411  885
e  1403  1426  698
e  1403  1412  894
e  1404  1427  544
e  1404  1451  503
e  1405  1416  459
e  1405  1418  41
e  1406  1522  198
e  1406  1537  235
e  1406  1459  140
e  1407  1458  965
e  1407  1417  110
e  1408  1610  191
e  1408  1619  916
e  1408  1672  333
e  1409  1423  965
e  1410  1424  67
e  1410  1435  66
e  1411  1425  405
e  1411  1430  256
e  1412  1431  698
e  1412  1441  256
e  1412  1425  885
e  1413  1470  33
e  1413  1448  365
e  1414  1528  503
e  1414  1604  596
e  1415  1419  596
e  1416  1433  41
e  1417  1482  965
e  1417  1648  784
e  1418  1433  459
e  1418  1478  652
e  1419  1517  117
e  1419  1516  959
e  1419  1475  884
e  1419  1421  249
e  1420  1445  795
e  1421  1432  884
e  1422  1428  819
e  1423  1508  157
e  1423  1489  549
e  1423  1434  917
e  1424  1430  66
e  1425  1436  256
e  1426  1431  894
e  1427  1442  503
e  1428  1477  1000
e  1428  1504  640
e  1428  1443  109
e  1429  1495  613
e  1430  1436  405
e  1430  1435  67
e  1431  1444  256
e  1432  1475  249
e  1432  1474  959
e  1433  1480  162
e  1433  1647  819
e  1433  1531  652
e  1434  1457  549
e  1435  1440  405
e  1435  1439  650
e  1436  1441  885
e  1436  1447  698
e  1436  1440  67
e  1437  1442  959
e  1438  1479  41
e  1439  1446  405
e  1440  1452  698
e  1440  1446  650
e  1441  1444  698
e  1442  1449  917
e  1442  1451  544
e  1443  1530  640
e  1443  1594  959
e  1443  1582  290
e  1444  1468  802
e  1444  1501  425
e  1444  1465  650
e  1444  1447  885
e  1445  1471  683
e  1445  1470  958
e  1446  1454  698
e  1447  1452  67
e  1448  1493  33
e  1448  1502  256
e  1448  1469  422
e  1449  1474  596
e  1449  1473  544
e  1450  1481  273
e  1450  1487  359
e  1451  1473  917
e  1451  1485  596
e  1451  1472  549
e  1452  1454  650
e  1453  1490  408
e  1453  1510  830
e  1454  1466  885
e  1454  1538  425
e  1454  1590  704
e  1454  1463  66
e  1455  1672  250
e  1455  1696  916
e  1456  1564  916
e  1456  1547  784
e  1456  1523  975
e  1457  1458  277
e  1457  1489  917
e  1458  1496  917
e  1458  1482  110
e  1459  1508  235
e  1460  1461  916
e  1460  1510  327
e  1461  1462  880
e  1461  1534  327
e  1461  1550  284
e  1461  1520  735
e  1462  1509  735
e  1463  1464  405
e  1463  1575  704
e  1464  1546  704
e  1465  1466  67
e  1465  1503  425
e  1466  1511  425
e  1467  1468  894
e  1467  1484  921
e  1467  1492  425
e  1468  1497  425
e  1469  1491  256
e  1470  1527  683
e  1470  1557  256
e  1470  1493  365
e  1471  1621  498
e  1471  1628  596
e  1471  1527  958
e  1472  1494  596
e  1472  1528  429
e  1473  1483  596
e  1474  1498  249
e  1474  1572  117
e  1474  1483  544
e  1475  1498  959
e  1476  1582  891
e  1476  1568  959
e  1477  1500  640
e  1478  1531  459
e  1478  1559  819
e  1478  1486  472
e  1479  1480  691
e  1479  1518  847
e  1479  1623  212
e  1480  1667  212
e  1480  1665  819
e  1481  1488  23
e  1481  1499  359
e  1482  1507  917
e  1482  1794  784
e  1483  1576  117
e  1483  1515  549
e  1483  1485  917
e  1484  1491  425
e  1485  1494  549
e  1486  1500  819
e  1487  1499  273
e  1487  1596  41
e  1488  1495  490
e  1488  1521  359
e  1489  1562  157
e  1489  1549  110
e  1489  1496  277
e  1490  1525  526
e  1490  1553  698
e  1490  1574  830
e  1491  1502  422
e  1491  1514  33
e  1491  1513  894
e  1491  1492  921
e  1492  1497  894
e  1493  1505  256
e  1494  1515  917
e  1494  1542  429
e  1495  1561  549
e  1495  1532  359
e  1496  1507  110
e  1497  1513  921
e  1497  1512  650
e  1497  1501  802
e  1498  1516  884
e  1498  1543  117
e  1499  1521  23
e  1499  1560  490
e  1499  1607  41
e  1500  1559  472
e  1500  1583  459
e  1500  1504  1000
e  1501  1503  650
e  1502  1505  33
e  1503  1512  802
e  1503  1544  33
e  1503  1511  67
e  1504  1586  459
e  1504  1530  109
e  1505  1557  365
e  1505  1680  683
e  1505  1579  650
e  1505  1514  422
e  1506  1577  784
e  1506  1548  253
e  1507  1549  277
e  1507  1599  157
e  1508  1537  140
e  1508  1562  549
e  1509  1520  880
e  1509  1519  939
e  1510  1574  408
e  1510  1601  698
e  1510  1534  916
e  1511  1545  33
e  1511  1538  885
e  1512  1526  921
e  1512  1541  33
e  1513  1535  33
e  1513  1526  650
e  1514  1556  650
e  1514  1535  894
e  1515  1605  117
e  1515  1592  429
e  1516  1529  117
e  1517  1529  959
e  1518  1596  212
e  1519  1524  880
e  1519  1522  284
e  1520  1524  939
e  1521  1532  490
e  1522  1533  880
e  1522  1595  235
e  1523  1536  784
e  1524  1533  284
e  1525  1540  192
e  1526  1539  33
e  1527  1591  256
e  1528  1542  596
e  1529  1558  223
e  1529  1581  646
e  1529  1543  884
e  1530  1646  459
e  1530  1618  959
e  1531  1566  819
e  1532  1624  549
e  1532  1629  41
e  1532  1560  23
e  1533  1551  735
e  1533  1571  327
e  1533  1608  235
e  1534  1626  698
e  1534  1565  284
e  1535  1539  650
e  1536  1547  975
e  1536  1573  916
e  1536  1569  352
e  1537  1595  198
e  1537  1600  549
e  1538  1563  33
e  1538  1609  704
e  1539  1556  894
e  1539  1603  422
e  1539  1554  67
e  1539  1541  921
e  1540  1546  698
e  1541  1544  802
e  1542  1592  917
e  1542  1663  117
e  1542  1633  795
e  1542  1604  503
e  1543  1616  646
e  1543  1580  544
e  1543  1572  249
e  1544  1545  67
e  1545  1555  921
e  1545  1739  704
e  1545  1563  885
e  1546  1575  405
e  1546  1552  526
e  1547  1570  916
e  1548  1564  814
e  1549  1589  157
e  1550  1551  939
e  1550  1565  327
e  1551  1567  327
e  1552  1553  192
e  1552  1620  405
e  1552  1602  830
e  1553  1584  830
e  1554  1555  802
e  1554  1642  422
e  1555  1757  704
e  1556  1579  422
e  1557  1591  683
e  1558  1568  646
e  1559  1566  459
e  1560  1617  41
e  1561  1751  963
e  1561  1624  359
e  1562  1600  140
e  1562  1589  110
e  1563  1614  704
e  1564  1570  784
e  1565  1640  698
e  1565  1567  939
e  1566  1647  652
e  1566  1683  162
e  1566  1606  1000
e  1566  1583  472
e  1567  1657  698
e  1567  1571  735
e  1568  1587  891
e  1568  1581  223
e  1569  1593  916
e  1569  1610  508
e  1570  1578  253
e  1570  1573  975
e  1571  1676  698
e  1571  1631  235
e  1572  1576  544
e  1573  1585  253
e  1573  1593  352
e  1574  1584  698
e  1575  1590  66
e  1575  1632  830
e  1575  1620  526
e  1576  1580  249
e  1576  1644  429
e  1576  1605  549
e  1577  1578  814
e  1577  1588  126
e  1578  1585  975
e  1579  1740  683
e  1579  1787  596
e  1579  1603  894
e  1580  1655  646
e  1580  1654  429
e  1581  1611  891
e  1581  1616  884
e  1582  1587  959
e  1583  1586  1000
e  1584  1602  192
e  1584  1661  916
e  1584  1601  408
e  1585  1598  126
e  1585  1613  352
e  1586  1606  472
e  1586  1774  959
e  1586  1646  109
e  1587  1594  290
e  1587  1611  223
e  1588  1637  860
e  1588  1597  975
e  1589  1659  140
e  1589  1675  198
e  1589  1599  277
e  1590  1609  425
e  1590  1641  33
e  1590  1651  830
e  1591  1704  596
e  1591  1680  365
e  1592  1615  117
e  1593  1613  253
e  1593  1612  508
e  1594  1618  640
e  1594  1645  223
e  1595  1608  880
e  1595  1638  549
e  1596  1607  273
e  1596  1623  847
e  1597  1598  814
e  1597  1650  860
e  1598  1666  860
e  1598  1630  352
e  1599  1693  198
e  1600  1638  198
e  1600  1659  110
e  1601  1626  916
e  1602  1627  405
e  1602  1700  284
e  1603  1801  596
e  1603  1642  67
e  1604  1622  849
e  1605  1615  429
e  1606  1733  162
e  1606  1783  959
e  1607  1617  490
e  1607  1636  847
e  1608  1631  327
e  1608  1660  549
e  1609  1614  33
e  1610  1612  916
e  1611  1645  290
e  1611  1682  640
e  1611  1656  884
e  1612  1639  253
e  1612  1736  860
e  1612  1723  333
e  1612  1619  191
e  1613  1630  126
e  1613  1639  508
e  1614  1739  885
e  1614  1658  830
e  1614  1641  425
e  1615  1644  549
e  1615  1681  249
e  1615  1729  646
e  1615  1785  795
e  1615  1663  917
e  1616  1656  891
e  1616  1655  544
e  1617  1629  23
e  1617  1652  847
e  1618  1718  459
e  1618  1664  223
e  1619  1695  333
e  1620  1627  830
e  1621  1625  596
e  1622  1625  795
e  1623  1636  273
e  1623  1667  691
e  1624  1735  41
e  1625  1634  503
e  1625  1628  498
e  1626  1661  408
e  1626  1640  284
e  1627  1632  526
e  1627  1678  33
e  1627  1712  284
e  1628  1635  503
e  1628  1703  256
e  1629  1735  549
e  1629  1685  847
e  1630  1668  860
e  1630  1649  508
e  1631  1711  698
e  1631  1671  549
e  1632  1651  66
e  1632  1662  33
e  1633  1634  849
e  1633  1741  117
e  1633  1643  498
e  1634  1635  498
e  1635  1643  849
e  1635  1709  256
e  1636  1652  490
e  1636  1684  691
e  1637  1648  747
e  1637  1650  975
e  1638  1660  880
e  1638  1670  110
e  1639  1649  126
e  1639  1724  860
e  1640  1677  408
e  1640  1657  939
e  1641  1653  830
e  1642  1802  596
e  1643  1790  117
e  1643  1778  256
e  1644  1654  249
e  1645  1664  640
e  1646  1718  959
e  1647  1665  162
e  1648  1794  965
e  1648  1725  508
e  1648  1669  975
e  1649  1673  860
e  1650  1669  747
e  1650  1674  352
e  1650  1666  814
e  1651  1653  33
e  1652  1685  23
e  1652  1694  691
e  1653  1658  425
e  1653  1662  66
e  1654  1687  646
e  1654  1681  549
e  1655  1689  891
e  1655  1687  429
e  1656  1706  640
e  1656  1689  544
e  1657  1707  408
e  1657  1676  735
e  1658  1777  885
e  1658  1772  284
e  1658  1702  526
e  1658  1679  66
e  1659  1670  198
e  1660  1671  327
e  1661  1677  284
e  1662  1679  425
e  1662  1678  526
e  1663  1741  795
e  1664  1760  429
e  1664  1732  884
e  1664  1682  290
e  1665  1788  212
e  1665  1683  652
e  1666  1668  352
e  1667  1684  273
e  1667  1788  819
e  1668  1674  814
e  1668  1688  747
e  1668  1673  508
e  1669  1697  508
e  1669  1686  352
e  1670  1699  327
e  1670  1710  277
e  1670  1675  140
e  1671  1749  698
e  1671  1698  110
e  1672  1695  916
e  1673  1690  747
e  1673  1724  126
e  1674  1686  747
e  1675  1693  277
e  1676  1755  408
e  1676  1769  33
e  1676  1711  235
e  1677  1701  192
e  1677  1707  939
e  1678  1692  425
e  1678  1715  284
e  1679  1692  526
e  1680  1764  596
e  1680  1740  650
e  1681  1708  646
e  1682  1706  884
e  1683  1733  1000
e  1684  1694  490
e  1684  1791  819
e  1685  1721  691
e  1686  1691  508
e  1686  1688  814
e  1687  1705  891
e  1687  1708  549
e  1688  1690  508
e  1689  1714  640
e  1689  1705  429
e  1690  1691  814
e  1690  1747  333
e  1691  1697  352
e  1692  1702  66
e  1692  1734  284
e  1693  1710  140
e  1693  1719  327
e  1694  1721  23
e  1694  1797  819
e  1695  1723  191
e  1695  1696  250
e  1696  1753  191
e  1696  1763  860
e  1696  1789  538
e  1697  1725  975
e  1698  1699  880
e  1698  1776  698
e  1698  1726  277
e  1699  1717  277
e  1700  1701  916
e  1700  1712  405
e  1701  1720  405
e  1701  1728  33
e  1701  1727  939
e  1702  1750  284
e  1703  1704  958
e  1703  1709  503
e  1704  1713  503
e  1704  1764  365
e  1705  1716  640
e  1705  1730  549
e  1706  1732  290
e  1706  1731  429
e  1706  1714  544
e  1707  1727  192
e  1707  1756  33
e  1707  1755  735
e  1708  1730  891
e  1708  1729  249
e  1709  1778  849
e  1709  1713  958
e  1710  1717  327
e  1711  1780  33
e  1711  1749  549
e  1712  1715  33
e  1712  1720  916
e  1713  1793  365
e  1714  1716  429
e  1715  1734  425
e  1715  1722  916
e  1716  1731  544
e  1716  1759  290
e  1716  1752  549
e  1717  1726  880
e  1717  1719  140
e  1718  1774  109
e  1719  1737  880
e  1720  1722  33
e  1722  1745  425
e  1722  1744  939
e  1722  1728  405
e  1723  1742  860
e  1723  1753  250
e  1724  1743  333
e  1724  1736  253
e  1725  1803  965
e  1726  1804  698
e  1726  1737  140
e  1727  1738  33
e  1728  1738  939
e  1729  1758  891
e  1729  1805  795
e  1730  1752  640
e  1730  1758  249
e  1731  1746  290
e  1732  1746  429
e  1733  1796  959
e  1734  1750  66
e  1734  1745  916
e  1736  1742  333
e  1738  1744  405
e  1738  1770  735
e  1738  1756  192
e  1739  1757  921
e  1739  1777  830
e  1740  1773  596
e  1741  1785  917
e  1741  1790  498
e  1742  1743  253
e  1742  1754  747
e  1742  1761  250
e  1743  1748  747
e  1744  1762  425
e  1744  1781  735
e  1745  1771  66
e  1745  1762  939
e  1746  1760  884
e  1746  1759  544
e  1747  1748  126
e  1747  1775  250
e  1748  1768  250
e  1748  1754  253
e  1749  1810  33
e  1749  1776  110
e  1750  1772  526
e  1750  1771  916
e  1752  1779  249
e  1753  1761  860
e  1754  1765  250
e  1755  1766  33
e  1756  1766  735
e  1757  1782  830
e  1758  1779  640
e  1758  1808  795
e  1761  1765  747
e  1761  1763  191
e  1762  1784  66
e  1762  1792  735
e  1763  1767  747
e  1764  1793  503
e  1764  1773  650
e  1765  1768  253
e  1765  1767  191
e  1766  1770  192
e  1766  1786  235
e  1766  1769  408
e  1768  1775  126
e  1769  1780  235
e  1770  1781  405
e  1770  1795  235
e  1771  1784  939
e  1773  1800  503
e  1773  1787  683
e  1774  1783  472
e  1776  1804  277
e  1777  1782  921
e  1778  1809  117
e  1779  1811  795
e  1780  1786  408
e  1780  1810  549
e  1781  1792  425
e  1781  1799  235
e  1783  1796  162
e  1785  1805  646
e  1786  1795  192
e  1787  1801  894
e  1788  1791  273
e  1789  1798  346
e  1790  1809  256
e  1791  1797  490
e  1792  1806  235
e  1793  1800  650
e  1794  1803  508
e  1795  1799  405
e  1798  1807  964
e  1799  1806  425
e  1801  1802  67
e  1805  1808  891
e  1808  1811  640
