p   edge 2235  4262
e  0  1221  557
e  0  434  417
e  0  99  447
e  1  2  845
e  1  845  666
e  2  3  211
e  2  186  203
e  2  246  666
e  3  4  203
e  4  5  388
e  4  177  666
e  4  186  211
e  5  6  895
e  5  146  666
e  6  7  41
e  6  105  666
e  7  8  370
e  7  100  666
e  8  9  666
e  9  10  436
e  9  100  370
e  10  11  334
e  10  103  370
e  11  12  710
e  11  107  370
e  12  13  564
e  12  156  370
e  13  14  992
e  13  184  370
e  14  15  17
e  14  194  370
e  15  16  318
e  15  210  757
e  15  214  370
e  16  17  103
e  16  127  757
e  17  18  757
e  18  19  835
e  18  127  103
e  19  20  512
e  19  222  103
e  20  21  560
e  20  128  998
e  20  248  103
e  21  22  998
e  22  23  245
e  22  128  560
e  23  24  630
e  23  104  35
e  23  197  560
e  24  25  35
e  25  26  504
e  25  104  630
e  26  27  639
e  26  117  630
e  27  28  164
e  27  112  677
e  27  142  630
e  28  29  677
e  29  30  275
e  29  112  164
e  30  31  111
e  30  120  164
e  31  32  355
e  31  143  737
e  31  129  164
e  32  33  52
e  32  138  737
e  33  34  496
e  33  109  737
e  34  35  737
e  35  36  950
e  35  109  496
e  36  37  962
e  36  122  496
e  37  38  974
e  37  114  707
e  37  202  52
e  37  153  496
e  38  39  707
e  39  40  529
e  39  133  524
e  39  114  974
e  40  41  524
e  41  42  57
e  41  133  529
e  42  43  946
e  42  189  429
e  42  140  529
e  43  44  211
e  43  113  429
e  44  45  429
e  45  46  730
e  45  130  504
e  45  113  211
e  46  47  182
e  46  115  504
e  47  48  618
e  47  106  504
e  48  49  504
e  49  50  95
e  49  123  826
e  49  106  618
e  50  51  826
e  51  52  693
e  51  123  95
e  52  53  923
e  52  110  434
e  52  134  95
e  53  54  758
e  53  102  434
e  54  55  434
e  55  56  488
e  55  118  450
e  55  102  758
e  56  57  450
e  57  58  51
e  57  173  114
e  57  118  488
e  58  59  423
e  58  167  114
e  59  60  637
e  59  144  114
e  60  61  114
e  61  62  662
e  61  144  637
e  62  63  155
e  62  176  637
e  63  64  25
e  63  149  236
e  63  200  637
e  64  65  236
e  65  66  619
e  65  139  207
e  65  149  25
e  66  67  659
e  66  124  207
e  67  68  347
e  67  101  207
e  68  69  207
e  69  70  318
e  69  101  347
e  70  71  404
e  70  135  347
e  71  72  805
e  71  195  228
e  71  150  347
e  72  73  98
e  72  192  228
e  73  74  395
e  73  174  228
e  74  75  110
e  74  136  228
e  75  76  754
e  75  131  228
e  76  77  228
e  77  78  983
e  77  131  754
e  78  79  515
e  78  145  9
e  78  256  890
e  78  302  98
e  78  159  754
e  79  80  557
e  79  119  9
e  80  81  9
e  81  82  447
e  81  116  890
e  81  119  557
e  82  83  890
e  83  84  680
e  83  116  447
e  84  85  343
e  84  179  759
e  84  164  447
e  85  86  438
e  85  170  759
e  86  87  759
e  87  88  683
e  87  207  447
e  87  170  438
e  88  89  899
e  88  230  207
e  88  220  447
e  89  90  992
e  89  125  207
e  90  91  814
e  90  108  207
e  91  92  207
e  92  93  166
e  92  160  52
e  92  108  814
e  93  94  417
e  93  132  52
e  94  95  52
e  95  96  428
e  95  132  417
e  96  97  173
e  96  121  284
e  96  141  417
e  97  98  284
e  98  99  70
e  98  121  173
e  99  137  173
e  100  103  436
e  100  105  41
e  101  135  318
e  101  168  404
e  101  155  619
e  101  124  659
e  102  163  450
e  102  110  923
e  103  107  334
e  103  111  41
e  104  117  504
e  104  187  639
e  104  223  560
e  105  111  436
e  105  146  895
e  106  154  826
e  106  115  182
e  107  156  710
e  107  126  41
e  108  267  52
e  108  291  284
e  108  125  992
e  109  122  950
e  109  138  52
e  110  212  450
e  110  252  618
e  110  240  95
e  111  126  334
e  111  157  895
e  112  120  275
e  112  178  630
e  113  147  504
e  113  189  946
e  114  158  524
e  114  216  52
e  115  172  826
e  115  166  211
e  115  130  730
e  116  164  680
e  116  151  557
e  117  142  639
e  118  253  114
e  118  163  758
e  119  151  890
e  119  145  515
e  120  129  111
e  120  188  630
e  121  137  70
e  121  165  417
e  122  153  962
e  122  148  52
e  123  134  693
e  123  154  618
e  124  139  619
e  125  342  284
e  125  290  557
e  125  270  447
e  125  230  899
e  126  196  710
e  126  181  895
e  127  222  835
e  127  326  370
e  127  210  318
e  128  197  245
e  128  312  35
e  128  299  103
e  129  215  737
e  129  201  630
e  130  147  211
e  131  159  983
e  131  136  110
e  132  141  428
e  132  160  166
e  133  140  57
e  133  158  974
e  134  240  434
e  134  162  618
e  135  150  404
e  136  169  983
e  136  174  395
e  137  183  417
e  138  148  950
e  138  143  355
e  139  155  659
e  139  266  404
e  139  328  637
e  139  285  25
e  140  211  429
e  140  161  974
e  141  165  284
e  141  180  166
e  142  178  677
e  142  187  504
e  143  152  950
e  143  215  164
e  144  176  662
e  144  167  423
e  145  175  890
e  146  157  436
e  146  177  388
e  147  166  730
e  147  203  826
e  147  238  974
e  147  226  946
e  148  171  962
e  148  152  355
e  149  285  207
e  149  244  637
e  150  254  228
e  150  241  619
e  150  168  318
e  151  185  680
e  151  175  515
e  152  182  962
e  152  261  164
e  153  171  52
e  154  162  693
e  154  172  182
e  155  205  404
e  156  184  564
e  156  196  41
e  157  181  334
e  157  209  388
e  158  161  57
e  158  258  52
e  159  287  98
e  159  169  110
e  160  180  428
e  160  231  284
e  160  267  814
e  161  217  429
e  161  280  504
e  161  265  52
e  162  243  434
e  162  251  211
e  162  191  182
e  163  283  114
e  163  212  923
e  164  193  759
e  164  185  557
e  165  183  70
e  165  199  166
e  166  190  826
e  167  208  662
e  167  173  51
e  168  205  619
e  169  255  98
e  169  213  395
e  170  198  447
e  170  179  343
e  171  202  496
e  171  224  707
e  171  182  355
e  172  191  693
e  172  190  211
e  173  218  662
e  173  253  488
e  174  213  983
e  174  192  98
e  175  228  680
e  175  319  759
e  175  256  9
e  176  200  155
e  176  208  423
e  177  209  436
e  177  221  211
e  178  188  275
e  178  327  560
e  178  313  504
e  179  193  447
e  180  199  284
e  181  260  710
e  181  350  564
e  181  275  388
e  182  235  707
e  182  353  630
e  182  338  164
e  183  435  447
e  183  693  557
e  183  242  166
e  184  194  992
e  184  234  41
e  185  206  759
e  185  228  515
e  186  221  666
e  187  313  677
e  187  277  560
e  188  201  111
e  188  346  560
e  189  226  504
e  189  225  974
e  189  211  529
e  190  204  693
e  190  203  730
e  191  204  211
e  192  227  983
e  192  195  805
e  193  198  343
e  193  206  557
e  194  214  17
e  194  247  41
e  195  237  983
e  195  254  347
e  196  234  564
e  196  260  895
e  197  223  35
e  198  207  438
e  198  219  557
e  199  242  70
e  199  303  814
e  199  231  428
e  200  244  236
e  200  262  423
e  201  263  737
e  201  380  560
e  202  216  707
e  203  239  693
e  203  281  974
e  204  251  182
e  204  295  434
e  204  239  730
e  205  241  318
e  205  344  228
e  205  266  659
e  206  219  343
e  206  245  515
e  207  220  683
e  207  229  557
e  208  262  155
e  208  218  51
e  209  275  334
e  209  268  211
e  210  274  370
e  211  217  974
e  212  337  114
e  212  404  618
e  213  227  98
e  214  274  757
e  214  293  41
e  215  261  950
e  215  263  630
e  216  258  524
e  216  249  355
e  216  224  496
e  217  225  529
e  217  236  504
e  218  269  155
e  218  284  488
e  219  229  438
e  219  257  683
e  220  259  207
e  220  233  557
e  221  268  436
e  221  246  203
e  222  248  512
e  222  352  998
e  222  369  370
e  223  277  639
e  223  397  103
e  223  312  245
e  224  235  355
e  225  232  504
e  226  232  974
e  227  255  395
e  227  237  805
e  228  245  759
e  229  233  683
e  230  259  447
e  231  271  814
e  232  238  946
e  232  236  529
e  233  264  207
e  233  296  515
e  233  257  438
e  234  247  992
e  234  276  895
e  235  249  496
e  235  278  524
e  235  367  630
e  236  250  946
e  236  315  826
e  236  310  52
e  236  280  429
e  237  286  395
e  237  317  110
e  237  292  347
e  238  281  826
e  238  250  529
e  239  304  974
e  240  243  618
e  241  308  228
e  242  640  557
e  242  320  814
e  243  252  95
e  243  282  211
e  244  307  207
e  244  309  423
e  245  289  683
e  245  407  98
e  245  363  9
e  245  319  680
e  246  331  436
e  246  1603  757
e  246  845  845
e  247  293  17
e  247  298  895
e  248  299  998
e  249  272  524
e  250  300  826
e  251  282  434
e  252  404  450
e  252  333  211
e  253  284  662
e  253  283  758
e  254  292  983
e  254  308  619
e  255  287  110
e  255  286  805
e  256  341  759
e  256  362  98
e  257  288  515
e  258  265  57
e  258  272  355
e  259  270  899
e  259  264  557
e  260  276  564
e  261  338  962
e  261  297  630
e  262  309  236
e  262  269  51
e  263  297  950
e  263  392  560
e  264  273  899
e  264  311  515
e  265  305  504
e  265  279  355
e  266  381  228
e  266  394  637
e  267  271  284
e  268  325  334
e  268  331  203
e  269  316  236
e  269  323  488
e  270  273  557
e  271  303  428
e  271  365  70
e  271  390  992
e  271  291  52
e  272  279  57
e  272  278  496
e  273  290  447
e  273  412  284
e  273  335  515
e  274  326  318
e  274  454  998
e  274  329  41
e  275  371  564
e  275  325  211
e  276  298  992
e  276  376  388
e  276  350  710
e  277  321  677
e  277  448  370
e  277  420  103
e  278  294  57
e  278  382  630
e  279  314  504
e  279  294  496
e  280  305  52
e  281  304  693
e  281  300  529
e  282  333  95
e  282  496  974
e  282  295  182
e  283  306  662
e  283  337  923
e  284  323  155
e  284  306  758
e  285  307  637
e  286  301  110
e  287  302  754
e  287  301  805
e  288  289  343
e  288  296  438
e  288  334  207
e  289  364  207
e  289  431  98
e  290  385  284
e  291  342  992
e  292  345  110
e  292  340  619
e  293  329  757
e  293  332  895
e  294  330  504
e  294  393  630
e  295  356  974
e  296  311  207
e  297  347  962
e  297  510  504
e  297  452  560
e  298  332  17
e  298  417  757
e  298  402  388
e  299  372  35
e  299  379  370
e  299  352  512
e  300  324  693
e  300  315  946
e  301  318  754
e  301  317  395
e  302  362  890
e  302  318  805
e  303  320  70
e  304  357  434
e  304  324  529
e  305  310  429
e  305  314  355
e  306  339  155
e  306  358  923
e  307  328  25
e  307  478  404
e  307  359  423
e  308  340  983
e  308  344  318
e  309  359  207
e  309  316  51
e  310  336  826
e  310  322  355
e  311  335  899
e  311  490  347
e  311  334  438
e  312  372  103
e  313  321  560
e  314  322  429
e  314  330  496
e  315  336  52
e  316  368  207
e  316  348  488
e  317  345  347
e  318  370  890
e  318  360  347
e  319  341  9
e  320  443  557
e  320  365  428
e  321  327  504
e  321  386  275
e  321  460  370
e  322  349  826
e  322  343  496
e  323  348  236
e  323  339  758
e  324  409  434
e  324  354  52
e  325  395  564
e  325  537  203
e  326  369  835
e  326  418  998
e  327  346  275
e  328  394  404
e  329  491  998
e  329  351  895
e  330  343  429
e  330  398  630
e  331  537  334
e  331  629  564
e  331  1173  757
e  332  351  757
e  333  425  450
e  333  513  974
e  334  481  347
e  334  364  343
e  335  466  284
e  335  517  347
e  336  355  693
e  336  349  355
e  337  358  662
e  337  465  618
e  338  347  630
e  339  366  236
e  339  426  923
e  340  445  759
e  340  561  637
e  340  449  318
e  341  363  680
e  341  375  98
e  342  390  52
e  342  385  557
e  343  378  826
e  343  423  630
e  344  449  983
e  344  381  659
e  345  361  754
e  345  428  759
e  346  380  111
e  346  421  737
e  346  386  504
e  347  353  164
e  347  373  707
e  347  493  504
e  348  388  207
e  348  366  758
e  349  374  693
e  349  378  496
e  350  371  388
e  351  526  998
e  351  540  35
e  351  539  211
e  351  508  388
e  351  417  17
e  352  377  370
e  353  367  707
e  354  355  946
e  354  415  434
e  354  387  355
e  355  374  355
e  356  357  730
e  356  496  182
e  356  553  450
e  356  462  52
e  357  424  52
e  357  409  529
e  358  426  155
e  358  556  211
e  358  476  618
e  359  505  404
e  359  477  488
e  359  368  51
e  360  361  395
e  360  383  890
e  361  405  890
e  362  375  759
e  362  370  805
e  363  389  98
e  364  441  98
e  365  432  557
e  366  399  207
e  366  453  923
e  367  382  524
e  367  373  164
e  368  388  488
e  369  377  998
e  370  384  759
e  370  383  347
e  371  376  710
e  371  395  211
e  372  397  245
e  372  403  370
e  373  396  524
e  373  473  504
e  374  387  946
e  374  410  496
e  375  389  680
e  375  384  805
e  376  402  992
e  376  401  211
e  377  379  512
e  377  455  35
e  377  469  318
e  377  418  835
e  378  410  693
e  378  436  630
e  379  403  35
e  380  392  737
e  381  489  983
e  381  437  637
e  382  393  57
e  382  396  164
e  383  391  759
e  383  405  395
e  384  400  680
e  384  391  347
e  385  413  52
e  385  412  447
e  386  472  737
e  386  501  370
e  387  440  434
e  387  494  496
e  388  477  51
e  388  399  758
e  389  407  9
e  389  400  805
e  390  413  557
e  391  406  680
e  391  411  395
e  392  452  950
e  392  546  370
e  392  421  111
e  393  398  504
e  393  408  164
e  394  437  228
e  394  478  25
e  395  401  710
e  395  538  992
e  395  588  203
e  396  408  57
e  396  422  504
e  397  420  639
e  397  419  370
e  398  423  429
e  398  414  164
e  399  497  51
e  399  528  404
e  399  611  228
e  399  486  923
e  400  406  347
e  401  416  992
e  402  468  757
e  402  416  211
e  403  419  245
e  403  470  639
e  403  455  512
e  404  465  114
e  404  425  211
e  405  411  759
e  406  430  9
e  406  458  683
e  406  446  395
e  407  431  683
e  407  429  347
e  408  414  504
e  409  415  52
e  410  494  946
e  410  512  434
e  410  461  630
e  411  446  680
e  411  463  619
e  411  427  754
e  412  464  52
e  412  466  515
e  413  433  70
e  413  464  447
e  414  456  429
e  414  474  826
e  414  422  57
e  415  424  529
e  415  440  355
e  416  487  757
e  416  538  710
e  417  468  388
e  418  454  318
e  419  438  639
e  420  438  370
e  421  472  504
e  422  600  560
e  422  548  962
e  422  473  524
e  423  436  826
e  423  456  164
e  424  462  730
e  424  495  355
e  425  475  114
e  425  527  974
e  426  453  236
e  426  585  211
e  427  428  890
e  427  450  619
e  428  444  619
e  429  430  805
e  429  439  683
e  430  442  683
e  431  441  207
e  431  439  347
e  432  433  992
e  432  443  428
e  433  484  428
e  433  483  447
e  434  435  173
e  434  933  557
e  435  796  557
e  436  461  693
e  436  459  164
e  437  502  983
e  437  558  758
e  437  529  25
e  438  448  103
e  438  471  677
e  438  574  41
e  438  470  245
e  439  447  207
e  439  442  805
e  440  495  529
e  440  551  730
e  440  594  630
e  440  504  496
e  441  447  347
e  442  451  207
e  442  458  9
e  443  640  814
e  443  1089  347
e  443  568  447
e  443  484  992
e  444  445  110
e  444  450  890
e  445  457  890
e  445  582  637
e  446  498  683
e  446  467  619
e  447  482  343
e  447  451  805
e  448  460  677
e  449  522  637
e  449  489  659
e  450  463  754
e  450  479  680
e  450  457  110
e  451  499  343
e  451  530  619
e  451  480  9
e  452  569  504
e  452  592  370
e  453  486  207
e  453  601  211
e  454  469  835
e  454  492  35
e  454  491  41
e  455  488  318
e  456  459  826
e  457  514  680
e  457  625  637
e  458  480  207
e  458  498  395
e  459  511  693
e  459  636  560
e  459  474  429
e  460  501  275
e  460  471  103
e  461  534  434
e  461  511  164
e  462  584  450
e  462  595  662
e  462  520  355
e  463  467  680
e  464  483  70
e  465  476  662
e  465  475  211
e  466  567  70
e  466  613  347
e  467  503  683
e  467  479  754
e  468  508  17
e  468  487  211
e  469  488  35
e  470  542  41
e  471  545  275
e  471  580  41
e  472  524  370
e  473  493  707
e  474  604  560
e  475  485  662
e  476  485  211
e  477  516  404
e  477  497  758
e  478  529  228
e  478  505  423
e  479  563  207
e  479  514  110
e  480  515  619
e  480  506  395
e  481  482  98
e  481  490  438
e  482  500  438
e  482  499  805
e  483  523  428
e  483  566  515
e  484  523  447
e  485  556  618
e  485  597  155
e  485  554  974
e  486  643  228
e  486  610  211
e  487  518  17
e  487  738  203
e  487  659  710
e  488  519  41
e  488  492  835
e  489  502  637
e  490  517  899
e  490  500  98
e  491  509  35
e  491  526  895
e  492  509  41
e  493  510  962
e  494  504  434
e  495  520  730
e  496  513  95
e  497  521  404
e  498  506  207
e  498  503  619
e  499  525  438
e  499  571  619
e  500  531  899
e  500  525  805
e  501  524  737
e  501  545  103
e  502  522  659
e  502  627  759
e  502  618  758
e  503  507  207
e  504  550  630
e  504  512  946
e  505  533  228
e  505  516  488
e  506  507  619
e  507  515  395
e  507  564  9
e  507  720  637
e  507  562  754
e  508  518  211
e  509  519  835
e  509  532  895
e  510  549  524
e  510  569  560
e  511  606  434
e  511  649  560
e  512  534  630
e  513  527  450
e  514  579  207
e  514  628  637
e  515  530  9
e  516  535  228
e  516  521  758
e  517  613  284
e  517  531  98
e  518  539  388
e  518  716  35
e  518  1034  203
e  519  544  639
e  519  541  895
e  520  617  662
e  520  551  529
e  521  536  228
e  521  528  51
e  522  561  318
e  522  616  759
e  523  568  992
e  523  614  515
e  524  547  111
e  524  572  103
e  525  565  899
e  525  586  619
e  526  532  35
e  527  555  662
e  527  552  182
e  528  557  228
e  529  533  423
e  530  571  343
e  530  564  395
e  531  639  284
e  531  565  805
e  532  541  835
e  532  589  639
e  532  540  998
e  533  535  488
e  534  550  946
e  534  606  164
e  535  536  758
e  536  560  25
e  536  557  51
e  537  588  564
e  538  659  757
e  538  680  203
e  539  689  35
e  540  660  639
e  540  689  211
e  541  570  639
e  542  543  318
e  542  574  245
e  543  544  512
e  543  577  895
e  544  570  895
e  545  572  737
e  546  547  504
e  546  592  950
e  547  633  103
e  548  549  707
e  548  593  560
e  549  583  560
e  550  594  496
e  550  699  662
e  550  691  164
e  551  652  662
e  551  657  630
e  552  553  95
e  552  573  662
e  553  575  662
e  553  584  52
e  554  555  114
e  554  645  155
e  554  665  207
e  554  621  52
e  554  576  182
e  555  573  182
e  556  585  155
e  557  612  25
e  557  677  983
e  557  653  923
e  557  611  404
e  558  559  488
e  558  618  983
e  559  560  423
e  559  624  983
e  560  638  983
e  560  612  51
e  561  582  759
e  562  563  683
e  562  686  637
e  562  581  110
e  563  579  110
e  564  622  343
e  564  726  637
e  565  656  284
e  565  602  619
e  566  567  52
e  566  614  428
e  566  678  347
e  567  667  347
e  568  963  347
e  568  684  515
e  569  583  524
e  569  662  826
e  569  646  370
e  570  577  512
e  570  619  677
e  570  589  835
e  571  586  438
e  571  622  395
e  572  633  111
e  572  631  41
e  573  576  114
e  573  575  95
e  574  580  677
e  574  590  895
e  575  578  114
e  575  587  52
e  576  608  52
e  576  578  95
e  577  591  245
e  577  603  677
e  578  596  52
e  579  581  683
e  579  641  637
e  580  632  737
e  580  598  895
e  581  648  637
e  582  625  890
e  582  616  318
e  583  593  707
e  583  634  826
e  584  587  662
e  585  601  236
e  585  597  618
e  586  602  899
e  586  655  395
e  587  596  114
e  587  595  450
e  588  680  992
e  588  737  757
e  588  629  334
e  589  651  677
e  589  660  998
e  590  591  318
e  590  598  677
e  591  599  677
e  592  646  504
e  592  681  103
e  593  600  962
e  593  620  826
e  594  657  730
e  594  683  662
e  595  607  114
e  595  617  355
e  596  608  95
e  596  626  355
e  596  607  450
e  597  609  236
e  597  637  207
e  597  645  974
e  598  642  737
e  598  599  318
e  599  661  737
e  599  630  512
e  599  603  245
e  600  605  826
e  601  610  207
e  601  609  618
e  602  672  284
e  602  666  395
e  603  619  512
e  604  605  57
e  604  636  429
e  604  698  370
e  604  635  962
e  605  620  962
e  606  691  946
e  606  816  662
e  606  730  560
e  607  623  355
e  608  621  182
e  608  664  355
e  609  615  207
e  610  734  228
e  610  615  618
e  611  643  923
e  612  654  983
e  613  667  70
e  613  639  98
e  614  684  992
e  614  727  347
e  615  755  228
e  615  650  974
e  615  637  236
e  616  702  890
e  616  627  659
e  617  623  114
e  617  652  529
e  618  658  759
e  618  624  488
e  619  630  245
e  619  651  835
e  620  635  57
e  620  685  370
e  620  634  707
e  621  669  207
e  621  692  355
e  622  655  438
e  622  731  637
e  623  626  450
e  623  663  529
e  624  670  759
e  624  638  423
e  625  628  680
e  625  702  318
e  626  664  95
e  626  721  207
e  626  700  630
e  627  708  890
e  627  658  758
e  628  641  207
e  628  709  318
e  629  821  757
e  630  704  737
e  631  632  275
e  631  690  111
e  631  644  895
e  632  642  895
e  633  682  950
e  633  690  41
e  634  675  370
e  634  662  524
e  635  687  370
e  636  649  693
e  636  710  370
e  637  647  974
e  638  688  759
e  638  654  51
e  639  723  70
e  639  656  805
e  640  693  166
e  640  1121  347
e  641  648  683
e  641  718  758
e  642  644  275
e  642  661  318
e  643  653  404
e  643  734  211
e  644  695  111
e  644  674  318
e  645  647  207
e  646  673  826
e  646  747  103
e  647  650  236
e  647  671  52
e  647  665  155
e  648  686  110
e  648  736  758
e  649  730  434
e  649  715  370
e  650  770  228
e  650  676  52
e  651  743  737
e  651  740  211
e  652  663  114
e  652  668  630
e  653  756  983
e  653  778  211
e  654  707  759
e  654  677  25
e  655  666  899
e  656  672  619
e  657  668  662
e  658  711  890
e  658  670  488
e  659  697  203
e  660  724  211
e  661  674  275
e  661  704  512
e  662  673  370
e  663  679  630
e  664  692  182
e  664  696  207
e  665  669  52
e  666  786  284
e  666  765  637
e  667  678  52
e  667  723  98
e  668  679  114
e  668  683  730
e  669  671  155
e  669  694  355
e  670  732  890
e  670  759  207
e  670  688  423
e  671  676  236
e  671  703  355
e  672  768  70
e  672  830  637
e  672  786  395
e  673  675  524
e  673  807  895
e  673  797  103
e  674  794  111
e  674  898  211
e  674  744  512
e  675  685  707
e  675  748  57
e  675  832  895
e  676  783  228
e  676  706  355
e  677  757  759
e  677  756  923
e  678  727  428
e  678  769  98
e  679  701  450
e  679  751  496
e  679  705  730
e  680  697  757
e  681  682  504
e  681  747  504
e  681  745  895
e  682  728  41
e  683  705  114
e  683  699  496
e  684  818  347
e  685  687  57
e  686  720  754
e  686  764  343
e  687  698  962
e  687  750  693
e  687  748  707
e  688  775  207
e  688  707  51
e  689  724  639
e  689  716  388
e  690  728  950
e  690  695  895
e  691  776  662
e  692  694  207
e  693  796  447
e  693  1129  347
e  694  703  155
e  694  696  182
e  695  729  950
e  695  794  318
e  696  712  155
e  696  721  95
e  697  738  710
e  697  1263  737
e  697  914  334
e  697  737  992
e  698  710  429
e  699  725  114
e  699  776  164
e  700  701  529
e  700  752  207
e  701  777  207
e  701  790  496
e  702  709  680
e  702  708  659
e  703  706  236
e  703  712  182
e  704  744  275
e  704  742  835
e  705  725  496
e  706  810  228
e  706  826  630
e  706  717  182
e  707  791  207
e  707  757  25
e  708  711  758
e  709  713  758
e  710  715  693
e  711  714  680
e  711  732  488
e  712  717  236
e  713  714  659
e  713  719  207
e  714  722  207
e  714  733  488
e  715  784  434
e  715  910  895
e  715  749  962
e  716  739  639
e  716  1051  203
e  717  785  630
e  717  753  95
e  718  719  318
e  718  736  683
e  719  722  659
e  720  726  9
e  721  754  236
e  721  752  630
e  722  735  488
e  723  769  52
e  723  767  619
e  724  741  677
e  724  739  388
e  725  751  730
e  725  825  450
e  725  836  207
e  725  798  164
e  726  731  343
e  727  818  992
e  727  862  619
e  727  817  98
e  728  729  895
e  729  746  504
e  729  789  504
e  729  815  318
e  730  851  662
e  730  784  370
e  731  766  899
e  731  763  754
e  732  733  680
e  733  735  207
e  734  778  404
e  734  755  618
e  735  762  683
e  735  780  423
e  735  758  890
e  736  828  343
e  736  760  488
e  737  821  334
e  738  1034  17
e  738  1062  35
e  738  1176  737
e  739  782  677
e  739  1063  203
e  740  741  998
e  740  793  737
e  740  792  388
e  741  782  388
e  742  743  245
e  742  806  275
e  742  814  211
e  743  793  211
e  744  834  211
e  744  806  835
e  745  746  41
e  745  771  504
e  746  773  504
e  747  797  826
e  747  771  895
e  748  824  693
e  749  750  429
e  749  872  895
e  750  868  895
e  750  824  707
e  751  790  450
e  752  772  236
e  752  777  529
e  753  754  155
e  753  774  630
e  754  772  630
e  755  801  404
e  755  770  974
e  756  788  759
e  756  843  211
e  757  788  923
e  758  759  680
e  758  779  423
e  759  775  423
e  760  761  659
e  760  858  343
e  760  888  423
e  761  762  318
e  761  857  423
e  762  795  423
e  763  764  9
e  763  812  899
e  763  837  758
e  764  827  758
e  765  766  438
e  765  804  284
e  765  860  758
e  765  829  754
e  766  812  754
e  767  768  805
e  767  781  52
e  768  787  52
e  768  895  637
e  769  817  428
e  769  781  619
e  770  811  404
e  770  783  52
e  771  800  826
e  771  773  41
e  772  774  155
e  772  805  529
e  773  803  826
e  773  789  504
e  774  785  95
e  774  900  228
e  774  809  529
e  775  779  680
e  775  791  51
e  776  798  114
e  776  816  946
e  777  805  236
e  777  808  496
e  778  843  983
e  778  854  974
e  778  801  618
e  779  780  890
e  779  799  51
e  780  795  683
e  780  802  51
e  781  831  428
e  781  787  805
e  782  792  998
e  782  846  737
e  782  1077  203
e  783  820  404
e  783  810  355
e  784  880  662
e  784  936  895
e  785  826  182
e  785  853  228
e  786  804  637
e  787  861  428
e  787  932  637
e  788  856  207
e  788  863  211
e  789  848  826
e  789  841  318
e  790  808  207
e  790  825  730
e  791  799  680
e  791  855  923
e  792  819  737
e  793  814  245
e  793  847  275
e  793  819  388
e  794  815  950
e  795  857  318
e  795  813  51
e  796  933  173
e  796  1140  347
e  797  800  895
e  798  865  207
e  798  902  560
e  798  873  946
e  799  802  890
e  799  874  923
e  800  807  103
e  800  803  41
e  801  811  974
e  802  813  683
e  802  887  923
e  803  823  103
e  803  839  524
e  803  955  318
e  803  848  504
e  804  830  395
e  804  943  70
e  804  891  758
e  805  809  155
e  805  842  496
e  806  822  211
e  807  832  524
e  807  823  41
e  808  842  236
e  808  833  730
e  809  912  228
e  809  852  496
e  810  866  404
e  810  840  630
e  811  854  618
e  811  820  52
e  812  829  438
e  812  838  758
e  813  928  318
e  813  1021  343
e  813  894  923
e  814  822  275
e  815  841  504
e  816  873  114
e  816  851  560
e  817  831  619
e  818  963  515
e  818  1301  447
e  818  962  619
e  819  869  275
e  819  846  998
e  820  885  983
e  820  866  355
e  821  914  992
e  821  1445  737
e  821  1173  564
e  822  834  835
e  822  871  388
e  822  847  245
e  823  835  524
e  824  849  895
e  825  833  207
e  826  840  228
e  827  828  110
e  827  837  9
e  827  859  899
e  827  870  488
e  828  858  488
e  829  844  758
e  830  895  70
e  831  862  98
e  831  1022  992
e  831  861  805
e  832  850  693
e  832  835  41
e  833  903  236
e  833  883  164
e  833  836  450
e  834  898  512
e  834  940  504
e  834  915  388
e  835  864  693
e  835  839  103
e  836  865  164
e  837  838  899
e  838  844  438
e  838  878  488
e  838  859  9
e  839  876  693
e  839  981  318
e  840  905  404
e  840  853  182
e  841  899  826
e  841  916  211
e  842  852  155
e  842  903  730
e  843  863  759
e  843  879  974
e  844  860  754
e  844  890  488
e  845  1862  737
e  845  1910  504
e  846  1035  275
e  846  1177  504
e  846  1093  203
e  847  869  388
e  848  899  318
e  849  850  57
e  849  868  707
e  849  867  41
e  850  864  41
e  851  893  114
e  851  880  370
e  852  937  228
e  852  922  164
e  853  952  404
e  853  1001  529
e  853  900  95
e  854  879  983
e  855  856  25
e  855  874  680
e  856  886  680
e  856  935  211
e  857  888  659
e  857  928  51
e  858  870  110
e  858  889  899
e  858  939  423
e  859  875  488
e  860  891  284
e  860  909  488
e  861  1105  992
e  861  976  637
e  862  962  992
e  863  935  207
e  863  926  52
e  863  892  974
e  864  867  57
e  864  876  103
e  865  883  450
e  865  957  236
e  865  956  370
e  865  934  560
e  866  925  759
e  866  905  630
e  867  877  707
e  867  881  103
e  868  872  429
e  868  877  41
e  869  871  245
e  869  1052  504
e  869  1035  998
e  870  875  899
e  871  915  835
e  871  979  504
e  872  910  962
e  872  882  41
e  873  893  560
e  874  887  890
e  874  886  25
e  875  878  9
e  875  889  110
e  876  881  57
e  876  987  318
e  877  882  429
e  877  901  103
e  878  890  438
e  879  892  759
e  879  884  52
e  880  907  114
e  880  1016  895
e  881  901  707
e  881  919  429
e  881  1024  318
e  882  920  962
e  882  906  103
e  883  911  236
e  884  885  618
e  884  896  759
e  885  897  759
e  886  904  890
e  886  927  683
e  886  950  211
e  887  894  683
e  887  904  25
e  888  939  343
e  888  960  51
e  889  930  438
e  889  948  423
e  890  909  754
e  890  931  284
e  890  929  110
e  891  961  70
e  891  913  488
e  892  896  52
e  893  902  946
e  893  907  370
e  894  1042  343
e  894  1050  52
e  894  908  25
e  895  932  52
e  895  985  758
e  895  943  395
e  896  926  974
e  896  946  207
e  896  897  618
e  897  958  207
e  897  924  355
e  898  918  504
e  899  955  504
e  899  997  693
e  899  949  211
e  900  912  529
e  901  906  429
e  902  934  207
e  902  921  370
e  903  911  164
e  904  908  683
e  905  942  759
e  905  952  182
e  906  971  962
e  906  998  434
e  906  1067  318
e  906  919  707
e  907  921  946
e  907  951  207
e  907  1059  895
e  908  1041  52
e  908  965  211
e  908  927  890
e  909  913  284
e  910  936  434
e  910  920  41
e  911  923  155
e  911  978  370
e  911  957  450
e  912  1001  95
e  912  1025  404
e  912  937  496
e  913  1009  70
e  913  1057  423
e  913  931  754
e  914  1321  737
e  915  953  504
e  916  917  111
e  916  949  826
e  916  954  512
e  917  918  950
e  917  947  512
e  918  940  512
e  919  1038  318
e  920  941  434
e  920  971  103
e  921  938  207
e  922  923  730
e  922  969  228
e  923  1000  228
e  923  993  370
e  924  925  983
e  924  986  207
e  924  945  630
e  925  942  630
e  926  944  207
e  927  959  211
e  928  960  659
e  928  974  343
e  929  930  9
e  929  975  284
e  929  984  423
e  930  968  423
e  931  1005  423
e  931  975  110
e  932  976  428
e  932  1010  758
e  933  1221  417
e  933  1327  347
e  934  938  370
e  935  950  680
e  935  944  52
e  936  1016  662
e  936  941  41
e  937  1040  404
e  937  969  164
e  938  956  560
e  938  977  236
e  938  951  946
e  939  948  899
e  939  967  51
e  940  947  950
e  940  953  388
e  941  1032  662
e  941  988  103
e  942  945  983
e  942  1007  182
e  943  961  758
e  944  964  680
e  944  946  974
e  945  1006  207
e  945  1030  182
e  946  970  680
e  946  958  618
e  947  954  111
e  947  966  388
e  948  968  438
e  948  990  51
e  949  1031  693
e  949  994  388
e  950  959  683
e  950  964  52
e  951  1068  236
e  951  1076  895
e  952  1007  759
e  952  1020  529
e  953  966  950
e  953  979  835
e  954  980  388
e  955  981  524
e  956  972  236
e  957  972  370
e  958  1002  680
e  958  986  355
e  959  965  890
e  959  973  52
e  960  967  343
e  961  985  395
e  961  1046  52
e  961  1009  488
e  962  1307  447
e  962  1300  637
e  962  1022  98
e  963  1089  447
e  963  1220  447
e  964  973  683
e  964  970  974
e  965  983  52
e  966  980  111
e  966  1019  826
e  966  1018  835
e  967  990  899
e  967  974  659
e  968  984  9
e  968  1004  284
e  968  1011  51
e  969  1087  404
e  969  1029  370
e  969  1000  730
e  970  982  683
e  970  1002  618
e  971  988  434
e  972  978  450
e  972  977  560
e  973  983  890
e  973  982  974
e  974  1003  899
e  974  1021  318
e  975  991  423
e  976  1144  992
e  976  1061  758
e  977  989  450
e  977  1039  155
e  977  1100  228
e  977  1068  946
e  978  993  155
e  978  989  560
e  979  1018  950
e  979  1064  826
e  979  1052  245
e  980  995  826
e  981  987  693
e  982  992  890
e  982  1008  618
e  983  1041  211
e  983  1054  25
e  983  992  974
e  984  991  284
e  985  1010  52
e  986  1012  680
e  986  1006  630
e  987  1024  57
e  987  1066  211
e  987  996  504
e  988  1091  662
e  988  998  962
e  989  999  155
e  990  1011  438
e  990  1003  659
e  991  1005  110
e  991  1027  51
e  991  1004  9
e  992  1080  25
e  992  1071  355
e  992  1014  618
e  993  1013  228
e  993  999  560
e  994  995  512
e  994  1085  693
e  995  1137  693
e  995  1065  835
e  995  1019  111
e  996  997  524
e  996  1037  211
e  997  1031  211
e  998  1108  318
e  999  1023  228
e  999  1039  450
e  1000  1013  370
e  1001  1020  404
e  1002  1008  683
e  1002  1012  355
e  1003  1045  284
e  1003  1055  923
e  1003  1043  318
e  1004  1015  51
e  1005  1057  754
e  1005  1056  51
e  1006  1028  680
e  1006  1095  182
e  1007  1030  983
e  1007  1048  529
e  1008  1014  890
e  1008  1017  355
e  1009  1058  52
e  1009  1114  423
e  1010  1061  428
e  1010  1073  488
e  1010  1046  395
e  1011  1015  284
e  1012  1017  683
e  1012  1028  630
e  1013  1029  730
e  1013  1023  560
e  1014  1026  355
e  1015  1027  9
e  1015  1044  659
e  1016  1059  114
e  1016  1032  41
e  1017  1026  890
e  1017  1033  630
e  1018  1036  826
e  1019  1036  835
e  1020  1048  759
e  1020  1025  95
e  1021  1043  899
e  1021  1042  923
e  1022  1217  637
e  1022  1105  805
e  1023  1069  730
e  1023  1155  759
e  1023  1192  895
e  1023  1079  450
e  1024  1038  429
e  1024  1074  211
e  1025  1053  759
e  1025  1040  496
e  1026  1071  618
e  1026  1047  630
e  1027  1056  110
e  1027  1113  923
e  1027  1088  659
e  1028  1033  683
e  1028  1154  182
e  1029  1096  404
e  1029  1101  759
e  1029  1069  560
e  1030  1095  207
e  1030  1083  529
e  1031  1037  524
e  1031  1085  388
e  1032  1078  114
e  1032  1091  103
e  1033  1047  890
e  1033  1157  182
e  1034  1051  35
e  1035  1124  504
e  1036  1065  111
e  1036  1296  693
e  1036  1179  245
e  1036  1064  950
e  1037  1066  504
e  1037  1086  57
e  1037  1106  388
e  1038  1067  707
e  1038  1082  211
e  1039  1079  228
e  1040  1060  759
e  1040  1087  164
e  1041  1050  25
e  1042  1049  899
e  1042  1109  52
e  1043  1049  923
e  1044  1045  438
e  1044  1088  9
e  1044  1075  923
e  1045  1072  923
e  1046  1058  488
e  1047  1111  618
e  1047  1205  284
e  1047  1243  370
e  1047  1201  182
e  1048  1083  983
e  1048  1070  496
e  1048  1053  95
e  1049  1055  318
e  1049  1081  284
e  1049  1112  52
e  1050  1109  343
e  1050  1054  211
e  1051  1063  639
e  1051  1062  17
e  1052  1125  826
e  1052  1124  998
e  1053  1060  496
e  1054  1122  343
e  1054  1080  974
e  1055  1072  284
e  1056  1119  754
e  1056  1139  923
e  1057  1114  70
e  1057  1119  51
e  1058  1073  395
e  1058  1216  428
e  1058  1215  423
e  1059  1076  207
e  1059  1078  41
e  1060  1070  95
e  1060  1102  983
e  1060  1117  370
e  1060  1090  164
e  1061  1239  992
e  1061  1120  488
e  1062  1084  639
e  1063  1077  677
e  1063  1084  17
e  1064  1125  245
e  1065  1180  693
e  1066  1074  57
e  1067  1108  434
e  1067  1107  211
e  1068  1110  228
e  1068  1141  895
e  1069  1123  759
e  1070  1092  983
e  1071  1143  25
e  1071  1111  630
e  1072  1075  438
e  1072  1081  318
e  1073  1120  428
e  1074  1082  429
e  1074  1086  504
e  1075  1104  9
e  1075  1150  52
e  1075  1103  318
e  1076  1141  236
e  1076  1094  41
e  1077  1093  737
e  1077  1098  17
e  1078  1094  207
e  1078  1153  103
e  1079  1116  946
e  1079  1100  155
e  1080  1131  343
e  1080  1143  355
e  1081  1103  438
e  1081  1118  52
e  1082  1107  707
e  1082  1099  504
e  1083  1133  207
e  1083  1092  496
e  1084  1098  677
e  1085  1106  524
e  1085  1137  512
e  1086  1099  429
e  1086  1145  388
e  1087  1090  759
e  1087  1096  370
e  1088  1104  923
e  1089  1121  814
e  1090  1097  370
e  1091  1153  114
e  1091  1189  207
e  1091  1186  211
e  1092  1138  207
e  1092  1148  370
e  1092  1102  95
e  1093  1236  504
e  1093  1115  17
e  1094  1163  236
e  1094  1190  228
e  1094  1161  103
e  1095  1154  680
e  1095  1133  529
e  1096  1097  759
e  1097  1117  164
e  1097  1130  983
e  1097  1132  560
e  1097  1101  404
e  1098  1115  737
e  1099  1147  388
e  1100  1110  946
e  1101  1123  560
e  1102  1127  370
e  1103  1136  52
e  1104  1113  659
e  1104  1160  52
e  1105  1144  637
e  1106  1145  57
e  1106  1182  429
e  1106  1181  512
e  1107  1126  434
e  1108  1126  211
e  1109  1112  899
e  1109  1122  211
e  1110  1116  155
e  1110  1146  895
e  1111  1149  25
e  1112  1118  284
e  1112  1128  211
e  1113  1139  110
e  1114  1215  52
e  1114  1151  51
e  1115  1304  504
e  1115  1312  710
e  1115  1174  35
e  1116  1164  895
e  1117  1127  983
e  1118  1136  438
e  1118  1135  211
e  1119  1151  70
e  1120  1331  992
e  1120  1431  52
e  1120  1385  423
e  1120  1216  395
e  1121  1129  166
e  1122  1128  899
e  1122  1131  974
e  1123  1132  404
e  1123  1155  730
e  1124  1178  826
e  1124  1259  203
e  1124  1177  275
e  1125  1179  950
e  1125  1178  998
e  1126  1188  662
e  1126  1183  388
e  1127  1148  95
e  1127  1156  207
e  1127  1130  164
e  1128  1135  284
e  1128  1134  974
e  1129  1140  447
e  1130  1167  207
e  1130  1166  560
e  1131  1134  899
e  1131  1162  355
e  1132  1166  983
e  1132  1194  730
e  1133  1138  496
e  1134  1142  284
e  1134  1165  355
e  1135  1158  438
e  1135  1142  974
e  1136  1150  318
e  1136  1158  211
e  1137  1181  524
e  1137  1180  835
e  1138  1152  370
e  1139  1214  70
e  1139  1211  52
e  1140  1327  173
e  1140  1420  619
e  1140  1218  447
e  1141  1146  228
e  1141  1163  41
e  1142  1159  438
e  1142  1170  355
e  1143  1162  343
e  1143  1149  630
e  1144  1217  805
e  1144  1239  758
e  1145  1147  429
e  1146  1164  155
e  1146  1171  41
e  1147  1185  434
e  1147  1276  512
e  1147  1182  57
e  1148  1152  207
e  1149  1168  343
e  1150  1160  9
e  1151  1241  52
e  1151  1213  923
e  1152  1200  683
e  1152  1196  164
e  1152  1156  95
e  1153  1161  207
e  1154  1157  683
e  1155  1194  404
e  1155  1235  895
e  1156  1167  164
e  1157  1201  890
e  1157  1197  370
e  1158  1159  974
e  1159  1210  9
e  1159  1206  630
e  1160  1212  110
e  1160  1208  974
e  1161  1249  228
e  1161  1253  211
e  1161  1189  114
e  1162  1165  899
e  1162  1168  630
e  1163  1171  228
e  1164  1193  450
e  1164  1191  41
e  1165  1170  284
e  1165  1169  630
e  1166  1195  207
e  1166  1242  730
e  1167  1196  95
e  1167  1233  683
e  1167  1195  560
e  1168  1169  899
e  1169  1172  284
e  1170  1172  630
e  1171  1191  155
e  1171  1265  103
e  1171  1190  236
e  1172  1207  438
e  1172  1202  618
e  1173  1672  737
e  1173  1603  436
e  1174  1175  639
e  1174  1294  710
e  1175  1176  677
e  1175  1282  710
e  1176  1263  710
e  1177  1236  203
e  1178  1313  950
e  1178  1274  203
e  1179  1335  693
e  1179  1313  998
e  1180  1275  524
e  1180  1485  203
e  1180  1448  245
e  1180  1296  111
e  1181  1264  429
e  1181  1275  835
e  1182  1264  512
e  1183  1184  504
e  1183  1252  662
e  1184  1185  707
e  1184  1288  662
e  1185  1337  662
e  1185  1305  512
e  1186  1187  318
e  1186  1246  207
e  1187  1188  962
e  1187  1255  207
e  1188  1297  207
e  1188  1252  388
e  1189  1246  211
e  1190  1249  103
e  1191  1229  450
e  1191  1289  759
e  1191  1309  103
e  1192  1193  946
e  1192  1235  759
e  1192  1247  41
e  1193  1229  41
e  1194  1242  983
e  1194  1273  895
e  1195  1245  683
e  1195  1329  895
e  1195  1267  730
e  1196  1224  683
e  1197  1198  496
e  1197  1222  890
e  1198  1199  529
e  1198  1227  890
e  1199  1200  680
e  1199  1230  890
e  1199  1225  164
e  1200  1224  164
e  1201  1222  370
e  1202  1203  25
e  1202  1234  438
e  1203  1204  343
e  1203  1268  438
e  1203  1322  370
e  1204  1205  899
e  1204  1320  370
e  1205  1311  370
e  1206  1207  355
e  1206  1226  9
e  1207  1228  9
e  1207  1234  618
e  1208  1209  211
e  1208  1238  110
e  1209  1210  318
e  1209  1244  110
e  1209  1231  630
e  1210  1226  630
e  1211  1212  659
e  1211  1223  70
e  1211  1250  974
e  1212  1238  974
e  1213  1214  754
e  1213  1272  52
e  1213  1232  52
e  1214  1223  52
e  1215  1286  428
e  1215  1241  51
e  1216  1286  423
e  1217  1300  98
e  1217  1344  758
e  1218  1219  814
e  1218  1346  619
e  1219  1220  166
e  1219  1326  619
e  1220  1316  619
e  1220  1301  515
e  1221  1634  347
e  1222  1243  182
e  1222  1359  284
e  1222  1227  496
e  1223  1232  754
e  1223  1251  974
e  1224  1225  680
e  1224  1233  95
e  1225  1256  890
e  1225  1260  560
e  1225  1237  95
e  1226  1231  318
e  1226  1228  355
e  1227  1363  284
e  1227  1230  529
e  1228  1240  318
e  1228  1284  618
e  1229  1247  946
e  1229  1266  759
e  1230  1256  164
e  1231  1261  110
e  1231  1240  355
e  1232  1280  52
e  1232  1281  974
e  1233  1237  680
e  1233  1245  560
e  1234  1284  9
e  1234  1268  25
e  1235  1273  404
e  1235  1258  41
e  1236  1259  275
e  1236  1295  826
e  1236  1304  17
e  1237  1248  560
e  1238  1250  659
e  1238  1254  70
e  1238  1244  211
e  1239  1344  805
e  1239  1331  488
e  1240  1271  110
e  1240  1285  70
e  1241  1330  428
e  1241  1299  52
e  1241  1272  923
e  1242  1267  207
e  1242  1287  895
e  1243  1311  284
e  1244  1257  70
e  1244  1261  630
e  1245  1248  680
e  1245  1341  895
e  1246  1253  114
e  1246  1255  318
e  1247  1258  759
e  1248  1260  95
e  1248  1283  890
e  1248  1347  895
e  1249  1265  236
e  1249  1308  211
e  1250  1251  70
e  1251  1281  754
e  1251  1262  211
e  1251  1254  659
e  1252  1302  207
e  1252  1288  504
e  1253  1308  228
e  1253  1270  318
e  1254  1257  211
e  1255  1270  114
e  1255  1306  388
e  1255  1297  962
e  1256  1277  560
e  1257  1262  659
e  1257  1269  630
e  1258  1303  404
e  1258  1266  946
e  1259  1274  826
e  1260  1277  890
e  1261  1269  70
e  1261  1271  355
e  1262  1291  754
e  1262  1279  630
e  1263  1282  677
e  1263  1321  334
e  1264  1276  57
e  1264  1336  835
e  1265  1309  155
e  1265  1332  211
e  1266  1362  404
e  1266  1375  207
e  1266  1391  103
e  1266  1289  450
e  1267  1293  895
e  1268  1381  9
e  1268  1350  370
e  1269  1279  659
e  1269  1278  355
e  1270  1328  228
e  1270  1319  388
e  1271  1278  70
e  1272  1280  52
e  1273  1287  983
e  1273  1303  41
e  1274  1360  950
e  1274  1508  693
e  1274  1411  17
e  1274  1295  275
e  1275  1336  429
e  1275  1449  434
e  1275  1510  662
e  1275  1509  203
e  1276  1305  434
e  1276  1354  835
e  1277  1379  284
e  1277  1283  95
e  1278  1290  659
e  1278  1382  754
e  1278  1352  618
e  1278  1285  110
e  1279  1292  754
e  1279  1290  355
e  1280  1299  923
e  1280  1349  428
e  1280  1342  630
e  1280  1315  974
e  1281  1315  52
e  1281  1298  630
e  1281  1291  211
e  1282  1294  639
e  1282  1353  334
e  1283  1455  284
e  1283  1370  895
e  1284  1324  70
e  1284  1389  370
e  1284  1381  25
e  1285  1323  618
e  1286  1385  395
e  1286  1343  52
e  1286  1330  51
e  1287  1293  207
e  1287  1314  41
e  1288  1356  207
e  1288  1373  512
e  1288  1337  707
e  1289  1339  103
e  1290  1310  754
e  1291  1292  630
e  1292  1298  211
e  1292  1325  52
e  1292  1310  355
e  1293  1329  730
e  1293  1348  683
e  1293  1317  41
e  1294  1312  35
e  1294  1371  334
e  1295  1351  17
e  1296  1335  245
e  1297  1302  388
e  1298  1318  52
e  1299  1334  428
e  1300  1425  447
e  1300  1432  758
e  1301  1307  619
e  1302  1306  962
e  1302  1338  114
e  1302  1356  504
e  1303  1314  983
e  1303  1340  207
e  1303  1362  946
e  1304  1351  826
e  1304  1410  710
e  1305  1355  662
e  1305  1361  835
e  1306  1319  114
e  1307  1316  515
e  1307  1345  166
e  1307  1425  637
e  1308  1332  236
e  1308  1328  318
e  1309  1339  759
e  1309  1367  211
e  1310  1333  52
e  1310  1382  659
e  1311  1320  899
e  1311  1380  496
e  1311  1359  182
e  1312  1410  504
e  1312  1409  334
e  1313  1395  693
e  1313  1360  203
e  1314  1317  207
e  1315  1318  630
e  1316  1326  166
e  1317  1364  683
e  1317  1376  946
e  1317  1340  983
e  1318  1342  974
e  1318  1384  428
e  1318  1383  355
e  1318  1325  211
e  1319  1358  228
e  1319  1338  962
e  1320  1322  343
e  1320  1388  496
e  1321  1353  677
e  1321  1445  992
e  1322  1350  438
e  1322  1397  496
e  1323  1324  318
e  1323  1352  110
e  1323  1436  370
e  1324  1394  370
e  1325  1333  355
e  1326  1346  814
e  1326  1345  515
e  1327  1634  417
e  1327  1875  758
e  1327  1538  619
e  1328  1365  236
e  1328  1358  388
e  1329  1341  683
e  1330  1334  52
e  1331  1569  805
e  1331  1630  447
e  1331  1537  52
e  1332  1367  155
e  1332  1396  759
e  1332  1365  318
e  1333  1383  211
e  1333  1399  428
e  1333  1429  618
e  1333  1398  659
e  1334  1343  51
e  1334  1430  630
e  1334  1349  923
e  1335  1448  111
e  1335  1412  203
e  1335  1395  998
e  1336  1354  57
e  1336  1372  434
e  1337  1355  512
e  1338  1403  228
e  1338  1414  504
e  1339  1391  450
e  1339  1439  207
e  1339  1374  211
e  1340  1366  946
e  1341  1347  680
e  1341  1348  730
e  1342  1368  428
e  1343  1405  395
e  1343  1437  630
e  1344  1432  98
e  1344  1520  447
e  1344  1569  488
e  1345  1386  814
e  1345  1464  637
e  1346  1420  447
e  1346  1521  637
e  1346  1386  515
e  1347  1370  890
e  1347  1392  41
e  1347  1357  730
e  1348  1357  680
e  1348  1364  41
e  1349  1368  630
e  1350  1387  9
e  1350  1459  70
e  1350  1458  560
e  1350  1442  496
e  1351  1411  275
e  1351  1447  710
e  1352  1419  52
e  1352  1438  370
e  1353  1371  639
e  1353  1544  504
e  1353  1543  992
e  1354  1361  434
e  1355  1373  707
e  1355  1434  207
e  1355  1402  835
e  1356  1414  114
e  1356  1413  512
e  1357  1369  41
e  1358  1406  236
e  1358  1512  759
e  1358  1403  962
e  1359  1363  496
e  1360  1401  693
e  1361  1402  662
e  1361  1372  57
e  1362  1366  207
e  1363  1380  182
e  1363  1390  899
e  1363  1377  560
e  1364  1369  680
e  1364  1469  946
e  1365  1421  759
e  1365  1406  388
e  1366  1376  983
e  1366  1433  103
e  1366  1375  404
e  1367  1374  759
e  1368  1430  923
e  1368  1462  51
e  1368  1384  974
e  1369  1392  730
e  1369  1424  890
e  1369  1514  103
e  1369  1481  946
e  1370  1465  284
e  1370  1408  41
e  1371  1409  35
e  1371  1483  504
e  1372  1450  662
e  1372  1449  429
e  1373  1413  207
e  1374  1444  207
e  1374  1426  318
e  1374  1396  155
e  1375  1422  103
e  1376  1469  683
e  1376  1435  103
e  1377  1378  164
e  1377  1400  899
e  1378  1379  529
e  1378  1407  899
e  1379  1415  899
e  1379  1473  895
e  1379  1455  95
e  1380  1388  899
e  1381  1387  370
e  1382  1398  52
e  1383  1393  428
e  1384  1493  395
e  1384  1393  355
e  1385  1405  52
e  1386  1474  637
e  1387  1389  25
e  1387  1417  70
e  1388  1397  343
e  1388  1390  182
e  1389  1394  70
e  1390  1404  343
e  1390  1400  560
e  1391  1422  207
e  1392  1408  890
e  1393  1505  395
e  1393  1399  211
e  1394  1436  318
e  1394  1460  110
e  1394  1549  52
e  1394  1567  560
e  1394  1417  25
e  1395  1401  203
e  1396  1421  318
e  1397  1442  438
e  1397  1428  560
e  1397  1404  182
e  1398  1418  618
e  1399  1550  395
e  1399  1517  370
e  1399  1496  618
e  1400  1416  343
e  1400  1407  164
e  1401  1412  998
e  1401  1591  662
e  1401  1561  17
e  1401  1508  950
e  1402  1451  207
e  1402  1450  57
e  1403  1523  759
e  1403  1441  504
e  1404  1416  560
e  1405  1431  423
e  1405  1463  630
e  1406  1440  759
e  1407  1423  343
e  1407  1415  529
e  1408  1494  284
e  1408  1424  730
e  1409  1446  504
e  1410  1447  826
e  1410  1446  334
e  1411  1545  693
e  1411  1607  710
e  1412  1477  111
e  1412  1584  662
e  1413  1472  114
e  1413  1488  228
e  1413  1487  835
e  1413  1434  707
e  1414  1441  228
e  1414  1472  512
e  1415  1427  343
e  1415  1482  895
e  1416  1428  182
e  1416  1423  164
e  1417  1499  560
e  1417  1459  9
e  1418  1419  754
e  1418  1429  659
e  1418  1468  370
e  1419  1461  370
e  1420  1538  173
e  1420  1580  637
e  1421  1426  155
e  1421  1440  388
e  1422  1433  404
e  1422  1454  983
e  1422  1453  211
e  1422  1439  450
e  1423  1457  438
e  1423  1427  529
e  1424  1577  284
e  1424  1618  211
e  1424  1548  103
e  1425  1464  166
e  1425  1471  758
e  1426  1489  207
e  1426  1452  388
e  1427  1470  438
e  1427  1497  895
e  1428  1443  438
e  1429  1496  428
e  1429  1476  370
e  1430  1437  51
e  1431  1537  992
e  1431  1500  630
e  1432  1471  447
e  1433  1435  983
e  1434  1451  835
e  1435  1480  683
e  1435  1467  211
e  1435  1454  404
e  1436  1438  110
e  1437  1463  395
e  1437  1462  923
e  1438  1461  52
e  1438  1460  318
e  1439  1444  211
e  1440  1452  155
e  1440  1615  207
e  1440  1614  504
e  1440  1534  962
e  1440  1512  236
e  1441  1541  759
e  1441  1475  512
e  1442  1443  560
e  1443  1458  496
e  1443  1498  70
e  1443  1456  164
e  1444  1453  450
e  1444  1478  983
e  1444  1489  318
e  1445  1543  677
e  1445  1604  504
e  1445  1672  564
e  1446  1484  826
e  1446  1483  35
e  1447  1607  275
e  1447  1484  334
e  1448  1477  203
e  1449  1486  662
e  1450  1533  207
e  1450  1553  203
e  1450  1486  429
e  1451  1487  707
e  1451  1526  228
e  1451  1587  203
e  1451  1533  57
e  1452  1501  207
e  1453  1466  983
e  1454  1466  211
e  1455  1465  895
e  1456  1457  182
e  1456  1507  70
e  1457  1524  70
e  1457  1470  529
e  1458  1491  70
e  1459  1491  560
e  1460  1516  52
e  1461  1468  754
e  1461  1597  560
e  1461  1516  318
e  1462  1479  395
e  1463  1500  423
e  1463  1519  974
e  1463  1479  923
e  1464  1474  814
e  1464  1506  758
e  1465  1473  95
e  1465  1503  899
e  1465  1494  41
e  1466  1467  404
e  1466  1478  450
e  1467  1502  683
e  1467  1555  318
e  1467  1490  450
e  1468  1476  659
e  1468  1579  428
e  1468  1624  560
e  1469  1481  680
e  1469  1480  103
e  1470  1536  70
e  1470  1530  895
e  1471  1506  166
e  1471  1520  98
e  1472  1475  228
e  1473  1482  899
e  1474  1521  515
e  1474  1531  758
e  1475  1571  759
e  1475  1527  835
e  1475  1488  114
e  1476  1504  428
e  1477  1485  245
e  1477  1546  524
e  1477  1562  662
e  1478  1490  404
e  1478  1522  318
e  1479  1492  974
e  1480  1495  680
e  1480  1502  211
e  1481  1495  103
e  1482  1497  343
e  1482  1503  95
e  1483  1560  826
e  1483  1544  639
e  1484  1673  275
e  1484  1696  693
e  1484  1720  992
e  1484  1560  35
e  1485  1509  524
e  1486  1540  203
e  1486  1510  434
e  1487  1511  228
e  1488  1511  835
e  1489  1522  983
e  1489  1501  388
e  1490  1535  318
e  1491  1499  9
e  1491  1498  496
e  1492  1493  51
e  1492  1519  923
e  1492  1518  355
e  1493  1505  355
e  1494  1528  899
e  1494  1577  730
e  1495  1514  946
e  1495  1513  211
e  1496  1504  370
e  1497  1530  438
e  1497  1557  41
e  1497  1529  95
e  1498  1515  9
e  1498  1507  164
e  1499  1567  25
e  1499  1585  52
e  1499  1515  496
e  1500  1568  992
e  1501  1539  983
e  1501  1659  504
e  1501  1615  155
e  1502  1513  680
e  1502  1573  318
e  1503  1529  343
e  1503  1528  41
e  1504  1517  618
e  1504  1754  395
e  1504  1669  560
e  1504  1579  659
e  1505  1518  51
e  1505  1550  211
e  1506  1531  814
e  1506  1682  488
e  1506  1631  98
e  1507  1525  9
e  1507  1524  182
e  1508  1545  17
e  1509  1532  662
e  1509  1546  245
e  1510  1532  203
e  1511  1527  114
e  1511  1526  707
e  1512  1523  962
e  1513  1556  946
e  1513  1565  890
e  1513  1617  388
e  1513  1589  318
e  1514  1548  890
e  1514  1556  211
e  1515  1598  52
e  1515  1525  164
e  1516  1582  560
e  1516  1549  110
e  1517  1625  395
e  1518  1551  923
e  1518  1654  992
e  1518  1626  211
e  1519  1551  355
e  1520  1631  166
e  1520  1596  488
e  1521  1580  447
e  1521  1586  758
e  1522  1535  404
e  1522  1539  388
e  1523  1534  236
e  1523  1541  504
e  1524  1558  9
e  1524  1536  529
e  1525  1599  52
e  1525  1619  895
e  1525  1558  182
e  1526  1564  114
e  1526  1601  203
e  1527  1600  759
e  1527  1564  707
e  1528  1542  343
e  1528  1651  730
e  1529  1542  41
e  1530  1570  70
e  1530  1578  41
e  1531  1586  515
e  1531  1688  488
e  1532  1540  434
e  1532  1552  245
e  1533  1563  203
e  1534  1554  504
e  1535  1555  450
e  1535  1547  388
e  1536  1566  9
e  1536  1570  895
e  1537  1719  447
e  1537  1568  630
e  1538  1825  758
e  1538  1633  637
e  1539  1547  404
e  1539  1700  683
e  1539  1716  504
e  1540  1553  429
e  1540  1576  207
e  1540  1575  245
e  1541  1554  236
e  1541  1571  512
e  1542  1557  95
e  1542  1593  438
e  1542  1714  211
e  1542  1677  730
e  1543  1583  504
e  1544  1583  992
e  1545  1561  950
e  1545  1656  710
e  1546  1552  662
e  1547  1572  450
e  1547  1588  683
e  1548  1559  211
e  1549  1574  560
e  1550  1626  51
e  1550  1625  370
e  1551  1629  992
e  1552  1575  434
e  1552  1562  524
e  1553  1563  207
e  1554  1614  962
e  1554  1645  207
e  1554  1595  512
e  1555  1573  683
e  1555  1572  388
e  1556  1559  890
e  1557  1578  438
e  1558  1566  529
e  1559  1618  103
e  1559  1638  284
e  1559  1565  946
e  1560  1605  992
e  1561  1666  662
e  1561  1721  710
e  1562  1584  111
e  1563  1587  57
e  1563  1613  228
e  1563  1612  245
e  1563  1576  429
e  1564  1647  759
e  1564  1644  203
e  1565  1690  284
e  1565  1637  388
e  1566  1590  895
e  1567  1574  52
e  1568  1736  447
e  1568  1627  355
e  1569  1596  447
e  1570  1590  9
e  1570  1602  41
e  1571  1595  236
e  1571  1600  835
e  1572  1581  683
e  1573  1589  680
e  1573  1581  388
e  1574  1582  110
e  1574  1585  25
e  1575  1594  207
e  1576  1594  245
e  1577  1651  899
e  1577  1635  211
e  1578  1602  70
e  1578  1593  95
e  1579  1640  560
e  1580  1633  173
e  1580  1632  758
e  1581  1592  680
e  1581  1588  450
e  1582  1597  318
e  1582  1621  164
e  1583  1606  826
e  1583  1604  677
e  1584  1591  998
e  1585  1598  496
e  1586  1632  447
e  1586  1737  173
e  1587  1601  228
e  1588  1616  680
e  1588  1770  504
e  1588  1700  404
e  1589  1592  388
e  1590  1620  182
e  1590  1649  52
e  1590  1639  41
e  1591  1611  207
e  1591  1666  17
e  1592  1617  318
e  1592  1641  890
e  1592  1616  450
e  1593  1648  70
e  1593  1729  211
e  1594  1612  429
e  1594  1657  228
e  1594  1608  998
e  1595  1658  207
e  1595  1650  835
e  1596  1655  166
e  1596  1630  805
e  1597  1624  754
e  1597  1653  164
e  1598  1599  164
e  1599  1623  110
e  1599  1636  895
e  1600  1650  236
e  1600  1698  203
e  1600  1647  707
e  1601  1644  114
e  1601  1709  759
e  1601  1697  245
e  1601  1613  57
e  1602  1639  9
e  1602  1648  95
e  1603  1771  737
e  1604  1695  826
e  1604  1746  564
e  1605  1606  639
e  1605  1720  35
e  1605  1952  228
e  1606  1997  228
e  1606  1863  564
e  1606  1695  677
e  1607  1656  693
e  1607  1673  334
e  1608  1609  111
e  1608  1662  228
e  1609  1610  524
e  1609  1667  228
e  1610  1611  434
e  1610  1686  228
e  1611  1708  228
e  1611  1689  17
e  1612  1643  228
e  1613  1643  245
e  1614  1642  207
e  1615  1642  504
e  1616  1748  890
e  1616  1812  512
e  1616  1785  504
e  1617  1637  890
e  1618  1635  284
e  1619  1620  529
e  1619  1636  52
e  1620  1646  52
e  1621  1622  496
e  1621  1653  318
e  1622  1623  25
e  1622  1661  318
e  1622  1663  895
e  1623  1660  895
e  1624  1640  428
e  1624  1668  164
e  1625  1670  51
e  1625  1704  992
e  1625  1754  618
e  1626  1671  992
e  1626  1670  370
e  1627  1628  974
e  1627  1820  447
e  1627  1819  370
e  1628  1629  423
e  1628  1735  370
e  1629  1715  370
e  1629  1654  923
e  1630  1767  166
e  1630  1719  52
e  1631  1655  488
e  1632  1652  173
e  1633  1652  758
e  1634  1884  758
e  1635  1676  899
e  1635  1638  103
e  1636  1660  110
e  1636  1646  529
e  1637  1707  284
e  1637  1641  318
e  1638  1692  899
e  1638  1728  388
e  1638  1690  946
e  1639  1678  52
e  1639  1730  95
e  1640  1669  659
e  1640  1734  895
e  1640  1681  164
e  1641  1713  284
e  1641  1748  450
e  1642  1659  155
e  1642  1645  962
e  1643  1697  57
e  1643  1724  759
e  1643  1674  998
e  1643  1657  429
e  1644  1664  759
e  1645  1665  155
e  1645  1658  512
e  1646  1687  110
e  1646  1649  182
e  1647  1664  203
e  1648  1730  9
e  1648  1749  211
e  1649  1702  110
e  1649  1678  41
e  1650  1691  207
e  1650  1726  203
e  1651  1677  343
e  1651  1676  211
e  1652  1825  637
e  1652  1895  417
e  1652  2008  630
e  1652  1846  488
e  1652  1737  447
e  1653  1668  754
e  1653  1661  496
e  1654  1705  370
e  1654  1671  211
e  1655  1682  98
e  1655  1706  814
e  1655  1797  52
e  1655  1767  805
e  1656  1721  950
e  1656  1685  334
e  1657  1662  998
e  1658  1675  155
e  1658  1691  835
e  1659  1716  983
e  1659  1699  512
e  1659  1665  962
e  1660  1663  25
e  1660  1687  529
e  1661  1680  754
e  1661  1679  895
e  1662  1674  429
e  1662  1667  111
e  1663  1679  318
e  1663  1733  428
e  1663  1732  529
e  1664  1698  707
e  1664  1776  207
e  1664  1725  245
e  1664  1709  114
e  1665  1675  512
e  1666  1689  207
e  1666  1755  710
e  1667  1723  429
e  1667  1769  759
e  1667  1774  17
e  1667  1686  524
e  1668  1681  428
e  1668  1680  496
e  1669  1847  395
e  1669  1753  895
e  1670  1683  992
e  1671  1683  370
e  1672  1746  504
e  1672  1771  436
e  1673  1685  693
e  1674  1738  759
e  1674  1723  111
e  1675  1699  962
e  1675  1743  983
e  1675  1742  835
e  1676  1701  343
e  1676  1692  103
e  1677  1701  211
e  1678  1712  110
e  1678  1872  428
e  1678  1883  211
e  1678  1800  95
e  1679  1693  754
e  1679  1703  428
e  1680  1684  428
e  1680  1693  895
e  1681  1710  895
e  1681  1684  496
e  1682  1688  814
e  1683  1705  211
e  1683  1818  423
e  1683  1944  447
e  1683  1704  51
e  1684  1694  895
e  1685  1773  662
e  1685  1805  207
e  1685  1696  275
e  1686  1722  17
e  1686  1708  434
e  1687  1732  25
e  1687  1731  41
e  1687  1702  182
e  1688  1824  173
e  1688  1852  630
e  1688  1706  98
e  1689  1717  228
e  1689  1760  710
e  1690  1707  388
e  1691  1742  155
e  1691  1741  203
e  1692  1711  343
e  1692  1768  388
e  1693  1694  428
e  1694  1710  496
e  1694  1792  659
e  1694  1759  41
e  1694  1703  754
e  1695  1787  564
e  1696  1841  207
e  1696  1864  992
e  1697  1718  759
e  1698  1726  236
e  1699  1727  983
e  1700  1747  504
e  1701  1714  730
e  1701  1744  438
e  1701  1711  103
e  1702  1712  41
e  1703  1751  41
e  1703  1733  318
e  1704  2014  447
e  1704  2035  895
e  1704  1989  560
e  1704  1838  618
e  1705  1715  923
e  1706  1821  630
e  1707  1728  946
e  1707  1713  318
e  1708  1717  17
e  1709  1718  245
e  1710  1734  164
e  1710  1766  659
e  1711  1758  438
e  1711  1796  388
e  1712  1731  182
e  1712  1756  428
e  1713  1779  946
e  1713  1799  899
e  1713  1969  512
e  1713  1882  450
e  1714  1729  438
e  1715  1735  423
e  1716  1747  683
e  1716  1727  512
e  1717  1722  434
e  1717  1789  710
e  1718  1725  114
e  1718  1724  57
e  1719  1786  166
e  1719  1736  630
e  1720  1864  693
e  1720  1946  228
e  1721  1755  662
e  1722  1774  524
e  1722  1798  759
e  1723  1761  759
e  1724  1738  998
e  1725  1829  207
e  1725  1762  998
e  1726  1741  207
e  1727  1757  683
e  1727  1743  962
e  1728  1768  899
e  1728  1779  318
e  1729  1749  70
e  1729  1744  730
e  1730  1800  52
e  1730  1814  211
e  1731  1739  25
e  1731  1750  428
e  1732  1740  428
e  1732  1739  41
e  1733  1740  529
e  1734  1753  659
e  1735  1819  974
e  1735  1832  447
e  1735  1817  211
e  1736  1793  166
e  1736  1851  370
e  1736  1820  355
e  1737  1823  488
e  1738  1763  114
e  1738  1761  111
e  1739  1745  428
e  1740  1745  41
e  1741  1809  155
e  1741  1869  983
e  1741  1919  683
e  1741  1775  707
e  1742  1784  983
e  1742  1809  203
e  1743  1777  683
e  1743  1784  835
e  1744  1758  103
e  1745  1752  318
e  1745  1764  182
e  1745  1750  25
e  1746  1787  826
e  1746  1804  436
e  1747  1770  404
e  1747  1757  512
e  1748  1882  284
e  1748  1853  512
e  1749  1814  9
e  1749  1780  103
e  1750  1756  182
e  1751  1752  529
e  1751  1759  754
e  1752  1765  754
e  1752  1782  182
e  1753  1885  395
e  1753  1960  41
e  1753  1766  164
e  1754  1838  992
e  1754  1847  560
e  1755  1760  207
e  1755  1772  334
e  1756  1764  25
e  1756  1816  754
e  1756  1908  211
e  1756  1872  110
e  1757  1778  404
e  1757  1777  962
e  1758  1781  70
e  1758  1827  388
e  1759  1831  659
e  1759  1765  529
e  1760  1789  228
e  1760  1783  334
e  1761  1808  114
e  1761  1807  17
e  1761  1769  429
e  1762  1763  57
e  1762  1844  207
e  1763  1868  207
e  1763  1867  17
e  1763  1808  111
e  1764  1782  318
e  1765  1926  659
e  1765  1791  182
e  1766  1892  41
e  1766  1792  496
e  1767  1786  52
e  1768  1796  343
e  1768  1795  318
e  1769  1794  17
e  1770  1785  680
e  1770  1778  512
e  1771  1804  504
e  1771  1861  845
e  1772  1773  950
e  1772  1783  207
e  1773  1788  207
e  1774  1794  759
e  1775  1776  236
e  1775  1939  683
e  1775  1856  245
e  1776  1829  245
e  1777  1811  680
e  1777  1803  835
e  1778  1790  680
e  1779  1795  899
e  1780  1781  730
e  1780  1854  9
e  1781  1836  388
e  1782  1791  754
e  1783  1802  228
e  1783  1788  950
e  1784  1803  683
e  1784  1828  203
e  1785  1790  512
e  1786  1797  805
e  1786  1793  630
e  1787  1863  677
e  1787  1840  436
e  1788  1806  228
e  1788  1845  275
e  1788  1805  662
e  1789  1843  759
e  1789  1802  334
e  1790  1812  504
e  1790  1860  890
e  1790  1871  835
e  1790  1810  962
e  1791  1987  659
e  1791  1986  211
e  1791  1815  25
e  1792  1831  41
e  1793  1801  805
e  1793  1874  814
e  1793  1873  370
e  1794  1807  429
e  1794  1866  114
e  1794  1798  524
e  1795  1813  343
e  1795  1799  946
e  1796  1827  438
e  1796  1813  318
e  1797  1801  630
e  1798  1842  710
e  1799  1835  343
e  1799  2021  512
e  1800  1837  211
e  1801  1822  814
e  1802  1848  759
e  1802  1806  950
e  1803  1830  680
e  1803  1839  203
e  1804  1840  826
e  1804  1880  845
e  1805  1841  275
e  1806  1889  759
e  1806  1849  275
e  1807  1834  114
e  1808  1834  17
e  1809  1828  983
e  1810  1811  404
e  1810  1833  835
e  1811  1830  835
e  1812  1853  890
e  1813  1850  438
e  1813  1835  946
e  1814  1837  52
e  1814  1854  103
e  1815  1816  318
e  1815  1971  211
e  1816  1955  211
e  1817  1818  923
e  1817  1902  447
e  1818  1927  447
e  1819  1826  447
e  1820  1826  370
e  1821  1822  52
e  1821  1852  98
e  1822  1859  98
e  1822  1907  370
e  1822  1874  805
e  1823  1824  515
e  1823  1846  447
e  1823  1904  630
e  1824  1887  630
e  1825  1875  619
e  1825  1893  417
e  1826  1851  355
e  1826  1879  166
e  1826  1832  974
e  1827  1836  70
e  1827  1850  318
e  1828  1839  683
e  1828  1869  155
e  1829  1856  236
e  1829  1844  998
e  1830  1833  404
e  1830  1857  203
e  1831  1892  496
e  1831  2013  395
e  1831  2034  992
e  1831  1926  529
e  1832  1903  166
e  1832  1902  211
e  1833  1871  962
e  1833  1920  890
e  1833  1870  203
e  1834  1867  111
e  1834  1878  207
e  1834  1866  429
e  1835  1898  438
e  1835  1922  70
e  1835  2073  512
e  1836  1924  9
e  1836  1858  318
e  1837  1883  95
e  1837  1925  428
e  1837  1877  103
e  1838  1886  560
e  1839  1857  680
e  1839  1891  155
e  1840  1956  677
e  1840  1897  845
e  1841  1845  662
e  1841  1865  228
e  1841  1900  992
e  1842  1843  434
e  1842  1916  114
e  1842  1855  334
e  1843  1848  334
e  1844  1881  236
e  1844  1890  17
e  1844  1868  57
e  1845  1849  228
e  1846  1930  630
e  1847  1886  992
e  1847  1885  895
e  1848  1855  434
e  1848  2011  207
e  1848  1889  950
e  1849  1914  759
e  1849  1913  992
e  1849  1865  662
e  1850  1858  70
e  1850  1898  946
e  1851  1873  166
e  1852  1887  173
e  1852  1859  52
e  1853  1921  284
e  1853  1860  504
e  1854  1877  52
e  1854  1923  388
e  1855  1936  114
e  1855  1947  207
e  1856  1959  683
e  1856  1881  998
e  1857  1870  404
e  1857  2029  245
e  1857  1981  707
e  1858  1970  9
e  1858  1984  52
e  1858  1901  946
e  1859  1894  173
e  1860  1935  284
e  1860  1906  835
e  1861  1862  757
e  1861  1880  504
e  1862  1888  504
e  1863  2002  228
e  1863  1956  436
e  1864  1900  207
e  1864  1912  228
e  1865  1905  992
e  1866  1917  207
e  1866  1915  710
e  1867  1876  207
e  1868  1876  17
e  1869  1891  683
e  1870  1934  890
e  1870  2059  245
e  1871  1906  890
e  1872  1899  211
e  1873  1896  814
e  1873  1879  355
e  1874  1896  370
e  1875  1884  417
e  1876  1890  57
e  1876  1878  111
e  1877  1964  428
e  1877  1932  388
e  1878  1918  57
e  1878  1980  236
e  1878  1949  710
e  1878  1917  429
e  1879  1928  814
e  1879  1903  974
e  1880  1897  826
e  1880  1888  757
e  1881  1968  683
e  1881  1938  17
e  1882  1921  512
e  1883  1899  428
e  1884  1931  637
e  1884  1893  619
e  1885  1909  992
e  1885  1972  41
e  1886  1989  618
e  1886  1909  895
e  1887  1904  515
e  1887  1894  52
e  1888  1911  826
e  1888  1910  737
e  1889  2017  207
e  1889  1914  275
e  1890  1938  236
e  1890  1918  111
e  1891  1943  707
e  1891  1919  983
e  1892  1960  164
e  1892  1975  395
e  1893  1895  637
e  1894  1929  515
e  1894  1961  370
e  1895  1931  619
e  1895  2077  630
e  1896  1907  805
e  1896  1928  355
e  1897  2022  677
e  1897  2054  228
e  1897  1911  757
e  1898  1901  70
e  1899  1908  110
e  1899  1925  95
e  1900  1905  228
e  1901  2082  52
e  1901  2130  512
e  1901  1922  438
e  1902  1998  166
e  1902  1927  923
e  1903  1953  814
e  1903  1998  211
e  1904  1930  447
e  1904  1929  52
e  1905  1913  662
e  1905  1957  35
e  1905  1912  207
e  1906  1963  284
e  1906  1950  203
e  1906  1920  962
e  1907  1962  173
e  1907  1945  355
e  1908  1955  754
e  1908  2033  103
e  1908  1951  95
e  1909  2001  618
e  1909  2084  447
e  1909  1977  41
e  1910  1978  826
e  1911  2104  228
e  1911  1978  737
e  1912  1946  693
e  1913  1954  759
e  1913  1979  35
e  1914  2041  207
e  1914  1954  992
e  1915  1916  524
e  1915  1933  207
e  1916  1937  207
e  1916  1936  334
e  1917  1933  710
e  1918  1967  236
e  1919  1939  707
e  1920  1934  203
e  1921  1969  450
e  1921  1935  504
e  1922  2102  512
e  1923  1924  730
e  1923  1932  52
e  1924  1940  52
e  1924  1970  318
e  1925  1951  110
e  1925  1964  103
e  1926  2153  992
e  1926  2112  211
e  1926  1987  182
e  1927  2036  166
e  1927  1944  423
e  1928  1945  805
e  1928  1953  974
e  1929  1941  447
e  1929  1991  370
e  1930  2008  488
e  1930  1941  52
e  1931  2195  630
e  1932  1999  428
e  1932  2031  318
e  1932  1940  730
e  1933  1949  429
e  1933  1948  334
e  1933  1937  524
e  1934  1950  962
e  1934  1983  284
e  1934  2106  245
e  1935  2007  450
e  1935  2030  203
e  1935  1963  835
e  1936  1942  207
e  1937  1942  334
e  1938  1992  683
e  1938  1967  111
e  1939  1943  983
e  1939  1959  245
e  1940  1973  318
e  1941  2103  488
e  1941  2114  417
e  1941  1993  370
e  1942  1948  524
e  1942  2144  683
e  1942  2132  992
e  1942  1947  114
e  1943  1982  680
e  1943  1965  245
e  1944  2089  166
e  1944  2075  895
e  1944  2014  51
e  1945  1996  173
e  1945  1990  974
e  1946  1952  35
e  1947  2119  992
e  1947  2025  950
e  1947  2011  434
e  1948  1966  429
e  1948  2120  236
e  1949  2006  236
e  1949  1966  334
e  1950  1974  284
e  1951  1985  103
e  1952  1958  207
e  1952  1997  639
e  1953  1990  805
e  1953  2125  173
e  1953  2061  211
e  1954  2045  207
e  1954  1994  35
e  1955  1971  318
e  1955  2042  103
e  1956  2020  228
e  1956  2022  845
e  1957  1958  693
e  1957  1979  662
e  1957  2005  759
e  1958  2010  759
e  1958  2023  564
e  1958  2009  639
e  1959  1965  983
e  1959  1968  998
e  1960  1972  395
e  1961  1962  98
e  1961  1991  515
e  1961  2015  355
e  1962  1996  355
e  1963  1974  203
e  1964  1985  110
e  1964  1999  388
e  1965  1995  680
e  1965  1976  998
e  1966  2018  236
e  1967  2027  683
e  1967  2026  710
e  1967  1980  57
e  1968  1976  983
e  1968  1992  17
e  1969  2021  899
e  1969  2007  504
e  1970  1973  52
e  1971  1986  25
e  1971  2083  103
e  1972  1977  992
e  1972  1975  164
e  1973  2031  730
e  1973  2074  428
e  1973  2110  946
e  1973  1984  9
e  1974  2030  835
e  1974  2071  450
e  1974  2086  899
e  1974  1983  962
e  1975  1988  992
e  1975  2013  496
e  1976  2004  680
e  1976  2003  17
e  1977  2128  447
e  1977  1988  164
e  1978  2198  228
e  1979  1994  759
e  1980  2006  710
e  1981  1982  155
e  1981  2000  245
e  1982  1995  245
e  1983  2159  899
e  1983  2146  245
e  1984  2082  946
e  1985  2033  95
e  1985  2050  754
e  1985  2032  388
e  1986  2063  659
e  1986  2137  103
e  1987  2063  211
e  1988  2181  447
e  1988  2019  496
e  1989  2001  895
e  1990  2037  173
e  1991  1993  447
e  1991  2062  355
e  1992  2003  983
e  1992  2027  111
e  1993  2117  417
e  1993  2076  355
e  1994  2118  207
e  1994  2066  564
e  1994  2024  693
e  1994  2005  662
e  1995  2000  155
e  1995  2004  998
e  1996  2015  98
e  1996  2037  974
e  1997  2009  207
e  1997  2002  564
e  1998  2061  814
e  1998  2036  923
e  1999  2032  110
e  1999  2053  318
e  2000  2029  707
e  2000  2012  998
e  2001  2035  560
e  2001  2047  447
e  2002  2016  207
e  2002  2020  436
e  2003  2028  680
e  2003  2057  111
e  2004  2012  155
e  2004  2028  17
e  2005  2010  693
e  2006  2026  57
e  2006  2018  334
e  2007  2049  899
e  2007  2060  203
e  2008  2077  417
e  2008  2103  52
e  2009  2016  564
e  2010  2024  662
e  2010  2038  564
e  2011  2017  950
e  2012  2070  404
e  2012  2058  17
e  2013  2019  992
e  2014  2043  895
e  2015  2062  515
e  2015  2090  974
e  2016  2023  639
e  2016  2040  759
e  2016  2039  436
e  2017  2025  434
e  2017  2067  992
e  2017  2041  275
e  2018  2048  57
e  2018  2056  683
e  2018  2120  429
e  2019  2225  447
e  2019  2186  211
e  2019  2034  395
e  2020  2039  207
e  2020  2044  845
e  2021  2073  343
e  2021  2049  504
e  2022  2044  228
e  2023  2038  759
e  2024  2055  564
e  2025  2085  992
e  2026  2046  683
e  2026  2048  334
e  2027  2057  983
e  2027  2046  710
e  2028  2058  155
e  2028  2100  710
e  2028  2091  111
e  2029  2059  404
e  2030  2060  450
e  2031  2053  428
e  2032  2087  754
e  2032  2116  318
e  2033  2042  754
e  2034  2153  529
e  2035  2043  447
e  2036  2113  814
e  2036  2154  895
e  2036  2089  423
e  2037  2090  98
e  2037  2177  211
e  2037  2125  805
e  2038  2055  662
e  2038  2040  639
e  2039  2051  759
e  2039  2064  845
e  2040  2065  662
e  2040  2051  436
e  2041  2045  992
e  2042  2083  318
e  2042  2111  388
e  2042  2050  95
e  2043  2075  51
e  2043  2047  560
e  2044  2064  207
e  2044  2054  677
e  2045  2067  275
e  2045  2097  434
e  2045  2118  35
e  2046  2068  983
e  2046  2052  334
e  2047  2088  51
e  2047  2189  166
e  2047  2188  41
e  2047  2084  618
e  2048  2052  683
e  2049  2107  343
e  2049  2072  203
e  2050  2087  388
e  2051  2081  662
e  2051  2078  845
e  2052  2079  983
e  2052  2056  57
e  2053  2116  110
e  2053  2074  730
e  2054  2094  759
e  2054  2104  757
e  2055  2066  693
e  2055  2065  639
e  2056  2098  983
e  2056  2133  429
e  2057  2091  680
e  2057  2068  710
e  2058  2101  404
e  2058  2152  710
e  2059  2106  890
e  2059  2069  998
e  2060  2072  899
e  2060  2071  835
e  2061  2160  173
e  2061  2204  895
e  2061  2113  923
e  2062  2076  447
e  2062  2126  974
e  2063  2112  182
e  2063  2207  992
e  2063  2213  103
e  2064  2078  759
e  2065  2081  436
e  2066  2155  207
e  2066  2095  436
e  2067  2085  434
e  2068  2092  680
e  2068  2079  334
e  2069  2070  707
e  2069  2115  890
e  2070  2135  890
e  2070  2101  17
e  2071  2080  899
e  2072  2109  343
e  2072  2080  835
e  2073  2102  70
e  2073  2122  203
e  2073  2107  504
e  2074  2180  110
e  2074  2217  946
e  2075  2124  166
e  2075  2088  560
e  2076  2223  417
e  2076  2138  974
e  2077  2195  619
e  2077  2149  370
e  2077  2108  52
e  2078  2105  662
e  2078  2093  677
e  2079  2099  680
e  2079  2098  57
e  2080  2129  343
e  2080  2086  450
e  2081  2096  693
e  2081  2105  845
e  2082  2110  9
e  2082  2231  512
e  2083  2137  25
e  2083  2123  388
e  2084  2128  41
e  2085  2119  950
e  2085  2142  114
e  2085  2097  275
e  2086  2178  343
e  2086  2159  962
e  2087  2111  95
e  2087  2147  318
e  2087  2176  318
e  2088  2148  166
e  2089  2124  895
e  2090  2126  515
e  2091  2092  710
e  2092  2100  111
e  2092  2099  334
e  2093  2094  207
e  2093  2172  662
e  2093  2151  757
e  2094  2139  757
e  2095  2096  639
e  2095  2161  207
e  2095  2157  845
e  2096  2131  845
e  2097  2165  114
e  2098  2134  680
e  2098  2184  429
e  2099  2121  111
e  2099  2174  155
e  2099  2134  57
e  2100  2152  155
e  2100  2121  334
e  2101  2140  890
e  2101  2170  710
e  2102  2130  438
e  2102  2136  203
e  2103  2108  417
e  2104  2139  759
e  2104  2198  737
e  2105  2131  693
e  2105  2200  207
e  2105  2172  677
e  2106  2146  284
e  2106  2115  998
e  2107  2109  203
e  2108  2127  370
e  2108  2114  488
e  2109  2122  504
e  2109  2141  70
e  2109  2129  835
e  2110  2217  428
e  2111  2123  318
e  2112  2168  992
e  2113  2164  895
e  2114  2117  370
e  2115  2150  284
e  2115  2145  17
e  2115  2135  707
e  2116  2176  754
e  2116  2180  730
e  2117  2127  488
e  2117  2223  355
e  2118  2155  564
e  2119  2132  114
e  2120  2133  683
e  2121  2158  155
e  2122  2136  70
e  2123  2167  25
e  2123  2147  95
e  2124  2154  423
e  2124  2182  814
e  2124  2148  560
e  2125  2160  211
e  2126  2138  447
e  2127  2149  52
e  2128  2188  618
e  2128  2209  166
e  2128  2181  164
e  2129  2156  70
e  2129  2178  450
e  2130  2231  52
e  2130  2163  203
e  2131  2157  639
e  2131  2173  207
e  2132  2191  683
e  2132  2142  950
e  2133  2184  983
e  2133  2143  524
e  2134  2201  429
e  2135  2140  17
e  2136  2163  438
e  2136  2141  504
e  2137  2213  659
e  2137  2167  388
e  2139  2151  207
e  2139  2214  737
e  2140  2145  707
e  2140  2166  284
e  2140  2185  710
e  2141  2171  438
e  2141  2156  835
e  2142  2215  683
e  2142  2165  275
e  2143  2144  236
e  2143  2193  983
e  2143  2211  992
e  2144  2191  992
e  2145  2162  284
e  2146  2150  998
e  2147  2218  318
e  2148  2183  814
e  2148  2210  41
e  2148  2189  51
e  2149  2220  619
e  2150  2162  17
e  2151  2199  662
e  2152  2170  404
e  2152  2158  334
e  2153  2168  211
e  2154  2164  814
e  2155  2161  436
e  2156  2179  438
e  2156  2203  450
e  2157  2169  207
e  2158  2175  404
e  2158  2174  111
e  2159  2212  343
e  2160  2177  805
e  2160  2205  895
e  2161  2169  845
e  2162  2166  707
e  2163  2234  52
e  2163  2171  504
e  2164  2204  923
e  2164  2208  173
e  2164  2190  560
e  2164  2182  423
e  2165  2219  683
e  2166  2196  710
e  2167  2224  659
e  2168  2187  395
e  2168  2207  182
e  2169  2173  639
e  2170  2185  890
e  2170  2175  334
e  2171  2179  835
e  2172  2221  207
e  2172  2199  757
e  2173  2200  693
e  2174  2194  404
e  2175  2192  890
e  2175  2194  111
e  2176  2218  318
e  2177  2228  895
e  2178  2203  70
e  2178  2212  962
e  2181  2225  496
e  2182  2183  560
e  2183  2190  423
e  2183  2233  41
e  2184  2201  680
e  2184  2193  524
e  2185  2196  284
e  2185  2192  334
e  2186  2187  529
e  2188  2197  166
e  2189  2197  41
e  2190  2232  173
e  2191  2211  236
e  2191  2215  950
e  2192  2202  284
e  2192  2216  111
e  2193  2206  680
e  2193  2226  992
e  2194  2216  890
e  2195  2220  370
e  2196  2202  334
e  2197  2210  51
e  2197  2209  618
e  2198  2214  759
e  2199  2229  207
e  2200  2221  677
e  2201  2206  524
e  2202  2227  111
e  2203  2222  962
e  2204  2205  173
e  2205  2228  805
e  2205  2208  923
e  2206  2230  992
e  2208  2232  560
e  2210  2233  814
e  2211  2226  983
e  2212  2222  70
e  2213  2224  388
e  2215  2219  275
e  2216  2227  284
e  2221  2229  757
e  2226  2230  680
e  2231  2234  203
