p   edge 600  1145
e  0  331  143
e  0  259  132
e  0  35  646
e  1  2  143
e  1  51  355
e  1  315  359
e  1  463  51
e  1  586  646
e  2  3  346
e  2  49  355
e  3  4  451
e  3  47  355
e  4  5  355
e  5  6  39
e  5  52  346
e  5  47  451
e  6  7  422
e  6  48  643
e  6  57  143
e  7  8  546
e  7  38  643
e  8  9  643
e  9  10  482
e  9  38  546
e  10  11  13
e  10  60  332
e  10  50  546
e  11  12  332
e  12  13  349
e  12  60  13
e  13  14  212
e  13  86  546
e  13  74  13
e  14  15  704
e  14  107  191
e  14  114  546
e  15  16  220
e  15  75  191
e  16  17  813
e  16  40  598
e  16  66  191
e  17  18  598
e  18  19  403
e  18  37  581
e  18  45  191
e  18  40  813
e  19  20  581
e  20  21  191
e  20  37  403
e  21  22  807
e  21  39  403
e  22  23  31
e  22  55  403
e  23  24  132
e  23  36  31
e  23  56  359
e  23  63  403
e  24  25  31
e  25  26  359
e  25  36  132
e  26  27  94
e  26  42  132
e  27  28  156
e  27  41  931
e  27  46  132
e  28  29  931
e  29  30  715
e  29  41  156
e  30  31  474
e  30  99  418
e  30  112  51
e  30  43  156
e  31  32  478
e  31  44  418
e  32  33  418
e  33  34  51
e  33  44  478
e  34  35  488
e  34  198  132
e  34  62  478
e  35  212  132
e  36  42  359
e  37  39  191
e  38  50  482
e  38  48  422
e  39  55  807
e  39  76  359
e  39  61  813
e  39  45  581
e  40  53  191
e  41  43  715
e  41  70  132
e  42  46  94
e  42  68  403
e  42  56  31
e  43  113  51
e  43  78  132
e  44  62  51
e  44  99  474
e  45  53  813
e  46  70  931
e  46  69  403
e  47  49  346
e  48  59  482
e  49  52  451
e  49  51  143
e  50  73  332
e  50  90  143
e  50  59  422
e  51  54  451
e  51  64  39
e  51  108  482
e  51  299  359
e  52  54  143
e  53  61  581
e  53  79  220
e  53  66  598
e  54  58  39
e  55  63  31
e  55  67  359
e  56  65  403
e  57  58  346
e  57  72  482
e  58  80  482
e  58  64  451
e  59  71  143
e  60  74  349
e  60  73  546
e  61  84  359
e  61  87  220
e  62  174  132
e  62  156  156
e  62  103  474
e  63  65  359
e  64  85  482
e  65  68  31
e  65  77  94
e  65  82  807
e  65  67  31
e  66  75  220
e  67  76  807
e  68  69  94
e  69  97  931
e  69  98  813
e  69  77  31
e  70  78  715
e  70  97  403
e  71  72  643
e  71  90  422
e  71  101  332
e  71  81  346
e  72  80  346
e  73  83  349
e  73  93  143
e  74  83  546
e  75  79  598
e  75  120  359
e  75  107  704
e  76  82  31
e  76  84  813
e  77  96  813
e  77  88  807
e  78  126  51
e  78  100  403
e  79  87  581
e  79  110  359
e  80  81  643
e  80  85  451
e  81  104  332
e  81  95  451
e  82  88  94
e  82  89  813
e  83  86  13
e  83  105  143
e  84  89  31
e  84  92  94
e  84  94  220
e  85  95  643
e  85  168  332
e  85  108  39
e  86  114  212
e  86  118  143
e  87  94  359
e  88  91  813
e  89  91  94
e  90  93  332
e  91  96  807
e  91  102  31
e  91  111  220
e  91  92  31
e  92  106  220
e  93  105  349
e  93  109  346
e  93  101  422
e  94  106  94
e  94  110  581
e  95  125  332
e  96  98  31
e  97  100  715
e  97  119  813
e  98  119  931
e  98  124  220
e  98  102  807
e  99  103  51
e  100  145  51
e  100  121  813
e  101  104  346
e  102  116  220
e  103  115  156
e  103  112  418
e  104  109  422
e  104  122  349
e  104  125  451
e  105  118  13
e  105  117  346
e  106  111  31
e  106  163  931
e  106  152  546
e  106  141  581
e  107  133  359
e  107  123  546
e  108  199  332
e  108  251  359
e  109  117  349
e  110  141  94
e  110  120  598
e  111  116  31
e  111  154  931
e  112  113  156
e  113  115  418
e  113  126  132
e  114  123  191
e  114  129  143
e  115  156  474
e  115  130  132
e  116  124  807
e  116  131  931
e  117  137  13
e  117  140  191
e  117  122  422
e  118  129  212
e  118  134  191
e  118  137  346
e  119  121  715
e  119  127  220
e  120  143  94
e  120  142  546
e  120  133  704
e  121  167  51
e  121  128  220
e  122  148  191
e  122  144  451
e  123  136  359
e  123  132  143
e  124  127  931
e  125  144  349
e  125  192  191
e  125  168  643
e  126  130  418
e  126  145  403
e  127  128  715
e  127  131  807
e  128  173  51
e  128  203  143
e  128  135  807
e  129  132  191
e  130  161  474
e  130  155  403
e  131  135  715
e  131  154  31
e  132  139  359
e  132  146  346
e  132  134  212
e  133  136  546
e  134  138  346
e  135  180  143
e  135  165  31
e  136  142  704
e  136  139  143
e  137  138  191
e  138  146  212
e  138  159  359
e  138  140  13
e  139  151  94
e  139  149  346
e  140  160  359
e  140  148  422
e  141  143  598
e  142  147  94
e  143  147  546
e  144  164  191
e  145  155  418
e  145  181  220
e  145  167  813
e  146  149  359
e  147  153  581
e  147  150  143
e  148  166  359
e  148  164  451
e  149  169  94
e  149  179  13
e  149  159  212
e  150  151  704
e  150  157  581
e  151  162  581
e  151  169  346
e  152  153  598
e  152  158  143
e  153  157  143
e  154  165  715
e  154  175  143
e  154  163  31
e  155  218  474
e  155  185  220
e  156  161  132
e  157  158  598
e  157  162  704
e  158  172  931
e  158  170  704
e  159  160  13
e  160  179  212
e  160  166  422
e  161  174  156
e  161  216  478
e  161  218  403
e  162  170  598
e  162  186  346
e  163  171  143
e  164  184  359
e  164  192  349
e  165  177  143
e  166  190  212
e  166  202  94
e  166  184  451
e  167  173  220
e  168  220  191
e  168  199  39
e  169  186  581
e  169  207  931
e  169  206  422
e  169  193  13
e  170  189  931
e  170  188  346
e  171  172  546
e  171  175  31
e  172  176  31
e  172  183  715
e  172  189  704
e  173  181  813
e  173  187  418
e  173  210  143
e  174  198  478
e  175  177  715
e  175  176  546
e  176  178  715
e  177  180  31
e  177  178  546
e  178  182  31
e  178  201  346
e  178  183  31
e  179  193  94
e  179  190  422
e  180  203  807
e  180  182  546
e  181  185  418
e  182  215  807
e  182  219  51
e  182  204  346
e  183  197  346
e  183  194  704
e  184  205  94
e  184  211  349
e  185  247  474
e  185  187  813
e  186  188  598
e  186  196  931
e  187  270  474
e  187  223  143
e  188  191  931
e  189  194  715
e  189  191  346
e  190  200  94
e  191  195  715
e  191  196  598
e  192  211  359
e  192  220  643
e  193  200  422
e  194  195  346
e  195  197  704
e  195  209  31
e  195  244  422
e  195  208  598
e  196  208  715
e  196  207  581
e  197  201  31
e  198  212  488
e  198  216  156
e  199  227  191
e  200  206  13
e  200  224  931
e  200  213  451
e  200  202  212
e  201  204  31
e  201  209  704
e  202  205  451
e  203  210  51
e  203  215  546
e  204  231  51
e  204  214  704
e  205  213  212
e  205  237  931
e  205  263  349
e  206  221  931
e  207  222  715
e  207  221  422
e  208  230  422
e  208  222  581
e  209  214  31
e  209  246  422
e  210  223  418
e  210  217  546
e  211  263  94
e  211  228  643
e  212  259  646
e  212  248  403
e  212  236  156
e  213  226  931
e  214  253  51
e  214  249  422
e  215  217  51
e  216  236  488
e  216  235  403
e  217  232  418
e  217  242  346
e  217  219  807
e  218  235  478
e  218  247  220
e  219  231  346
e  220  228  359
e  220  227  39
e  221  225  715
e  221  224  13
e  222  225  422
e  223  273  474
e  223  291  488
e  223  232  546
e  224  229  715
e  224  226  451
e  225  230  581
e  225  238  451
e  225  229  13
e  226  233  715
e  226  237  212
e  227  234  359
e  228  268  94
e  228  234  39
e  229  233  451
e  230  244  598
e  230  252  31
e  230  239  451
e  231  242  807
e  231  254  418
e  231  253  704
e  232  301  488
e  232  245  346
e  233  238  13
e  233  240  581
e  233  243  212
e  234  269  94
e  234  250  332
e  235  241  488
e  235  258  220
e  236  241  403
e  237  243  715
e  237  282  39
e  238  239  581
e  239  255  31
e  239  240  13
e  240  262  31
e  240  287  51
e  240  285  212
e  241  248  156
e  241  261  220
e  242  245  418
e  243  285  581
e  243  300  51
e  243  294  39
e  244  246  31
e  245  309  488
e  245  318  451
e  245  254  807
e  246  249  31
e  246  256  451
e  246  252  598
e  247  258  478
e  247  274  143
e  247  270  813
e  248  280  646
e  248  272  220
e  249  265  51
e  249  257  451
e  250  251  191
e  250  313  94
e  250  316  482
e  251  299  482
e  252  255  451
e  253  281  418
e  253  265  422
e  254  307  451
e  254  281  704
e  255  256  598
e  255  260  31
e  255  262  13
e  256  257  31
e  257  267  51
e  257  266  13
e  257  260  598
e  258  261  488
e  258  275  143
e  259  319  143
e  259  280  403
e  260  264  13
e  261  272  156
e  261  277  143
e  262  264  31
e  263  268  643
e  264  266  598
e  264  278  51
e  265  267  451
e  266  271  51
e  267  289  418
e  267  271  13
e  268  269  39
e  269  284  931
e  269  313  332
e  270  273  143
e  271  303  418
e  271  278  598
e  272  292  646
e  272  293  143
e  273  274  813
e  273  276  478
e  274  275  478
e  275  277  488
e  275  276  813
e  276  279  488
e  277  293  156
e  277  305  646
e  277  279  813
e  278  320  418
e  278  308  212
e  278  286  31
e  279  312  646
e  279  304  546
e  279  290  474
e  280  317  143
e  280  292  220
e  281  288  451
e  282  283  643
e  282  294  715
e  283  284  349
e  283  296  715
e  284  298  715
e  284  328  332
e  285  295  51
e  286  287  31
e  286  306  212
e  287  295  212
e  288  289  422
e  288  307  704
e  289  311  704
e  289  335  807
e  289  303  13
e  290  291  478
e  290  302  546
e  291  301  546
e  292  297  143
e  293  297  646
e  294  323  51
e  294  296  643
e  295  306  31
e  295  300  581
e  296  325  51
e  296  298  349
e  297  317  220
e  297  321  403
e  297  336  546
e  297  324  813
e  297  305  156
e  298  332  51
e  298  338  332
e  299  316  191
e  299  315  355
e  300  334  31
e  300  323  39
e  301  302  478
e  301  309  346
e  302  304  474
e  302  310  346
e  303  364  807
e  303  383  488
e  303  386  39
e  303  360  212
e  303  320  598
e  304  322  646
e  304  314  346
e  305  312  813
e  306  308  31
e  306  341  418
e  306  334  581
e  307  318  807
e  307  311  422
e  308  329  418
e  309  310  478
e  309  350  451
e  310  314  474
e  310  356  451
e  311  326  807
e  312  324  156
e  312  322  546
e  313  328  931
e  313  346  482
e  314  327  646
e  314  363  451
e  315  333  191
e  315  400  931
e  315  410  51
e  316  346  94
e  316  333  355
e  317  319  403
e  318  350  488
e  318  326  422
e  319  331  132
e  319  321  220
e  320  329  212
e  321  340  132
e  322  330  156
e  322  327  346
e  323  339  31
e  323  325  643
e  324  330  546
e  325  348  418
e  325  332  349
e  326  355  488
e  326  335  704
e  327  337  156
e  327  365  451
e  328  338  715
e  328  354  482
e  329  360  598
e  329  345  39
e  329  341  31
e  330  336  813
e  330  337  346
e  331  402  346
e  331  340  220
e  332  359  418
e  332  357  332
e  333  353  94
e  333  375  931
e  334  339  39
e  335  367  488
e  335  364  13
e  336  344  346
e  337  344  813
e  337  389  451
e  338  357  51
e  338  362  482
e  339  343  418
e  340  380  346
e  341  342  39
e  342  343  581
e  342  345  31
e  343  349  31
e  343  347  643
e  344  382  132
e  344  432  451
e  345  378  598
e  345  352  643
e  345  349  581
e  346  354  931
e  346  353  355
e  347  348  31
e  347  351  31
e  347  370  349
e  348  359  349
e  349  351  643
e  350  356  478
e  350  355  422
e  351  352  581
e  351  377  349
e  352  391  598
e  352  412  488
e  352  385  349
e  353  358  931
e  354  362  715
e  354  358  355
e  355  361  478
e  355  367  704
e  356  363  474
e  356  368  646
e  356  361  422
e  357  388  418
e  357  376  355
e  357  372  482
e  358  366  715
e  358  393  51
e  358  375  94
e  359  370  31
e  359  388  332
e  360  378  39
e  361  369  646
e  361  379  704
e  362  372  51
e  362  366  355
e  363  365  646
e  364  374  488
e  365  389  156
e  365  371  422
e  365  368  474
e  366  373  51
e  367  379  478
e  367  374  13
e  368  369  422
e  369  371  474
e  369  387  704
e  370  377  31
e  370  418  332
e  371  399  156
e  371  413  13
e  371  392  704
e  372  373  355
e  373  376  482
e  373  396  418
e  373  422  191
e  373  411  94
e  373  393  715
e  374  384  478
e  374  383  807
e  375  401  51
e  375  400  191
e  376  394  418
e  377  385  581
e  377  429  355
e  377  427  332
e  378  386  212
e  378  403  488
e  378  391  643
e  379  387  646
e  379  384  13
e  380  381  546
e  380  402  220
e  381  382  403
e  381  414  220
e  381  454  451
e  382  439  451
e  383  397  478
e  383  398  39
e  384  390  646
e  384  397  807
e  385  425  488
e  385  443  355
e  386  398  488
e  387  392  474
e  387  390  13
e  388  418  31
e  388  394  355
e  389  432  813
e  389  453  132
e  389  399  422
e  390  395  474
e  390  417  39
e  390  404  807
e  391  405  488
e  392  395  13
e  393  401  94
e  394  423  31
e  394  396  482
e  395  413  704
e  395  442  156
e  395  426  39
e  396  433  31
e  396  471  488
e  396  461  191
e  397  404  646
e  397  407  39
e  398  407  478
e  398  408  643
e  398  403  212
e  399  459  132
e  399  436  13
e  400  406  51
e  401  411  715
e  401  406  191
e  402  555  451
e  402  414  546
e  403  405  643
e  404  409  39
e  405  408  212
e  405  419  478
e  405  424  646
e  405  412  598
e  406  420  715
e  406  492  418
e  406  410  931
e  407  409  646
e  407  415  643
e  408  415  478
e  409  417  807
e  409  416  643
e  410  503  418
e  410  463  359
e  411  420  191
e  412  430  646
e  412  425  349
e  413  436  156
e  414  489  451
e  415  416  646
e  415  419  212
e  416  431  807
e  416  438  474
e  416  421  212
e  417  426  474
e  417  431  643
e  418  427  31
e  418  423  355
e  419  421  646
e  420  422  94
e  420  475  418
e  421  446  474
e  421  451  349
e  421  435  598
e  421  424  478
e  422  461  418
e  423  428  31
e  423  433  482
e  424  430  598
e  425  437  646
e  425  444  355
e  426  457  156
e  426  434  643
e  427  428  355
e  428  429  332
e  428  447  488
e  428  441  482
e  429  443  581
e  429  445  488
e  430  435  478
e  430  437  349
e  431  434  474
e  432  439  132
e  433  441  31
e  433  462  488
e  434  470  156
e  434  452  212
e  434  438  807
e  435  440  349
e  436  494  132
e  436  478  39
e  436  442  704
e  437  440  478
e  437  450  355
e  438  446  212
e  439  454  403
e  439  466  422
e  439  453  813
e  440  451  598
e  440  472  474
e  440  455  355
e  441  448  488
e  442  457  39
e  443  444  488
e  444  450  646
e  444  449  332
e  444  445  581
e  445  447  332
e  446  452  807
e  446  467  349
e  447  449  581
e  447  458  646
e  447  448  482
e  448  460  646
e  448  462  31
e  449  456  646
e  450  455  478
e  450  456  332
e  451  467  474
e  452  485  156
e  452  487  355
e  452  481  349
e  453  459  422
e  454  489  220
e  454  477  422
e  455  474  474
e  455  465  332
e  456  465  478
e  456  464  482
e  456  458  581
e  457  478  704
e  457  470  643
e  458  460  482
e  459  466  813
e  459  499  39
e  459  494  13
e  460  464  581
e  460  469  478
e  460  473  31
e  461  501  488
e  461  475  94
e  462  473  646
e  462  471  31
e  463  506  418
e  463  565  646
e  464  468  478
e  465  480  474
e  465  468  482
e  466  477  403
e  466  512  39
e  467  481  807
e  467  476  355
e  467  472  598
e  468  482  474
e  468  469  581
e  469  496  474
e  469  483  31
e  470  498  704
e  470  514  132
e  470  504  355
e  470  485  212
e  471  479  646
e  471  501  191
e  472  474  355
e  473  483  478
e  473  479  31
e  474  476  598
e  474  484  482
e  474  480  332
e  475  520  646
e  475  518  359
e  475  492  715
e  476  486  807
e  476  493  482
e  477  525  220
e  477  515  39
e  478  495  132
e  478  498  643
e  479  488  478
e  479  505  191
e  480  482  482
e  481  486  355
e  482  484  332
e  482  497  598
e  482  513  156
e  482  496  581
e  483  522  474
e  483  488  31
e  484  493  598
e  485  490  355
e  486  487  349
e  486  491  156
e  486  500  482
e  487  490  156
e  488  529  474
e  488  521  191
e  489  555  546
e  489  587  39
e  489  525  422
e  490  504  212
e  490  532  132
e  490  491  349
e  491  534  132
e  491  502  482
e  492  511  359
e  492  503  931
e  493  500  807
e  493  497  332
e  494  495  39
e  495  499  13
e  495  516  813
e  495  524  403
e  495  509  643
e  496  538  156
e  496  522  31
e  497  507  807
e  497  510  156
e  498  509  132
e  499  512  813
e  500  502  156
e  500  507  332
e  501  505  646
e  502  535  132
e  502  508  332
e  503  506  359
e  504  526  132
e  505  521  478
e  505  519  94
e  506  511  931
e  506  541  646
e  507  508  156
e  508  549  132
e  508  523  598
e  508  510  807
e  509  527  403
e  509  530  355
e  509  514  704
e  510  513  598
e  511  518  715
e  511  537  646
e  512  515  403
e  512  516  13
e  513  523  807
e  513  538  581
e  514  526  355
e  515  551  220
e  515  547  643
e  515  517  13
e  516  517  403
e  517  528  643
e  517  524  813
e  518  531  646
e  519  520  488
e  519  544  478
e  519  533  359
e  520  531  359
e  521  550  474
e  521  544  94
e  522  561  156
e  522  566  191
e  522  529  31
e  523  570  132
e  524  527  643
e  525  551  39
e  526  530  704
e  526  546  403
e  526  545  482
e  526  539  349
e  526  532  212
e  527  528  813
e  527  536  355
e  528  547  13
e  528  540  355
e  529  550  191
e  530  536  403
e  531  533  488
e  531  537  715
e  532  534  349
e  533  554  478
e  533  543  715
e  534  539  212
e  534  535  482
e  535  542  212
e  535  559  403
e  535  549  332
e  536  540  813
e  536  546  704
e  537  543  488
e  537  541  931
e  538  585  132
e  538  581  191
e  538  561  31
e  539  542  482
e  540  558  13
e  540  574  220
e  540  562  482
e  540  552  704
e  541  548  488
e  541  565  418
e  542  545  349
e  542  556  403
e  543  568  478
e  543  548  931
e  544  576  474
e  544  554  359
e  545  553  403
e  546  552  813
e  546  553  482
e  547  560  220
e  547  558  355
e  548  569  478
e  548  580  418
e  549  564  403
e  549  570  598
e  550  566  31
e  550  575  156
e  550  576  94
e  551  587  422
e  551  577  355
e  551  560  643
e  552  557  482
e  553  557  813
e  553  556  349
e  554  579  474
e  554  568  715
e  555  596  39
e  556  563  813
e  556  559  212
e  557  562  704
e  557  563  349
e  558  567  220
e  559  564  332
e  560  567  355
e  561  571  191
e  562  582  220
e  562  578  349
e  563  578  704
e  563  572  332
e  564  573  813
e  564  594  598
e  565  580  488
e  565  586  51
e  566  571  156
e  567  577  643
e  567  592  482
e  567  574  13
e  568  597  474
e  568  569  931
e  569  598  474
e  570  594  403
e  570  584  581
e  571  581  31
e  571  575  31
e  572  573  212
e  572  583  704
e  574  582  482
e  575  589  94
e  576  589  156
e  576  579  359
e  577  595  422
e  578  588  220
e  578  583  332
e  579  591  156
e  579  597  715
e  581  593  132
e  582  592  13
e  582  588  349
e  583  590  220
e  584  585  807
e  585  593  191
e  587  596  546
e  587  595  355
e  588  590  332
e  589  591  359
e  595  599  546
e  596  599  355
e  597  598  931
