p   edge 1716  3309
e  0  1676  394
e  0  891  297
e  0  60  446
e  1  2  394
e  1  110  217
e  1  305  581
e  1  625  387
e  1  821  869
e  1  1619  330
e  2  3  217
e  3  4  956
e  3  88  581
e  3  110  394
e  4  5  96
e  4  76  581
e  5  6  297
e  5  74  581
e  6  7  832
e  6  73  581
e  7  8  191
e  7  61  581
e  8  9  581
e  9  10  536
e  9  61  191
e  10  11  765
e  10  82  191
e  11  12  212
e  11  86  479
e  11  89  191
e  12  13  479
e  13  14  346
e  13  122  191
e  13  86  212
e  14  15  604
e  14  71  479
e  14  150  387
e  14  134  191
e  15  16  114
e  15  66  479
e  16  17  479
e  17  18  931
e  17  62  387
e  17  66  114
e  18  19  387
e  19  20  963
e  19  62  931
e  20  21  709
e  20  65  81
e  20  67  931
e  21  22  80
e  21  63  81
e  22  23  81
e  23  24  202
e  23  79  523
e  23  63  80
e  24  25  774
e  24  78  523
e  25  26  523
e  26  27  947
e  26  83  202
e  26  78  774
e  27  28  105
e  27  98  202
e  28  29  212
e  28  106  202
e  29  30  827
e  29  128  634
e  29  138  202
e  30  31  880
e  30  93  634
e  31  32  634
e  32  33  655
e  32  72  83
e  32  93  880
e  33  34  536
e  33  68  83
e  34  35  83
e  35  36  713
e  35  68  536
e  36  37  162
e  36  96  536
e  37  38  899
e  37  101  708
e  37  107  536
e  38  39  214
e  38  64  708
e  39  40  708
e  40  41  721
e  40  64  214
e  41  42  419
e  41  143  214
e  42  43  98
e  42  97  624
e  42  113  869
e  42  146  214
e  43  44  950
e  43  95  624
e  44  45  624
e  45  46  639
e  45  91  869
e  45  95  950
e  46  47  869
e  47  48  392
e  47  114  950
e  47  91  639
e  48  49  459
e  48  120  950
e  49  50  497
e  49  162  248
e  49  189  950
e  50  51  791
e  50  130  248
e  51  52  668
e  51  69  628
e  51  115  248
e  52  53  628
e  53  54  570
e  53  70  248
e  53  69  668
e  54  55  248
e  55  56  715
e  55  70  570
e  56  57  911
e  56  116  668
e  56  84  570
e  57  58  793
e  57  140  668
e  58  59  330
e  58  169  668
e  59  60  713
e  59  205  668
e  60  883  297
e  60  480  668
e  61  82  536
e  61  75  297
e  61  73  832
e  62  67  963
e  62  90  81
e  62  85  114
e  63  100  523
e  63  94  931
e  63  65  709
e  64  143  721
e  64  154  419
e  64  139  536
e  64  101  899
e  65  77  931
e  66  85  387
e  66  71  604
e  67  77  81
e  68  96  713
e  68  72  655
e  69  80  248
e  70  84  715
e  70  80  668
e  71  87  387
e  72  99  713
e  72  153  880
e  73  74  297
e  74  75  832
e  74  76  96
e  75  111  536
e  75  124  479
e  75  81  96
e  76  81  832
e  76  88  956
e  77  94  709
e  77  119  523
e  77  126  114
e  77  90  963
e  78  79  202
e  79  83  774
e  79  127  947
e  79  100  80
e  80  92  715
e  80  156  791
e  80  115  628
e  81  131  479
e  81  148  956
e  82  89  765
e  82  117  479
e  82  111  297
e  83  98  947
e  84  92  668
e  85  105  81
e  85  87  604
e  86  103  191
e  87  108  81
e  87  158  191
e  87  150  479
e  88  148  832
e  88  183  479
e  88  247  346
e  88  160  394
e  89  103  479
e  90  105  114
e  91  102  950
e  92  116  570
e  92  190  911
e  92  211  793
e  92  431  950
e  92  315  791
e  93  153  83
e  93  195  202
e  93  128  827
e  94  112  523
e  95  102  869
e  95  97  98
e  96  107  162
e  96  99  655
e  97  104  869
e  98  106  105
e  98  135  80
e  98  127  774
e  99  109  162
e  99  179  880
e  100  132  947
e  100  112  931
e  101  129  536
e  102  114  639
e  102  104  98
e  103  122  212
e  103  144  346
e  103  125  297
e  103  117  765
e  104  118  639
e  104  155  392
e  104  113  624
e  105  126  963
e  105  108  604
e  106  138  212
e  106  141  80
e  107  129  708
e  107  109  655
e  108  137  963
e  108  198  523
e  108  177  191
e  109  133  708
e  109  204  880
e  110  160  581
e  111  121  479
e  112  142  947
e  112  119  709
e  113  188  392
e  113  187  214
e  114  120  392
e  114  118  98
e  115  130  791
e  116  140  911
e  117  121  297
e  118  123  392
e  119  164  947
e  119  168  114
e  120  189  459
e  120  123  98
e  121  125  765
e  121  159  346
e  121  136  96
e  121  124  536
e  122  134  346
e  123  199  459
e  123  257  214
e  123  155  639
e  124  131  96
e  125  147  346
e  126  168  523
e  126  137  604
e  127  132  80
e  128  172  202
e  129  139  899
e  129  133  655
e  130  156  628
e  130  162  497
e  131  136  536
e  131  165  346
e  131  175  956
e  132  135  774
e  132  142  931
e  133  145  899
e  133  207  880
e  134  157  387
e  134  149  297
e  134  144  212
e  135  141  105
e  136  161  346
e  137  173  523
e  138  172  634
e  138  163  80
e  139  225  419
e  139  145  655
e  140  169  793
e  140  190  570
e  141  163  212
e  141  151  931
e  142  152  105
e  142  164  709
e  143  146  419
e  144  147  297
e  145  242  419
e  145  278  869
e  145  290  202
e  145  271  880
e  146  187  869
e  146  154  721
e  147  149  212
e  147  166  96
e  147  159  765
e  148  175  479
e  149  167  387
e  149  174  96
e  150  157  191
e  151  152  774
e  151  171  212
e  152  186  212
e  152  178  709
e  153  179  713
e  153  214  202
e  154  232  869
e  154  225  536
e  155  188  624
e  156  315  715
e  156  210  497
e  157  158  479
e  157  167  297
e  158  177  81
e  158  170  297
e  159  161  96
e  160  295  346
e  160  410  387
e  160  305  217
e  161  166  765
e  161  181  387
e  161  165  536
e  162  210  628
e  162  241  950
e  163  192  634
e  163  171  931
e  164  178  105
e  164  220  212
e  164  215  114
e  165  193  387
e  165  197  956
e  166  174  212
e  166  180  387
e  167  170  479
e  167  176  96
e  168  215  947
e  168  173  604
e  169  205  330
e  169  202  570
e  170  191  81
e  170  182  96
e  171  196  634
e  171  201  709
e  171  186  774
e  172  195  827
e  172  192  80
e  173  224  947
e  173  213  191
e  173  198  963
e  174  176  387
e  175  197  346
e  175  183  832
e  176  182  479
e  176  180  212
e  177  208  523
e  177  191  297
e  178  194  212
e  179  204  162
e  179  209  708
e  179  218  202
e  180  181  765
e  181  185  479
e  181  193  536
e  182  203  81
e  182  184  765
e  183  206  346
e  184  185  212
e  184  212  81
e  185  223  81
e  185  200  536
e  186  194  709
e  187  226  392
e  187  256  536
e  187  232  721
e  188  226  214
e  189  241  248
e  189  199  98
e  190  202  793
e  191  219  523
e  191  203  96
e  192  217  827
e  192  196  931
e  193  200  479
e  193  216  956
e  194  201  774
e  194  239  634
e  194  238  114
e  194  220  105
e  195  214  83
e  195  217  80
e  196  221  827
e  196  273  713
e  196  222  709
e  197  216  387
e  197  206  832
e  198  208  191
e  199  259  248
e  200  229  81
e  200  228  956
e  201  222  634
e  202  279  330
e  202  211  911
e  203  237  523
e  203  212  765
e  204  207  708
e  205  480  713
e  205  786  191
e  205  279  570
e  206  227  387
e  206  247  479
e  207  271  899
e  207  244  202
e  207  209  162
e  208  213  963
e  208  219  297
e  209  236  202
e  210  344  715
e  210  314  950
e  211  345  330
e  211  605  950
e  212  264  523
e  212  249  536
e  212  223  212
e  213  246  947
e  213  230  297
e  214  218  713
e  214  233  80
e  215  231  212
e  215  224  604
e  216  228  479
e  216  227  832
e  217  233  83
e  217  221  931
e  218  236  708
e  218  235  80
e  219  230  963
e  219  237  96
e  220  231  114
e  221  234  83
e  221  252  713
e  222  286  713
e  222  299  191
e  222  239  774
e  223  229  536
e  224  243  212
e  224  246  191
e  225  245  869
e  225  242  655
e  226  258  639
e  226  300  536
e  227  248  479
e  227  322  394
e  227  296  479
e  228  265  81
e  228  248  832
e  229  249  212
e  229  284  523
e  229  265  956
e  230  260  947
e  230  266  96
e  231  238  105
e  231  243  604
e  232  245  536
e  233  235  713
e  233  234  931
e  234  240  713
e  235  240  931
e  236  244  162
e  236  253  931
e  237  266  963
e  237  264  765
e  238  270  634
e  238  268  191
e  238  251  604
e  239  282  191
e  239  270  114
e  240  254  708
e  240  294  709
e  240  288  827
e  240  252  83
e  241  314  628
e  241  259  98
e  242  255  869
e  243  251  105
e  243  250  191
e  244  277  899
e  244  262  931
e  245  256  721
e  245  255  655
e  246  250  212
e  246  260  297
e  247  296  387
e  247  295  394
e  248  283  81
e  248  360  394
e  249  275  523
e  250  261  105
e  250  267  297
e  251  261  191
e  252  273  827
e  253  254  80
e  253  262  162
e  254  263  162
e  254  298  709
e  255  269  721
e  255  346  931
e  255  278  419
e  256  300  392
e  256  269  655
e  257  258  624
e  257  429  248
e  257  353  536
e  258  336  536
e  259  343  628
e  259  564  931
e  259  428  214
e  260  267  212
e  260  280  96
e  261  268  604
e  261  276  634
e  261  272  297
e  262  289  899
e  262  263  80
e  263  291  899
e  263  370  191
e  263  318  709
e  264  308  212
e  264  275  536
e  265  301  523
e  265  283  832
e  266  280  947
e  266  287  212
e  267  272  105
e  267  281  96
e  268  274  634
e  269  313  392
e  269  383  931
e  270  274  191
e  271  277  202
e  272  285  634
e  272  297  96
e  273  288  83
e  273  286  709
e  274  282  114
e  274  293  297
e  274  276  604
e  275  333  212
e  275  284  212
e  276  285  297
e  277  290  880
e  277  289  931
e  278  342  931
e  278  329  202
e  279  735  191
e  279  345  911
e  280  281  212
e  281  297  105
e  281  325  634
e  281  316  765
e  281  287  947
e  282  299  774
e  282  309  297
e  283  331  523
e  283  384  394
e  284  355  212
e  284  301  956
e  285  293  604
e  285  339  713
e  285  304  96
e  286  292  83
e  286  311  708
e  286  310  191
e  287  307  765
e  288  292  709
e  289  303  880
e  289  291  80
e  290  329  869
e  290  303  931
e  291  312  880
e  291  356  869
e  291  371  191
e  292  294  827
e  292  302  708
e  293  309  114
e  293  327  713
e  294  298  708
e  295  306  387
e  296  306  394
e  297  304  634
e  298  318  162
e  298  323  191
e  298  302  827
e  299  310  713
e  299  317  297
e  300  336  639
e  300  313  655
e  301  358  212
e  301  331  832
e  302  320  191
e  302  311  83
e  303  330  869
e  303  312  80
e  304  351  713
e  304  349  765
e  304  325  105
e  305  539  387
e  306  322  479
e  306  411  479
e  306  575  81
e  306  650  523
e  306  574  217
e  306  410  346
e  307  308  963
e  307  316  947
e  308  324  947
e  308  333  536
e  309  317  774
e  310  319  708
e  310  321  297
e  311  319  191
e  312  335  869
e  313  361  639
e  313  390  931
e  314  387  715
e  314  343  98
e  315  344  497
e  316  338  634
e  316  363  536
e  316  324  963
e  317  321  713
e  318  334  191
e  319  320  83
e  319  328  297
e  320  323  827
e  320  332  297
e  321  328  708
e  321  326  114
e  322  360  479
e  323  334  162
e  323  341  297
e  324  348  536
e  325  338  765
e  326  327  774
e  326  337  708
e  327  340  708
e  327  339  604
e  328  332  83
e  328  337  114
e  329  330  931
e  330  342  202
e  330  347  419
e  330  335  80
e  331  394  212
e  331  412  394
e  332  341  827
e  332  350  114
e  333  348  947
e  333  362  956
e  333  355  212
e  334  370  709
e  334  372  899
e  334  352  297
e  335  359  419
e  335  356  880
e  336  353  624
e  336  361  655
e  337  350  83
e  337  340  774
e  338  349  105
e  338  369  536
e  339  354  708
e  339  351  96
e  340  365  83
e  340  364  96
e  340  354  604
e  341  352  162
e  342  346  419
e  343  430  715
e  343  572  931
e  344  387  950
e  345  694  191
e  345  673  950
e  346  383  721
e  346  347  202
e  347  389  721
e  347  359  80
e  348  363  963
e  348  374  634
e  348  373  956
e  349  402  713
e  349  385  536
e  350  377  162
e  350  368  96
e  350  365  774
e  351  357  708
e  351  402  765
e  352  382  899
e  352  393  96
e  352  376  114
e  353  478  248
e  353  378  655
e  354  357  96
e  355  358  956
e  356  400  419
e  356  391  191
e  357  364  604
e  357  367  83
e  357  406  765
e  358  362  212
e  358  379  947
e  358  394  832
e  359  395  721
e  359  425  392
e  359  424  191
e  359  400  880
e  360  384  81
e  360  411  479
e  361  378  624
e  361  427  931
e  362  373  947
e  363  369  634
e  364  366  83
e  365  366  96
e  366  368  774
e  366  367  604
e  367  375  774
e  367  397  162
e  367  419  765
e  368  380  162
e  368  375  604
e  369  385  105
e  369  396  956
e  369  374  963
e  370  371  899
e  371  391  869
e  371  399  297
e  371  372  709
e  372  382  297
e  373  386  634
e  373  379  212
e  374  386  956
e  375  388  162
e  376  377  827
e  376  381  96
e  377  380  96
e  378  499  248
e  378  438  931
e  379  392  634
e  380  381  827
e  380  388  604
e  381  393  114
e  381  421  899
e  381  398  604
e  382  399  709
e  382  404  869
e  382  408  96
e  383  390  392
e  383  389  202
e  384  412  523
e  384  464  479
e  385  418  708
e  385  407  956
e  386  396  963
e  386  392  212
e  387  432  791
e  387  430  98
e  388  398  827
e  388  397  774
e  389  401  392
e  389  395  80
e  390  427  639
e  390  426  80
e  390  401  202
e  391  409  419
e  391  403  297
e  392  416  105
e  392  413  832
e  393  408  899
e  394  414  634
e  394  461  394
e  395  405  392
e  396  407  105
e  397  420  827
e  397  436  765
e  398  442  899
e  398  455  869
e  398  420  774
e  399  403  869
e  400  409  191
e  401  405  80
e  402  406  708
e  403  423  419
e  403  404  709
e  404  440  419
e  404  422  96
e  405  426  202
e  405  439  639
e  405  444  191
e  405  425  721
e  406  419  83
e  406  417  536
e  407  433  708
e  407  415  212
e  408  422  869
e  408  421  114
e  409  424  880
e  409  423  297
e  410  539  217
e  411  464  81
e  412  461  212
e  412  514  479
e  413  414  947
e  413  457  105
e  413  475  708
e  413  507  394
e  414  486  394
e  415  416  963
e  415  447  708
e  416  456  708
e  416  457  832
e  417  418  713
e  417  450  83
e  417  435  956
e  418  433  956
e  419  436  162
e  419  450  536
e  420  463  869
e  420  454  765
e  421  434  869
e  421  442  604
e  422  451  419
e  422  434  114
e  423  441  880
e  423  460  392
e  423  440  709
e  424  443  392
e  424  441  297
e  425  443  191
e  426  437  639
e  427  438  624
e  427  437  80
e  428  429  459
e  428  529  931
e  428  496  536
e  429  478  536
e  430  479  791
e  430  598  931
e  431  432  497
e  431  605  793
e  431  497  98
e  432  479  98
e  433  435  713
e  433  447  212
e  434  476  419
e  434  445  604
e  435  458  83
e  435  449  212
e  436  454  827
e  436  482  869
e  436  459  536
e  437  448  624
e  437  439  202
e  438  500  248
e  438  448  80
e  439  453  624
e  439  467  191
e  440  472  392
e  440  451  96
e  441  446  392
e  442  445  869
e  443  444  721
e  443  446  297
e  444  467  639
e  444  452  297
e  445  494  419
e  445  470  765
e  445  455  899
e  446  452  721
e  446  460  880
e  447  449  713
e  447  456  963
e  448  512  248
e  448  453  202
e  449  489  83
e  449  483  832
e  449  462  963
e  450  459  162
e  450  458  956
e  451  473  392
e  451  476  114
e  452  474  639
e  452  484  96
e  453  521  248
e  453  481  191
e  454  466  869
e  455  463  774
e  456  462  713
e  456  465  832
e  457  465  708
e  458  468  162
e  458  489  212
e  459  487  869
e  459  468  956
e  460  477  96
e  460  472  709
e  461  486  634
e  461  563  479
e  462  469  832
e  463  466  765
e  464  514  523
e  464  575  479
e  465  469  713
e  465  475  105
e  466  471  899
e  466  493  536
e  466  482  827
e  467  481  624
e  467  474  297
e  468  492  869
e  468  498  212
e  469  483  963
e  469  525  83
e  469  561  869
e  469  548  394
e  469  491  105
e  470  471  774
e  470  510  419
e  470  526  536
e  471  501  536
e  472  473  96
e  473  477  709
e  473  490  721
e  473  506  114
e  474  488  624
e  474  504  96
e  475  491  713
e  475  515  394
e  476  506  392
e  476  494  604
e  477  485  721
e  478  496  459
e  478  502  931
e  478  499  655
e  479  497  497
e  479  628  191
e  480  849  297
e  480  818  191
e  481  522  248
e  481  488  297
e  482  487  536
e  483  508  83
e  484  485  880
e  484  504  639
e  484  495  709
e  485  490  709
e  486  507  947
e  486  540  708
e  486  595  479
e  487  493  827
e  487  492  956
e  488  532  248
e  488  519  96
e  489  498  162
e  489  508  832
e  490  495  880
e  490  536  639
e  490  531  114
e  491  524  394
e  492  503  827
e  492  516  899
e  492  513  212
e  493  501  899
e  493  503  956
e  494  517  392
e  494  510  765
e  495  518  639
e  496  509  931
e  497  665  793
e  497  639  191
e  498  513  869
e  498  511  832
e  499  500  931
e  500  502  655
e  500  520  459
e  500  512  80
e  501  526  774
e  501  505  956
e  502  509  459
e  503  505  899
e  504  519  624
e  504  518  709
e  505  534  774
e  505  542  419
e  505  552  212
e  505  516  827
e  506  531  721
e  506  517  604
e  507  515  708
e  508  511  162
e  508  525  963
e  509  529  536
e  509  559  191
e  509  545  80
e  509  520  655
e  510  530  392
e  510  535  536
e  511  523  869
e  511  533  963
e  512  528  459
e  512  527  191
e  512  521  202
e  513  541  899
e  513  523  832
e  514  563  212
e  514  616  479
e  515  524  713
e  515  540  947
e  516  541  212
e  517  550  721
e  517  530  765
e  518  543  624
e  518  536  880
e  519  562  248
e  519  543  709
e  520  528  80
e  521  522  191
e  522  527  202
e  522  544  459
e  522  532  297
e  523  554  899
e  523  547  963
e  524  548  105
e  524  593  869
e  524  576  947
e  525  533  162
e  525  558  869
e  526  535  419
e  526  534  956
e  527  537  459
e  528  545  655
e  528  537  191
e  529  564  214
e  529  587  628
e  529  568  191
e  530  557  721
e  530  579  956
e  530  553  536
e  531  555  639
e  531  550  604
e  532  546  459
e  532  562  96
e  533  547  869
e  534  538  419
e  535  553  392
e  535  538  956
e  536  555  114
e  537  551  655
e  537  549  297
e  537  544  202
e  538  556  392
e  538  542  774
e  539  574  346
e  539  625  581
e  540  576  713
e  540  617  479
e  541  552  827
e  541  554  832
e  542  567  392
e  542  578  212
e  543  607  248
e  543  581  114
e  544  546  297
e  545  551  191
e  546  549  202
e  546  584  655
e  546  583  96
e  547  609  899
e  547  571  394
e  547  558  162
e  548  565  869
e  549  560  655
e  550  570  639
e  550  557  765
e  551  559  80
e  551  560  297
e  552  578  419
e  552  566  832
e  553  556  956
e  554  566  827
e  554  618  419
e  554  614  394
e  554  609  963
e  555  582  624
e  555  580  765
e  555  570  604
e  556  579  536
e  556  591  721
e  556  567  774
e  557  573  639
e  557  590  956
e  558  569  394
e  558  561  83
e  559  568  536
e  560  586  536
e  560  610  628
e  560  584  202
e  561  565  394
e  562  583  459
e  562  607  709
e  563  595  634
e  563  651  479
e  564  572  628
e  565  569  83
e  565  577  162
e  565  593  105
e  566  589  419
e  567  637  721
e  567  596  212
e  568  588  628
e  568  585  297
e  569  571  162
e  570  573  765
e  571  613  899
e  571  764  392
e  571  653  105
e  571  577  83
e  572  598  715
e  572  592  191
e  572  587  214
e  573  580  604
e  573  601  624
e  573  603  956
e  574  679  523
e  574  695  212
e  574  750  708
e  574  739  581
e  575  616  523
e  576  640  869
e  576  652  479
e  577  626  105
e  578  596  392
e  578  589  832
e  579  590  721
e  580  597  624
e  581  582  880
e  581  630  248
e  581  608  765
e  582  597  765
e  583  621  655
e  583  638  628
e  583  633  709
e  584  615  628
e  584  621  96
e  585  586  80
e  585  594  628
e  586  599  628
e  587  588  191
e  588  592  214
e  588  594  297
e  589  602  392
e  589  618  827
e  590  603  639
e  590  591  536
e  591  604  639
e  591  637  774
e  592  606  715
e  592  600  297
e  593  626  162
e  593  723  479
e  593  640  947
e  594  600  214
e  594  599  80
e  595  617  708
e  595  686  479
e  596  644  721
e  596  602  832
e  597  608  880
e  597  601  604
e  598  606  191
e  599  611  214
e  599  634  715
e  599  627  202
e  599  610  536
e  600  612  715
e  600  611  80
e  601  620  880
e  601  619  956
e  602  647  721
e  602  700  639
e  602  642  394
e  602  636  827
e  603  619  624
e  603  604  536
e  604  623  624
e  604  655  832
e  605  673  330
e  605  676  191
e  605  665  98
e  606  629  791
e  606  612  297
e  607  633  459
e  607  660  765
e  607  630  114
e  608  632  248
e  608  620  604
e  609  613  394
e  610  615  202
e  611  622  715
e  612  635  791
e  612  622  80
e  613  614  963
e  613  654  419
e  613  698  392
e  614  631  419
e  615  627  536
e  615  624  96
e  616  651  212
e  616  650  81
e  617  652  713
e  617  715  869
e  617  714  217
e  617  697  479
e  618  636  392
e  618  631  394
e  619  658  880
e  619  623  536
e  620  659  248
e  620  658  956
e  621  624  628
e  622  670  791
e  622  662  96
e  622  634  214
e  623  668  880
e  623  677  248
e  623  684  832
e  624  643  536
e  624  661  715
e  624  638  655
e  625  739  346
e  625  768  708
e  626  653  83
e  626  741  479
e  627  645  715
e  627  643  96
e  628  629  931
e  628  639  497
e  629  646  497
e  629  635  297
e  630  632  765
e  631  641  392
e  631  654  963
e  632  660  114
e  632  678  459
e  632  659  604
e  633  720  628
e  633  672  765
e  634  645  202
e  635  648  497
e  635  670  80
e  636  641  394
e  637  644  212
e  638  691  715
e  638  720  709
e  639  669  793
e  639  664  297
e  639  646  931
e  640  675  479
e  641  642  827
e  641  666  963
e  642  706  639
e  642  699  963
e  643  649  715
e  644  647  832
e  645  649  96
e  646  648  297
e  647  657  639
e  648  664  931
e  648  681  793
e  648  688  80
e  649  663  214
e  649  661  536
e  650  680  212
e  650  679  217
e  651  686  634
e  651  685  217
e  651  680  81
e  652  675  869
e  653  769  392
e  653  763  479
e  654  666  392
e  655  656  212
e  655  684  624
e  656  657  774
e  656  690  624
e  657  711  624
e  657  707  394
e  657  700  721
e  658  667  248
e  658  668  536
e  659  667  956
e  660  672  459
e  661  703  214
e  661  780  791
e  661  691  655
e  662  663  202
e  662  687  791
e  663  710  791
e  663  703  536
e  664  674  793
e  665  669  191
e  666  699  827
e  666  795  639
e  666  830  479
e  666  794  105
e  666  698  419
e  667  702  459
e  667  671  536
e  668  671  248
e  669  676  98
e  669  674  297
e  670  688  497
e  670  687  96
e  671  712  459
e  671  677  880
e  672  730  628
e  672  678  114
e  673  689  191
e  674  682  98
e  674  681  931
e  675  723  947
e  675  762  162
e  675  737  217
e  675  715  713
e  676  689  330
e  676  682  297
e  677  754  459
e  677  721  832
e  678  746  628
e  678  701  956
e  679  683  212
e  680  683  217
e  681  692  98
e  681  726  330
e  681  725  96
e  681  716  80
e  682  693  330
e  682  692  931
e  683  685  81
e  683  713  634
e  683  722  708
e  683  695  523
e  684  721  248
e  684  690  212
e  685  696  634
e  686  697  708
e  686  696  217
e  687  704  497
e  687  710  202
e  688  716  793
e  688  704  96
e  689  694  950
e  689  693  297
e  690  727  248
e  690  711  774
e  691  796  791
e  691  767  765
e  691  744  709
e  692  708  330
e  693  705  950
e  693  708  931
e  694  735  911
e  694  705  297
e  695  732  708
e  696  709  708
e  696  713  81
e  697  709  217
e  698  778  105
e  698  764  899
e  699  753  639
e  700  706  394
e  701  702  604
e  701  749  628
e  701  742  536
e  702  712  536
e  703  747  791
e  704  717  793
e  704  724  202
e  705  738  911
e  705  719  931
e  706  707  721
e  706  753  963
e  707  729  624
e  707  770  963
e  708  719  950
e  708  734  96
e  708  726  98
e  709  714  479
e  709  736  869
e  709  718  81
e  710  724  497
e  710  747  536
e  711  756  248
e  711  729  394
e  712  742  604
e  712  772  628
e  712  771  832
e  712  754  880
e  713  718  708
e  714  728  869
e  715  728  217
e  716  717  96
e  717  725  80
e  717  733  330
e  717  745  202
e  718  751  869
e  718  740  523
e  718  722  634
e  719  774  911
e  719  755  96
e  720  744  715
e  720  730  765
e  721  760  459
e  721  727  212
e  722  732  523
e  723  741  162
e  724  745  793
e  724  793  536
e  725  731  330
e  726  731  96
e  727  782  459
e  727  758  394
e  727  756  774
e  728  737  713
e  728  736  479
e  729  757  248
e  729  807  963
e  730  748  715
e  730  766  956
e  730  746  114
e  731  734  98
e  731  733  80
e  732  740  634
e  732  761  581
e  732  750  212
e  733  743  98
e  733  773  202
e  734  755  950
e  734  743  80
e  735  786  570
e  735  738  297
e  736  752  713
e  736  751  81
e  737  810  162
e  737  752  479
e  738  787  570
e  738  774  931
e  739  759  708
e  740  777  869
e  740  776  581
e  741  763  83
e  741  762  947
e  742  765  628
e  743  781  950
e  743  802  202
e  744  748  765
e  745  773  330
e  745  804  536
e  746  749  956
e  747  793  497
e  747  809  765
e  747  780  214
e  748  767  709
e  748  812  791
e  748  775  956
e  749  766  114
e  749  779  715
e  749  765  536
e  750  759  581
e  751  792  713
e  751  791  581
e  751  777  523
e  752  873  162
e  752  825  581
e  752  792  81
e  753  770  721
e  753  795  827
e  754  760  832
e  755  788  911
e  755  781  80
e  756  757  394
e  757  758  774
e  757  833  459
e  757  832  963
e  758  803  459
e  759  761  212
e  759  768  346
e  760  771  880
e  760  782  212
e  761  776  634
e  761  783  346
e  762  810  217
e  763  797  392
e  764  769  105
e  765  785  715
e  765  772  604
e  766  775  715
e  767  801  791
e  768  783  212
e  768  799  869
e  769  778  899
e  769  797  479
e  770  807  624
e  770  831  827
e  771  815  628
e  771  800  212
e  772  798  715
e  772  815  832
e  773  802  98
e  773  844  765
e  774  788  96
e  775  816  791
e  775  779  114
e  776  784  869
e  777  784  581
e  778  794  419
e  778  806  479
e  779  785  536
e  780  805  765
e  780  796  655
e  781  813  911
e  781  846  202
e  782  800  880
e  782  803  394
e  783  790  869
e  784  791  523
e  784  789  346
e  785  838  791
e  785  798  604
e  786  818  713
e  786  787  297
e  787  819  713
e  787  847  96
e  788  848  570
e  788  813  80
e  789  790  634
e  789  824  713
e  789  902  387
e  789  822  212
e  790  799  212
e  791  808  713
e  792  808  581
e  793  804  793
e  793  814  765
e  794  811  479
e  795  831  721
e  795  876  479
e  796  801  765
e  797  806  899
e  797  829  419
e  797  826  217
e  798  858  791
e  798  836  832
e  799  822  634
e  799  820  387
e  800  835  628
e  800  834  394
e  801  805  655
e  801  812  709
e  802  846  950
e  802  877  765
e  803  834  880
e  803  868  628
e  803  833  774
e  804  817  765
e  805  809  214
e  806  811  419
e  807  832  248
e  807  878  827
e  808  825  81
e  808  913  392
e  808  823  346
e  809  814  497
e  810  828  392
e  810  873  479
e  811  830  105
e  811  903  639
e  811  859  217
e  811  829  899
e  812  816  956
e  813  881  570
e  813  861  202
e  814  817  793
e  815  836  715
e  815  835  212
e  816  843  793
e  816  837  536
e  817  845  330
e  817  839  956
e  818  819  297
e  819  849  191
e  819  885  668
e  819  864  96
e  820  821  708
e  820  887  634
e  820  1019  713
e  820  1088  392
e  821  1249  392
e  821  1530  248
e  821  1612  330
e  822  887  387
e  823  824  523
e  823  929  392
e  824  961  392
e  824  922  387
e  825  886  162
e  825  894  392
e  826  827  947
e  826  856  419
e  827  828  83
e  827  875  419
e  828  915  419
e  828  914  581
e  828  882  479
e  829  856  217
e  830  876  639
e  831  878  624
e  831  910  479
e  832  911  459
e  832  965  479
e  832  899  827
e  833  916  628
e  833  911  963
e  834  851  628
e  835  853  715
e  835  851  394
e  836  884  791
e  836  853  212
e  837  838  114
e  837  852  793
e  838  855  793
e  838  858  604
e  839  840  709
e  839  850  330
e  840  841  655
e  840  857  330
e  841  842  214
e  841  862  536
e  842  843  497
e  842  854  536
e  843  852  536
e  844  845  536
e  844  877  98
e  844  863  956
e  845  850  956
e  846  861  911
e  846  898  765
e  847  848  931
e  847  864  713
e  848  872  713
e  848  881  80
e  849  883  668
e  850  863  536
e  850  857  709
e  851  865  715
e  851  868  880
e  852  854  497
e  852  855  114
e  853  912  791
e  853  865  394
e  854  862  214
e  854  860  114
e  855  860  497
e  855  871  604
e  856  859  899
e  856  875  947
e  857  890  536
e  857  866  536
e  858  871  793
e  858  884  832
e  859  906  639
e  859  964  581
e  859  895  947
e  860  869  214
e  860  874  330
e  860  879  604
e  861  946  570
e  861  901  765
e  862  867  330
e  862  869  114
e  863  892  98
e  863  905  536
e  863  890  709
e  864  947  668
e  864  958  446
e  864  872  931
e  865  917  791
e  865  977  793
e  865  900  880
e  866  867  655
e  866  897  536
e  866  880  114
e  867  870  114
e  868  900  715
e  868  916  774
e  869  870  330
e  870  880  655
e  870  904  604
e  870  874  214
e  871  879  497
e  871  896  832
e  872  971  446
e  872  920  80
e  873  882  392
e  873  886  581
e  874  889  604
e  875  895  899
e  875  927  581
e  875  915  83
e  876  910  721
e  876  908  217
e  876  903  105
e  877  898  950
e  877  892  956
e  878  899  248
e  878  928  479
e  879  889  330
e  879  907  832
e  880  936  536
e  880  935  604
e  881  920  713
e  881  946  202
e  882  888  581
e  883  891  446
e  883  885  191
e  884  896  793
e  884  912  212
e  885  893  446
e  885  947  96
e  886  888  392
e  887  902  212
e  887  951  713
e  888  914  479
e  888  926  419
e  888  930  81
e  888  894  162
e  889  904  214
e  889  909  832
e  890  897  536
e  891  1668  394
e  891  1576  96
e  891  893  191
e  892  919  911
e  892  925  536
e  893  948  96
e  894  913  81
e  895  943  581
e  896  907  497
e  896  934  330
e  896  933  394
e  896  921  212
e  897  905  709
e  897  937  98
e  897  936  114
e  898  901  911
e  899  932  479
e  900  1013  793
e  900  944  774
e  901  960  570
e  901  918  956
e  902  922  713
e  903  906  217
e  904  935  655
e  904  938  832
e  905  925  98
e  906  908  105
e  906  975  248
e  906  970  581
e  907  909  330
e  908  949  721
e  909  938  214
e  909  941  394
e  909  934  497
e  910  928  624
e  910  949  217
e  911  976  628
e  911  999  479
e  912  921  793
e  912  917  394
e  913  930  162
e  913  929  346
e  914  923  419
e  915  923  581
e  916  944  715
e  916  976  963
e  917  924  793
e  918  919  950
e  918  969  570
e  918  950  536
e  919  945  536
e  920  1017  446
e  920  1005  765
e  920  967  202
e  921  924  394
e  922  991  392
e  922  951  212
e  923  927  83
e  923  926  479
e  924  933  212
e  924  940  330
e  924  1026  880
e  924  977  791
e  925  945  911
e  925  937  709
e  926  931  83
e  926  968  81
e  927  943  899
e  927  931  479
e  928  932  248
e  929  952  162
e  929  961  523
e  930  968  419
e  930  952  346
e  931  953  899
e  931  1002  81
e  932  965  827
e  932  954  217
e  933  939  330
e  934  939  394
e  935  980  98
e  935  959  832
e  936  956  98
e  937  957  911
e  937  956  114
e  938  959  655
e  938  966  394
e  939  941  497
e  939  940  212
e  940  942  497
e  940  1068  774
e  940  1039  880
e  941  966  214
e  941  942  212
e  942  978  214
e  942  1092  911
e  942  1077  774
e  943  964  947
e  943  973  639
e  943  953  479
e  944  1025  793
e  944  995  963
e  945  950  950
e  945  957  709
e  946  967  713
e  946  960  765
e  947  948  446
e  948  1576  191
e  948  1575  394
e  948  1260  956
e  948  983  931
e  948  958  668
e  949  955  248
e  950  996  570
e  950  963  709
e  951  1040  392
e  951  1019  634
e  952  972  419
e  952  1020  523
e  953  992  639
e  953  1022  346
e  953  1009  81
e  954  955  624
e  954  994  827
e  954  1042  459
e  954  1055  581
e  954  989  105
e  955  974  105
e  956  962  911
e  956  979  604
e  957  963  950
e  957  962  114
e  958  971  931
e  959  984  98
e  959  997  911
e  959  993  394
e  960  982  713
e  960  969  956
e  961  1020  162
e  961  991  387
e  962  981  950
e  962  998  832
e  962  985  604
e  963  1030  570
e  963  981  114
e  964  970  639
e  965  999  459
e  965  994  217
e  966  993  655
e  966  978  212
e  967  982  765
e  968  1002  83
e  968  972  346
e  969  987  713
e  969  996  536
e  970  1006  248
e  970  1023  479
e  970  973  947
e  971  983  668
e  971  1017  80
e  972  1008  83
e  972  1021  899
e  972  1080  639
e  972  1041  523
e  973  992  479
e  974  975  721
e  974  989  624
e  974  1015  581
e  975  1006  581
e  976  995  715
e  976  1051  479
e  977  1013  880
e  978  1012  655
e  978  1027  911
e  979  980  536
e  979  985  911
e  979  986  832
e  980  984  832
e  981  1033  570
e  981  1000  832
e  982  1005  202
e  982  987  956
e  983  1152  956
e  983  1035  80
e  984  986  536
e  984  990  911
e  985  988  832
e  986  988  911
e  987  1031  202
e  987  1078  446
e  987  1007  536
e  988  998  604
e  988  1004  950
e  988  1014  394
e  988  990  536
e  989  1016  581
e  990  1003  394
e  990  997  98
e  991  1054  162
e  991  1062  419
e  991  1040  212
e  992  1023  947
e  992  1037  248
e  992  1034  346
e  993  1001  911
e  993  1012  212
e  994  1011  459
e  995  1072  793
e  995  1065  217
e  996  1007  713
e  996  1030  709
e  997  1001  394
e  998  1000  950
e  999  1051  628
e  999  1011  217
e  1000  1045  570
e  1000  1004  604
e  1001  1003  98
e  1001  1018  212
e  1002  1009  899
e  1002  1008  346
e  1003  1014  536
e  1003  1028  212
e  1004  1056  570
e  1004  1029  394
e  1005  1060  446
e  1005  1031  956
e  1006  1015  721
e  1006  1024  624
e  1006  1032  479
e  1007  1090  446
e  1007  1089  832
e  1007  1043  709
e  1008  1010  899
e  1009  1010  346
e  1010  1022  81
e  1010  1036  639
e  1010  1021  83
e  1011  1053  628
e  1011  1042  827
e  1012  1018  911
e  1013  1026  791
e  1013  1025  774
e  1014  1029  950
e  1015  1016  624
e  1016  1055  105
e  1016  1094  459
e  1016  1058  479
e  1016  1024  721
e  1017  1035  668
e  1017  1060  765
e  1018  1028  98
e  1018  1027  655
e  1019  1073  392
e  1020  1041  419
e  1020  1054  387
e  1021  1063  639
e  1022  1034  639
e  1023  1032  248
e  1024  1052  479
e  1025  1038  791
e  1025  1067  330
e  1025  1072  963
e  1026  1039  330
e  1026  1038  774
e  1027  1047  98
e  1027  1186  713
e  1027  1092  214
e  1028  1049  950
e  1028  1047  655
e  1029  1059  570
e  1029  1048  212
e  1030  1043  713
e  1030  1033  114
e  1031  1061  446
e  1032  1052  624
e  1032  1037  947
e  1033  1046  713
e  1033  1045  832
e  1034  1071  248
e  1034  1036  81
e  1035  1116  956
e  1035  1076  765
e  1036  1074  248
e  1036  1063  83
e  1037  1064  624
e  1037  1071  346
e  1038  1044  330
e  1039  1044  774
e  1040  1145  419
e  1040  1073  634
e  1041  1093  639
e  1041  1057  387
e  1042  1084  581
e  1043  1083  832
e  1043  1046  114
e  1044  1068  880
e  1044  1082  497
e  1044  1086  963
e  1044  1067  791
e  1045  1050  713
e  1045  1056  604
e  1046  1050  832
e  1047  1110  950
e  1047  1150  713
e  1048  1049  536
e  1048  1085  570
e  1049  1112  713
e  1049  1110  655
e  1050  1083  114
e  1050  1069  394
e  1051  1053  217
e  1052  1058  721
e  1052  1064  947
e  1053  1066  715
e  1053  1105  581
e  1054  1057  419
e  1055  1084  459
e  1056  1059  394
e  1057  1097  639
e  1057  1062  162
e  1058  1122  459
e  1058  1136  346
e  1058  1075  947
e  1059  1070  713
e  1059  1085  212
e  1060  1076  668
e  1060  1061  956
e  1061  1079  668
e  1061  1078  202
e  1062  1157  639
e  1062  1145  212
e  1063  1103  248
e  1063  1101  387
e  1063  1080  899
e  1064  1075  721
e  1064  1091  346
e  1065  1066  479
e  1065  1100  793
e  1066  1107  793
e  1066  1118  581
e  1067  1081  963
e  1068  1077  497
e  1069  1070  604
e  1069  1114  709
e  1069  1128  446
e  1070  1134  446
e  1070  1087  212
e  1071  1091  624
e  1071  1074  81
e  1072  1081  330
e  1072  1100  217
e  1073  1201  419
e  1073  1250  248
e  1073  1088  713
e  1074  1095  624
e  1074  1130  387
e  1074  1103  83
e  1075  1096  346
e  1076  1079  956
e  1077  1143  911
e  1077  1159  963
e  1077  1082  880
e  1078  1098  668
e  1078  1090  536
e  1079  1116  765
e  1079  1160  80
e  1079  1115  536
e  1079  1098  202
e  1080  1093  523
e  1081  1086  791
e  1081  1108  217
e  1082  1109  963
e  1083  1089  709
e  1084  1106  628
e  1084  1094  105
e  1085  1087  713
e  1086  1109  497
e  1086  1120  217
e  1087  1142  446
e  1087  1111  536
e  1088  1268  248
e  1088  1249  708
e  1089  1117  446
e  1089  1113  394
e  1090  1099  668
e  1090  1117  832
e  1091  1096  721
e  1091  1095  81
e  1092  1190  713
e  1092  1143  774
e  1093  1097  387
e  1094  1139  628
e  1094  1122  479
e  1095  1104  721
e  1095  1146  387
e  1096  1136  947
e  1096  1141  459
e  1096  1104  81
e  1097  1102  899
e  1097  1129  248
e  1097  1157  162
e  1098  1099  536
e  1099  1115  202
e  1099  1175  394
e  1099  1133  832
e  1100  1108  330
e  1100  1107  479
e  1101  1102  523
e  1101  1121  248
e  1102  1123  248
e  1103  1121  387
e  1104  1156  459
e  1104  1164  387
e  1105  1106  827
e  1105  1118  715
e  1106  1125  715
e  1106  1139  105
e  1107  1119  330
e  1107  1149  581
e  1108  1120  791
e  1108  1119  479
e  1109  1159  880
e  1109  1165  911
e  1109  1132  217
e  1110  1131  713
e  1111  1112  570
e  1111  1217  446
e  1111  1137  655
e  1112  1131  655
e  1113  1114  114
e  1113  1124  446
e  1114  1126  446
e  1115  1258  80
e  1115  1191  394
e  1116  1152  80
e  1117  1133  668
e  1117  1124  394
e  1118  1149  793
e  1118  1125  827
e  1119  1127  791
e  1119  1154  581
e  1120  1132  497
e  1120  1127  479
e  1121  1130  83
e  1121  1123  523
e  1122  1147  628
e  1122  1140  346
e  1123  1135  83
e  1123  1170  624
e  1123  1129  899
e  1124  1138  668
e  1124  1126  114
e  1125  1177  793
e  1125  1172  479
e  1125  1148  105
e  1126  1151  668
e  1126  1128  709
e  1127  1144  497
e  1127  1163  581
e  1128  1153  668
e  1128  1134  604
e  1129  1239  624
e  1129  1226  212
e  1129  1169  162
e  1130  1146  624
e  1130  1135  523
e  1131  1137  570
e  1131  1150  950
e  1132  1168  911
e  1132  1144  479
e  1133  1138  394
e  1134  1162  668
e  1134  1142  212
e  1135  1158  624
e  1136  1140  459
e  1137  1244  446
e  1137  1219  217
e  1137  1174  950
e  1138  1175  832
e  1138  1197  202
e  1138  1305  212
e  1138  1151  114
e  1139  1148  715
e  1139  1147  479
e  1140  1166  628
e  1140  1141  947
e  1141  1176  628
e  1141  1156  81
e  1142  1167  668
e  1142  1279  217
e  1142  1217  536
e  1143  1192  713
e  1143  1185  217
e  1143  1161  963
e  1144  1184  911
e  1144  1183  581
e  1145  1178  639
e  1145  1202  248
e  1145  1201  634
e  1146  1164  721
e  1146  1158  523
e  1147  1155  715
e  1147  1166  346
e  1148  1155  479
e  1149  1154  330
e  1149  1177  827
e  1150  1174  570
e  1150  1198  774
e  1150  1186  98
e  1151  1245  212
e  1151  1153  709
e  1152  1260  931
e  1152  1160  765
e  1153  1207  212
e  1153  1162  604
e  1154  1163  791
e  1154  1215  479
e  1154  1182  827
e  1155  1172  105
e  1155  1195  793
e  1155  1171  346
e  1156  1180  628
e  1156  1194  387
e  1157  1169  248
e  1157  1178  212
e  1158  1179  721
e  1158  1170  83
e  1159  1161  911
e  1160  1307  931
e  1160  1371  394
e  1160  1258  536
e  1161  1173  217
e  1161  1165  880
e  1162  1167  212
e  1163  1183  497
e  1163  1223  479
e  1164  1194  459
e  1164  1179  523
e  1165  1168  217
e  1166  1171  715
e  1166  1176  947
e  1167  1207  604
e  1167  1304  709
e  1167  1285  217
e  1168  1173  880
e  1168  1184  479
e  1169  1187  212
e  1170  1240  721
e  1170  1290  459
e  1170  1289  212
e  1170  1239  899
e  1171  1208  793
e  1171  1203  81
e  1171  1181  947
e  1172  1189  793
e  1173  1185  963
e  1173  1204  713
e  1173  1212  479
e  1174  1213  217
e  1174  1209  774
e  1175  1191  202
e  1176  1181  715
e  1176  1180  81
e  1177  1182  330
e  1177  1189  479
e  1178  1187  248
e  1179  1214  459
e  1179  1240  83
e  1180  1188  715
e  1180  1222  387
e  1181  1188  81
e  1182  1193  479
e  1183  1220  911
e  1183  1255  479
e  1184  1212  880
e  1184  1229  713
e  1184  1220  581
e  1185  1199  713
e  1186  1196  774
e  1186  1190  214
e  1187  1226  162
e  1187  1288  624
e  1187  1234  634
e  1187  1202  639
e  1188  1203  947
e  1188  1235  793
e  1188  1227  387
e  1189  1193  330
e  1189  1195  105
e  1190  1192  774
e  1191  1306  80
e  1191  1197  832
e  1192  1196  214
e  1192  1199  217
e  1193  1215  827
e  1193  1228  791
e  1193  1200  105
e  1194  1222  628
e  1194  1214  523
e  1195  1200  330
e  1195  1208  346
e  1196  1198  98
e  1197  1328  80
e  1197  1336  212
e  1198  1209  570
e  1198  1205  217
e  1199  1206  98
e  1199  1204  963
e  1200  1241  791
e  1200  1211  346
e  1201  1225  248
e  1202  1225  634
e  1203  1232  793
e  1204  1216  98
e  1204  1221  479
e  1205  1206  214
e  1205  1210  570
e  1205  1218  963
e  1206  1216  963
e  1207  1245  709
e  1208  1211  330
e  1208  1232  81
e  1209  1210  217
e  1210  1213  774
e  1210  1231  950
e  1210  1224  963
e  1211  1246  791
e  1211  1233  81
e  1212  1221  713
e  1213  1219  950
e  1214  1248  628
e  1214  1266  83
e  1215  1223  791
e  1216  1218  214
e  1216  1230  570
e  1216  1237  479
e  1217  1264  217
e  1217  1244  655
e  1218  1224  570
e  1219  1254  446
e  1219  1231  774
e  1220  1253  713
e  1220  1283  479
e  1221  1237  98
e  1221  1242  570
e  1221  1229  880
e  1222  1227  715
e  1222  1248  523
e  1223  1255  497
e  1223  1262  346
e  1223  1228  827
e  1224  1243  950
e  1224  1247  479
e  1224  1230  214
e  1225  1234  639
e  1225  1250  419
e  1226  1269  624
e  1227  1259  793
e  1227  1251  523
e  1228  1252  346
e  1228  1241  105
e  1229  1257  570
e  1229  1253  581
e  1230  1238  479
e  1231  1271  446
e  1231  1243  963
e  1232  1233  330
e  1232  1235  947
e  1233  1267  791
e  1233  1236  947
e  1234  1322  624
e  1234  1286  713
e  1235  1236  330
e  1235  1259  387
e  1236  1278  791
e  1236  1261  387
e  1237  1238  570
e  1238  1247  214
e  1238  1275  581
e  1238  1263  880
e  1238  1242  98
e  1239  1269  212
e  1240  1266  459
e  1241  1246  346
e  1242  1257  880
e  1243  1274  446
e  1243  1256  479
e  1244  1254  217
e  1245  1305  114
e  1245  1370  202
e  1245  1304  604
e  1246  1252  105
e  1246  1277  497
e  1246  1267  81
e  1247  1256  950
e  1247  1280  581
e  1248  1251  715
e  1249  1384  248
e  1250  1268  713
e  1251  1281  793
e  1251  1293  330
e  1251  1291  83
e  1252  1262  827
e  1252  1273  497
e  1253  1265  570
e  1253  1308  479
e  1254  1264  655
e  1254  1301  479
e  1254  1271  774
e  1255  1283  911
e  1255  1270  346
e  1256  1276  446
e  1256  1284  581
e  1257  1263  98
e  1257  1265  581
e  1258  1306  394
e  1259  1261  330
e  1259  1281  523
e  1260  1466  394
e  1260  1307  765
e  1261  1294  791
e  1261  1282  523
e  1262  1270  497
e  1263  1272  581
e  1264  1279  536
e  1264  1303  668
e  1264  1314  479
e  1265  1272  98
e  1265  1354  446
e  1265  1331  479
e  1266  1292  715
e  1266  1327  212
e  1266  1290  721
e  1267  1295  497
e  1267  1278  947
e  1268  1287  639
e  1268  1384  708
e  1269  1289  899
e  1269  1332  459
e  1269  1288  162
e  1270  1297  911
e  1270  1296  105
e  1270  1273  827
e  1271  1274  963
e  1272  1275  880
e  1272  1299  950
e  1272  1323  446
e  1273  1277  105
e  1274  1276  479
e  1275  1280  214
e  1276  1302  774
e  1276  1324  668
e  1276  1300  581
e  1277  1296  827
e  1277  1312  911
e  1277  1295  81
e  1278  1311  497
e  1278  1294  387
e  1279  1285  668
e  1280  1284  950
e  1281  1282  330
e  1282  1326  791
e  1282  1335  83
e  1282  1293  793
e  1283  1308  713
e  1283  1297  346
e  1284  1300  446
e  1284  1298  880
e  1285  1474  709
e  1285  1505  202
e  1285  1458  581
e  1285  1339  479
e  1285  1303  536
e  1286  1287  419
e  1286  1409  624
e  1286  1435  715
e  1286  1451  330
e  1287  1471  330
e  1287  1450  708
e  1288  1361  459
e  1288  1322  634
e  1289  1315  459
e  1290  1315  212
e  1291  1292  628
e  1291  1330  330
e  1291  1334  212
e  1292  1329  212
e  1293  1330  83
e  1294  1321  497
e  1294  1326  523
e  1295  1319  911
e  1295  1311  947
e  1296  1309  911
e  1297  1313  713
e  1297  1309  105
e  1298  1299  214
e  1298  1310  446
e  1299  1316  446
e  1300  1337  668
e  1300  1310  880
e  1301  1302  963
e  1301  1314  655
e  1301  1318  668
e  1302  1320  668
e  1303  1317  479
e  1304  1423  202
e  1304  1474  217
e  1305  1336  202
e  1306  1371  536
e  1306  1383  931
e  1306  1328  832
e  1307  1378  394
e  1308  1331  570
e  1308  1313  346
e  1309  1338  713
e  1309  1341  81
e  1309  1312  827
e  1310  1397  668
e  1310  1396  479
e  1310  1316  214
e  1311  1344  911
e  1311  1321  387
e  1312  1319  81
e  1313  1346  570
e  1313  1367  81
e  1313  1338  105
e  1314  1317  668
e  1315  1327  721
e  1315  1333  715
e  1315  1332  899
e  1316  1374  479
e  1316  1323  950
e  1317  1339  536
e  1317  1325  963
e  1317  1318  655
e  1318  1320  963
e  1319  1341  827
e  1319  1345  713
e  1319  1353  387
e  1319  1344  947
e  1320  1325  655
e  1320  1324  774
e  1321  1347  911
e  1321  1362  523
e  1322  1365  459
e  1322  1389  715
e  1322  1409  713
e  1323  1358  479
e  1323  1354  98
e  1324  1342  655
e  1324  1337  581
e  1325  1355  536
e  1325  1350  581
e  1325  1342  774
e  1326  1362  497
e  1326  1407  83
e  1327  1329  715
e  1328  1424  931
e  1328  1479  212
e  1329  1334  628
e  1329  1333  721
e  1330  1335  793
e  1330  1352  212
e  1331  1356  446
e  1331  1346  346
e  1332  1349  715
e  1332  1361  162
e  1333  1340  628
e  1333  1349  899
e  1334  1352  330
e  1334  1340  721
e  1335  1407  791
e  1335  1357  212
e  1336  1479  80
e  1336  1513  217
e  1336  1370  114
e  1337  1348  655
e  1337  1432  479
e  1337  1397  880
e  1338  1343  81
e  1339  1369  581
e  1339  1355  963
e  1340  1377  330
e  1340  1351  899
e  1341  1343  713
e  1342  1348  581
e  1343  1367  105
e  1343  1373  570
e  1343  1345  827
e  1344  1347  387
e  1345  1388  570
e  1345  1359  387
e  1346  1364  446
e  1346  1372  81
e  1347  1353  947
e  1347  1360  713
e  1347  1381  523
e  1348  1350  774
e  1348  1382  536
e  1348  1475  479
e  1349  1351  628
e  1349  1366  162
e  1350  1363  536
e  1351  1380  330
e  1351  1376  162
e  1352  1357  793
e  1352  1377  721
e  1353  1359  713
e  1354  1356  479
e  1355  1363  581
e  1356  1358  98
e  1356  1364  346
e  1357  1414  791
e  1357  1420  634
e  1357  1392  899
e  1357  1385  721
e  1358  1374  950
e  1358  1368  346
e  1359  1394  570
e  1359  1360  947
e  1360  1401  570
e  1360  1393  523
e  1361  1366  715
e  1361  1365  634
e  1362  1381  911
e  1362  1443  83
e  1363  1369  963
e  1363  1559  346
e  1363  1382  774
e  1364  1368  98
e  1364  1395  81
e  1365  1375  715
e  1366  1376  628
e  1366  1375  634
e  1367  1372  570
e  1368  1386  950
e  1368  1406  81
e  1369  1458  479
e  1369  1561  202
e  1369  1647  346
e  1370  1506  217
e  1370  1423  604
e  1371  1378  931
e  1372  1395  446
e  1372  1373  105
e  1373  1398  446
e  1373  1402  387
e  1373  1388  827
e  1374  1396  214
e  1374  1386  346
e  1375  1379  628
e  1375  1389  459
e  1376  1379  634
e  1377  1385  793
e  1377  1380  899
e  1378  1466  765
e  1378  1574  832
e  1378  1383  536
e  1379  1391  330
e  1380  1387  793
e  1380  1390  634
e  1381  1393  713
e  1381  1445  83
e  1382  1504  346
e  1382  1486  479
e  1383  1424  832
e  1384  1450  639
e  1384  1515  330
e  1384  1530  392
e  1385  1387  899
e  1386  1403  214
e  1386  1431  668
e  1386  1415  81
e  1387  1392  721
e  1387  1399  634
e  1388  1394  387
e  1389  1418  330
e  1389  1416  713
e  1390  1391  162
e  1390  1399  793
e  1391  1400  793
e  1391  1429  713
e  1391  1417  459
e  1392  1410  634
e  1393  1421  570
e  1393  1465  446
e  1393  1455  212
e  1393  1447  83
e  1394  1402  827
e  1394  1405  446
e  1394  1401  947
e  1395  1406  98
e  1395  1398  105
e  1396  1408  668
e  1396  1403  346
e  1397  1408  479
e  1398  1413  98
e  1398  1404  387
e  1399  1410  721
e  1399  1400  162
e  1400  1419  721
e  1400  1498  791
e  1400  1433  713
e  1401  1411  446
e  1401  1421  523
e  1402  1404  446
e  1403  1412  668
e  1404  1422  98
e  1404  1405  827
e  1405  1437  98
e  1405  1411  947
e  1406  1415  950
e  1406  1413  105
e  1407  1443  497
e  1407  1414  212
e  1408  1432  880
e  1408  1412  346
e  1409  1416  715
e  1410  1420  899
e  1410  1467  791
e  1410  1419  162
e  1411  1440  98
e  1411  1427  523
e  1412  1439  880
e  1412  1441  81
e  1412  1431  214
e  1413  1426  950
e  1413  1422  387
e  1414  1444  497
e  1414  1454  713
e  1414  1459  634
e  1415  1434  668
e  1415  1438  387
e  1415  1426  105
e  1416  1425  330
e  1416  1435  624
e  1417  1418  628
e  1417  1428  713
e  1418  1425  713
e  1419  1472  791
e  1420  1459  791
e  1421  1427  446
e  1422  1430  950
e  1422  1456  947
e  1422  1437  827
e  1423  1478  217
e  1424  1574  536
e  1424  1586  217
e  1424  1551  212
e  1425  1428  628
e  1425  1452  793
e  1425  1442  624
e  1426  1430  387
e  1427  1470  98
e  1427  1519  668
e  1427  1492  212
e  1427  1465  570
e  1428  1429  459
e  1428  1436  793
e  1429  1433  793
e  1430  1438  105
e  1430  1457  668
e  1430  1460  947
e  1431  1434  81
e  1432  1475  655
e  1432  1439  346
e  1433  1508  791
e  1433  1518  713
e  1433  1534  708
e  1433  1497  624
e  1433  1436  459
e  1434  1441  214
e  1434  1449  387
e  1435  1442  330
e  1436  1464  624
e  1436  1452  628
e  1437  1440  947
e  1438  1449  668
e  1439  1477  655
e  1439  1516  81
e  1440  1456  827
e  1440  1461  950
e  1440  1470  523
e  1441  1516  880
e  1441  1463  387
e  1442  1462  793
e  1442  1480  419
e  1442  1451  715
e  1443  1445  911
e  1443  1444  212
e  1444  1446  911
e  1445  1447  713
e  1445  1446  212
e  1446  1448  713
e  1447  1448  212
e  1448  1455  83
e  1448  1493  446
e  1448  1487  634
e  1448  1453  497
e  1449  1463  214
e  1449  1457  105
e  1450  1489  330
e  1451  1471  419
e  1452  1462  624
e  1453  1454  911
e  1453  1482  634
e  1454  1476  634
e  1455  1485  446
e  1456  1460  950
e  1457  1469  214
e  1457  1468  947
e  1458  1547  202
e  1459  1476  713
e  1459  1467  899
e  1460  1468  668
e  1460  1461  827
e  1461  1473  668
e  1461  1481  523
e  1462  1464  628
e  1462  1483  419
e  1463  1526  880
e  1463  1571  655
e  1463  1469  105
e  1464  1497  459
e  1464  1496  419
e  1465  1485  212
e  1466  1575  956
e  1466  1691  191
e  1466  1699  217
e  1466  1640  832
e  1467  1490  713
e  1467  1472  162
e  1468  1503  214
e  1468  1473  827
e  1469  1583  655
e  1469  1503  947
e  1470  1481  950
e  1470  1502  668
e  1471  1480  715
e  1471  1489  708
e  1472  1491  713
e  1472  1498  721
e  1473  1517  214
e  1473  1484  523
e  1474  1478  202
e  1475  1486  536
e  1475  1477  346
e  1476  1482  911
e  1476  1490  899
e  1477  1488  536
e  1477  1533  81
e  1478  1506  604
e  1478  1553  581
e  1478  1505  709
e  1479  1551  931
e  1479  1536  217
e  1480  1483  793
e  1481  1484  668
e  1482  1487  497
e  1482  1499  162
e  1483  1496  628
e  1483  1494  708
e  1484  1520  214
e  1484  1556  212
e  1484  1502  950
e  1485  1492  570
e  1485  1493  83
e  1486  1488  346
e  1487  1511  446
e  1487  1510  162
e  1488  1504  479
e  1488  1573  774
e  1488  1572  387
e  1488  1538  81
e  1489  1495  793
e  1489  1515  639
e  1490  1491  162
e  1491  1500  911
e  1491  1507  721
e  1492  1541  668
e  1492  1501  83
e  1493  1501  570
e  1493  1511  634
e  1494  1495  715
e  1494  1509  628
e  1494  1542  639
e  1495  1531  639
e  1496  1522  459
e  1496  1509  708
e  1497  1532  708
e  1497  1522  419
e  1498  1507  713
e  1498  1508  713
e  1499  1500  899
e  1499  1510  497
e  1500  1512  497
e  1500  1523  713
e  1501  1554  668
e  1501  1521  634
e  1502  1550  212
e  1502  1519  98
e  1503  1604  655
e  1503  1525  523
e  1503  1517  827
e  1504  1559  774
e  1505  1547  581
e  1506  1513  114
e  1506  1580  581
e  1507  1514  713
e  1508  1514  713
e  1509  1528  459
e  1509  1566  713
e  1509  1565  639
e  1510  1527  446
e  1510  1512  899
e  1511  1521  570
e  1511  1527  162
e  1512  1529  446
e  1512  1537  713
e  1513  1536  80
e  1513  1590  581
e  1514  1524  911
e  1514  1562  708
e  1514  1518  791
e  1515  1531  793
e  1515  1579  392
e  1516  1533  655
e  1516  1526  387
e  1517  1520  523
e  1518  1552  708
e  1519  1541  212
e  1520  1525  827
e  1520  1661  655
e  1520  1610  212
e  1521  1560  668
e  1521  1539  162
e  1522  1528  708
e  1523  1524  721
e  1523  1537  497
e  1523  1544  446
e  1524  1548  446
e  1524  1564  708
e  1525  1606  655
e  1526  1535  655
e  1527  1539  570
e  1527  1529  899
e  1528  1532  419
e  1528  1543  624
e  1528  1558  713
e  1529  1545  570
e  1529  1540  713
e  1530  1579  330
e  1531  1542  715
e  1531  1602  392
e  1532  1534  624
e  1533  1538  536
e  1533  1535  387
e  1534  1552  713
e  1534  1543  419
e  1535  1546  536
e  1535  1589  105
e  1535  1571  880
e  1536  1563  931
e  1536  1593  581
e  1537  1540  446
e  1538  1546  387
e  1539  1587  668
e  1539  1545  899
e  1540  1557  570
e  1540  1549  721
e  1540  1544  497
e  1541  1550  98
e  1541  1554  83
e  1542  1565  628
e  1542  1607  713
e  1543  1555  713
e  1544  1548  721
e  1545  1598  668
e  1545  1557  713
e  1546  1572  81
e  1546  1662  774
e  1546  1654  523
e  1546  1595  105
e  1547  1553  709
e  1547  1561  479
e  1548  1549  497
e  1548  1568  708
e  1549  1569  570
e  1549  1597  708
e  1550  1556  950
e  1550  1570  83
e  1551  1563  217
e  1552  1562  791
e  1552  1567  911
e  1552  1555  419
e  1553  1580  604
e  1553  1616  80
e  1553  1584  479
e  1554  1570  98
e  1554  1560  634
e  1555  1577  911
e  1555  1588  446
e  1555  1558  624
e  1556  1610  214
e  1556  1638  634
e  1556  1578  83
e  1557  1603  668
e  1557  1569  721
e  1558  1591  446
e  1558  1566  459
e  1559  1647  963
e  1559  1670  202
e  1559  1573  479
e  1560  1585  98
e  1560  1587  162
e  1561  1584  709
e  1561  1663  346
e  1562  1564  911
e  1563  1586  212
e  1563  1618  581
e  1564  1568  446
e  1564  1567  791
e  1565  1596  713
e  1566  1609  446
e  1566  1596  639
e  1567  1577  419
e  1568  1597  497
e  1568  1613  570
e  1568  1581  419
e  1569  1626  668
e  1569  1601  708
e  1570  1578  950
e  1570  1585  634
e  1571  1583  105
e  1572  1643  774
e  1573  1673  202
e  1573  1643  387
e  1574  1640  765
e  1574  1675  217
e  1575  1649  191
e  1576  1649  394
e  1577  1582  446
e  1578  1592  634
e  1579  1602  793
e  1579  1622  869
e  1579  1612  248
e  1580  1590  114
e  1580  1600  80
e  1581  1582  791
e  1581  1620  570
e  1581  1605  624
e  1582  1594  624
e  1582  1588  911
e  1583  1589  880
e  1583  1599  536
e  1583  1604  947
e  1584  1625  80
e  1584  1690  346
e  1585  1592  950
e  1585  1624  162
e  1586  1675  536
e  1586  1674  581
e  1587  1624  98
e  1587  1598  899
e  1588  1591  624
e  1589  1595  536
e  1590  1593  80
e  1591  1594  911
e  1591  1609  459
e  1592  1638  83
e  1592  1653  214
e  1592  1627  162
e  1593  1618  931
e  1593  1639  479
e  1593  1600  114
e  1594  1605  791
e  1594  1651  639
e  1594  1623  459
e  1595  1614  523
e  1595  1599  880
e  1596  1617  446
e  1596  1607  628
e  1597  1601  570
e  1598  1603  713
e  1599  1608  947
e  1600  1630  479
e  1600  1616  604
e  1601  1632  668
e  1601  1621  419
e  1601  1613  497
e  1602  1629  713
e  1602  1633  869
e  1603  1637  98
e  1603  1646  708
e  1603  1626  721
e  1604  1608  536
e  1604  1606  523
e  1605  1635  570
e  1605  1660  639
e  1606  1611  536
e  1606  1661  827
e  1607  1634  446
e  1607  1628  392
e  1608  1611  523
e  1609  1623  911
e  1609  1617  639
e  1610  1692  655
e  1610  1650  634
e  1611  1615  880
e  1611  1667  827
e  1612  1619  869
e  1613  1620  419
e  1614  1615  947
e  1614  1654  105
e  1616  1625  479
e  1617  1631  911
e  1617  1659  392
e  1617  1634  628
e  1618  1674  212
e  1618  1655  479
e  1619  1622  248
e  1619  1644  793
e  1619  1687  713
e  1620  1621  497
e  1620  1635  624
e  1621  1656  668
e  1621  1652  624
e  1622  1633  793
e  1623  1631  639
e  1624  1627  950
e  1624  1636  713
e  1625  1630  604
e  1625  1689  931
e  1625  1698  346
e  1626  1632  708
e  1627  1705  214
e  1627  1641  713
e  1628  1629  715
e  1628  1645  446
e  1629  1657  446
e  1629  1648  869
e  1630  1639  114
e  1630  1682  931
e  1631  1651  459
e  1631  1666  791
e  1631  1679  570
e  1631  1671  392
e  1632  1646  721
e  1632  1702  98
e  1632  1656  419
e  1633  1648  713
e  1633  1644  248
e  1634  1645  392
e  1635  1652  497
e  1635  1669  639
e  1636  1637  899
e  1636  1641  950
e  1637  1642  950
e  1637  1680  708
e  1638  1650  214
e  1639  1655  931
e  1640  1685  217
e  1641  1708  214
e  1641  1642  899
e  1642  1683  708
e  1643  1697  202
e  1643  1662  81
e  1644  1665  713
e  1645  1659  628
e  1645  1664  869
e  1645  1657  715
e  1646  1680  98
e  1647  1663  202
e  1648  1658  446
e  1648  1665  248
e  1649  1668  96
e  1649  1691  956
e  1650  1653  83
e  1651  1660  791
e  1652  1678  668
e  1653  1705  162
e  1655  1682  114
e  1656  1678  624
e  1657  1658  869
e  1658  1664  715
e  1658  1677  248
e  1659  1671  911
e  1659  1684  869
e  1660  1669  570
e  1660  1666  459
e  1661  1667  536
e  1661  1692  212
e  1662  1710  202
e  1663  1690  709
e  1663  1681  479
e  1663  1670  963
e  1664  1684  628
e  1664  1688  911
e  1665  1677  446
e  1665  1687  793
e  1666  1672  570
e  1667  1693  212
e  1668  1676  297
e  1669  1696  668
e  1669  1672  459
e  1670  1673  479
e  1671  1694  570
e  1671  1686  869
e  1672  1707  668
e  1672  1703  392
e  1672  1679  791
e  1673  1681  963
e  1673  1697  387
e  1675  1685  765
e  1677  1700  793
e  1678  1695  639
e  1679  1694  392
e  1680  1683  950
e  1680  1702  721
e  1681  1706  709
e  1682  1689  604
e  1683  1704  721
e  1684  1686  911
e  1685  1699  832
e  1686  1701  570
e  1686  1688  628
e  1687  1700  446
e  1689  1713  346
e  1690  1698  80
e  1690  1706  479
e  1691  1712  217
e  1692  1693  536
e  1694  1703  791
e  1694  1701  869
e  1695  1696  497
e  1696  1707  459
e  1697  1710  81
e  1698  1713  931
e  1698  1711  479
e  1699  1712  191
e  1701  1709  791
e  1702  1704  950
e  1703  1714  668
e  1703  1709  869
e  1705  1708  713
e  1706  1711  80
e  1707  1714  392
e  1709  1715  668
e  1714  1715  869
