p   edge 2257  4317
e  0  151  560
e  0  98  96
e  1  2  459
e  1  1269  947
e  2  3  812
e  2  358  960
e  2  745  947
e  3  4  552
e  3  152  585
e  3  240  960
e  4  5  808
e  4  146  585
e  5  6  293
e  5  126  585
e  6  7  585
e  7  8  543
e  7  138  960
e  7  126  293
e  8  9  864
e  8  125  960
e  9  10  707
e  9  121  960
e  10  11  960
e  11  12  632
e  11  121  707
e  12  13  511
e  12  147  707
e  13  14  513
e  13  223  565
e  13  168  707
e  14  15  565
e  15  16  843
e  15  276  707
e  15  223  513
e  16  17  407
e  16  113  159
e  16  301  707
e  17  18  841
e  17  103  159
e  18  19  159
e  19  20  38
e  19  103  841
e  20  21  678
e  20  118  980
e  20  139  841
e  21  22  307
e  21  114  980
e  22  23  760
e  22  107  980
e  23  24  980
e  24  25  618
e  24  107  760
e  25  26  334
e  25  115  947
e  25  108  760
e  26  27  947
e  27  28  249
e  27  164  760
e  27  115  334
e  28  29  969
e  28  132  582
e  28  170  760
e  29  30  229
e  29  120  582
e  30  31  582
e  31  32  449
e  31  120  229
e  32  33  363
e  32  265  371
e  32  175  229
e  33  34  439
e  33  101  371
e  34  35  371
e  35  36  411
e  35  99  379
e  35  101  439
e  36  37  379
e  37  38  350
e  37  99  411
e  38  39  568
e  38  105  411
e  39  40  855
e  39  127  745
e  39  116  411
e  40  41  745
e  41  42  858
e  41  127  855
e  42  43  516
e  42  154  855
e  43  44  91
e  43  133  275
e  43  165  411
e  44  45  639
e  44  117  275
e  45  46  275
e  46  47  226
e  46  117  639
e  47  48  734
e  47  123  639
e  48  49  775
e  48  155  416
e  48  134  639
e  49  50  95
e  49  110  416
e  50  51  416
e  51  52  729
e  51  110  95
e  52  53  613
e  52  181  95
e  53  54  881
e  53  195  95
e  54  55  392
e  54  279  95
e  55  56  402
e  55  129  361
e  55  383  397
e  55  423  411
e  55  333  95
e  56  57  361
e  57  58  60
e  57  129  402
e  58  59  405
e  58  187  402
e  59  60  397
e  59  196  402
e  60  61  486
e  60  258  402
e  61  62  796
e  61  142  45
e  61  322  402
e  62  63  732
e  62  135  45
e  63  64  45
e  64  65  828
e  64  135  732
e  65  66  537
e  65  220  576
e  65  149  732
e  66  67  149
e  66  207  576
e  67  68  487
e  67  150  576
e  68  69  576
e  69  70  217
e  69  150  487
e  70  71  3
e  70  161  487
e  71  72  55
e  71  172  533
e  71  197  295
e  71  208  487
e  72  73  533
e  73  74  449
e  73  157  295
e  73  172  55
e  74  75  970
e  74  100  295
e  75  76  295
e  76  77  111
e  76  100  970
e  77  78  65
e  77  144  181
e  77  158  970
e  78  79  846
e  79  80  264
e  79  102  181
e  80  81  181
e  81  82  572
e  81  102  264
e  82  83  527
e  82  212  572
e  82  198  264
e  83  84  591
e  83  167  572
e  84  85  793
e  84  136  572
e  85  86  346
e  85  109  572
e  86  87  409
e  86  106  572
e  87  88  521
e  87  104  572
e  88  89  572
e  89  90  41
e  89  104  521
e  90  91  219
e  90  111  521
e  91  92  988
e  91  130  521
e  92  93  805
e  92  201  521
e  93  94  913
e  93  248  759
e  93  299  521
e  94  95  759
e  95  96  776
e  95  248  913
e  96  97  474
e  96  426  521
e  96  270  913
e  97  98  560
e  97  151  96
e  97  445  521
e  99  105  350
e  99  174  439
e  100  158  111
e  100  284  181
e  100  366  487
e  100  228  55
e  100  157  449
e  101  174  379
e  101  265  363
e  102  198  572
e  102  269  572
e  102  143  65
e  103  139  38
e  103  179  980
e  103  113  407
e  104  111  41
e  104  106  409
e  105  116  568
e  105  225  745
e  105  211  439
e  106  112  41
e  106  109  346
e  107  108  618
e  107  114  307
e  108  128  947
e  108  119  307
e  109  124  41
e  109  136  793
e  110  181  729
e  110  294  411
e  110  194  639
e  110  155  775
e  111  130  219
e  111  112  409
e  112  131  219
e  112  124  346
e  113  189  980
e  113  214  947
e  113  326  293
e  113  313  707
e  114  119  618
e  114  118  678
e  115  128  760
e  116  141  745
e  117  123  226
e  117  133  91
e  118  122  618
e  118  159  841
e  119  137  947
e  119  122  678
e  120  175  449
e  120  132  969
e  121  147  632
e  121  125  864
e  122  140  947
e  122  163  841
e  123  134  734
e  123  148  91
e  124  145  219
e  124  173  793
e  125  153  632
e  125  188  293
e  125  138  543
e  126  162  960
e  126  146  808
e  127  154  858
e  127  141  411
e  128  164  334
e  128  180  249
e  128  137  307
e  129  187  60
e  129  377  397
e  130  201  988
e  130  131  409
e  131  209  988
e  131  145  346
e  132  210  449
e  132  232  760
e  133  148  226
e  133  176  411
e  134  171  416
e  134  193  91
e  135  149  828
e  135  142  796
e  136  173  41
e  136  167  591
e  137  192  249
e  137  140  678
e  138  162  293
e  139  159  980
e  140  205  249
e  140  169  841
e  141  160  858
e  141  242  275
e  141  237  439
e  141  225  568
e  142  156  828
e  142  324  402
e  143  144  846
e  143  281  572
e  143  298  219
e  143  303  970
e  144  236  970
e  145  230  988
e  145  229  591
e  145  183  793
e  146  177  960
e  146  152  552
e  147  168  511
e  147  153  864
e  148  193  734
e  148  184  411
e  149  238  576
e  149  156  796
e  150  161  217
e  150  207  149
e  151  2112  402
e  151  529  521
e  152  185  960
e  153  178  511
e  153  203  293
e  154  160  411
e  155  171  639
e  156  245  576
e  156  340  402
e  157  182  55
e  158  236  181
e  159  163  618
e  159  179  38
e  160  166  516
e  160  226  275
e  161  208  3
e  161  296  295
e  161  227  149
e  162  188  543
e  162  213  632
e  162  177  808
e  163  169  947
e  164  170  249
e  165  166  855
e  165  176  275
e  166  186  275
e  167  200  219
e  167  212  527
e  168  253  565
e  168  178  864
e  169  231  249
e  169  215  407
e  169  190  38
e  170  232  582
e  170  216  307
e  170  180  334
e  171  194  775
e  171  218  411
e  172  182  295
e  173  183  219
e  174  211  350
e  174  421  229
e  174  328  363
e  175  318  371
e  175  210  969
e  176  184  226
e  176  186  855
e  177  234  632
e  177  185  552
e  178  261  565
e  178  222  293
e  179  191  947
e  179  189  407
e  180  192  307
e  181  195  613
e  181  302  411
e  182  228  449
e  182  256  487
e  182  197  533
e  183  199  591
e  184  217  734
e  184  206  855
e  185  241  632
e  185  477  947
e  185  240  585
e  186  206  226
e  186  226  516
e  187  196  405
e  187  352  397
e  188  203  632
e  189  202  947
e  190  191  618
e  190  204  407
e  191  202  407
e  192  216  334
e  192  205  678
e  193  217  411
e  194  250  411
e  195  279  881
e  195  309  411
e  196  258  397
e  197  239  487
e  198  247  572
e  199  200  41
e  199  229  793
e  199  233  527
e  200  221  527
e  201  299  805
e  201  209  409
e  202  204  618
e  202  390  293
e  202  214  980
e  203  222  511
e  203  213  543
e  204  215  38
e  204  361  249
e  204  374  449
e  204  394  293
e  205  224  334
e  205  231  841
e  206  244  416
e  206  266  439
e  207  227  217
e  207  220  537
e  208  239  295
e  209  312  805
e  209  230  346
e  210  375  371
e  210  249  760
e  211  235  745
e  211  428  229
e  212  221  219
e  212  247  264
e  213  234  808
e  214  338  293
e  215  282  249
e  216  254  582
e  216  224  678
e  217  219  416
e  218  219  91
e  218  250  775
e  218  351  439
e  218  331  855
e  219  243  855
e  220  246  217
e  220  238  732
e  221  233  41
e  221  251  264
e  222  272  565
e  222  259  808
e  223  253  707
e  224  263  582
e  224  262  841
e  225  235  439
e  226  257  439
e  226  242  858
e  227  310  295
e  227  295  732
e  227  246  537
e  228  297  487
e  229  304  988
e  229  280  527
e  230  406  805
e  230  443  759
e  230  405  527
e  230  304  591
e  231  262  334
e  231  286  449
e  231  282  407
e  232  249  449
e  232  254  307
e  233  280  793
e  233  274  264
e  234  260  511
e  234  241  552
e  235  237  568
e  235  291  275
e  235  431  229
e  236  303  846
e  236  389  219
e  236  284  111
e  237  252  275
e  238  255  217
e  238  245  796
e  239  256  533
e  239  403  732
e  239  337  149
e  239  296  3
e  240  547  947
e  240  358  812
e  241  275  511
e  241  359  565
e  242  252  439
e  243  244  734
e  243  331  91
e  243  293  439
e  244  283  439
e  245  268  217
e  245  345  402
e  246  255  732
e  247  251  219
e  247  269  572
e  248  270  776
e  248  347  521
e  249  382  371
e  249  395  841
e  249  264  307
e  250  294  639
e  250  308  729
e  250  356  439
e  251  274  41
e  251  311  65
e  251  273  572
e  252  257  858
e  252  292  226
e  252  291  568
e  253  276  513
e  253  261  864
e  254  264  449
e  254  263  678
e  255  295  537
e  255  268  796
e  256  297  449
e  256  496  181
e  256  416  732
e  257  267  226
e  258  322  486
e  258  334  45
e  258  440  576
e  258  490  411
e  258  352  405
e  259  260  543
e  259  300  565
e  259  287  552
e  260  275  552
e  261  272  293
e  262  278  449
e  263  271  449
e  264  327  841
e  264  271  678
e  265  328  379
e  265  318  229
e  266  267  516
e  266  283  416
e  267  330  416
e  267  292  858
e  268  336  295
e  268  372  402
e  269  273  219
e  269  281  65
e  270  368  521
e  271  277  841
e  272  289  513
e  272  325  843
e  272  300  808
e  273  285  65
e  274  354  793
e  274  404  988
e  274  314  65
e  275  287  543
e  275  315  565
e  276  301  843
e  276  288  293
e  277  278  582
e  277  327  678
e  277  427  371
e  277  436  407
e  277  290  334
e  278  286  334
e  279  333  392
e  279  342  411
e  280  320  988
e  280  354  264
e  281  285  219
e  282  317  449
e  282  361  38
e  283  293  734
e  283  508  229
e  283  486  568
e  283  330  516
e  284  461  219
e  284  379  487
e  285  311  572
e  285  319  41
e  285  357  970
e  285  298  572
e  286  290  582
e  286  317  407
e  287  306  565
e  288  289  864
e  288  305  843
e  289  307  843
e  290  343  407
e  291  329  226
e  291  438  229
e  292  363  416
e  292  329  568
e  293  344  91
e  293  398  775
e  293  524  229
e  294  302  729
e  295  323  295
e  296  310  149
e  297  366  55
e  297  388  181
e  298  346  970
e  299  347  759
e  299  312  409
e  300  341  843
e  300  306  552
e  301  313  159
e  301  305  293
e  302  309  613
e  302  308  639
e  303  346  219
e  304  320  527
e  305  316  159
e  305  307  864
e  306  355  843
e  306  315  543
e  307  321  159
e  307  325  513
e  308  332  613
e  308  411  439
e  309  342  881
e  309  332  639
e  310  337  3
e  310  323  732
e  311  314  41
e  312  367  759
e  312  406  346
e  313  316  293
e  314  425  988
e  314  319  572
e  315  380  843
e  315  391  159
e  315  359  511
e  316  326  707
e  316  339  947
e  316  321  864
e  317  343  582
e  317  369  38
e  318  362  379
e  318  396  760
e  318  375  969
e  319  408  970
e  320  405  591
e  320  528  759
e  320  370  264
e  321  348  947
e  321  349  808
e  322  324  45
e  323  353  3
e  323  335  796
e  324  340  828
e  324  365  576
e  324  334  486
e  325  341  808
e  326  338  947
e  327  395  307
e  327  414  371
e  328  362  229
e  329  376  416
e  329  459  229
e  330  397  568
e  330  363  858
e  331  344  439
e  332  399  881
e  332  422  439
e  333  387  411
e  334  401  576
e  335  336  537
e  335  378  3
e  336  402  3
e  336  407  402
e  337  353  732
e  338  390  980
e  338  339  707
e  339  393  980
e  339  348  864
e  340  345  576
e  341  350  159
e  341  355  552
e  342  387  392
e  342  399  639
e  343  436  334
e  343  512  371
e  343  516  293
e  343  480  38
e  344  351  855
e  344  364  775
e  345  372  217
e  345  365  828
e  346  357  572
e  346  389  846
e  347  368  776
e  347  367  409
e  348  409  980
e  348  371  808
e  349  350  513
e  349  371  947
e  349  373  552
e  350  360  552
e  351  356  775
e  352  400  361
e  352  377  60
e  353  403  149
e  353  424  533
e  353  378  796
e  354  370  988
e  355  360  159
e  355  380  543
e  356  411  729
e  356  364  855
e  357  408  41
e  357  417  846
e  358  582  947
e  359  434  947
e  360  373  513
e  360  386  947
e  360  385  543
e  361  369  449
e  362  421  363
e  362  429  350
e  362  412  760
e  363  376  568
e  364  487  729
e  364  398  91
e  365  401  486
e  366  379  181
e  367  384  776
e  367  418  346
e  368  426  913
e  368  384  409
e  369  480  582
e  369  463  293
e  369  374  249
e  370  551  759
e  370  442  65
e  370  404  793
e  371  430  980
e  371  381  552
e  372  407  295
e  372  492  486
e  373  381  947
e  374  432  293
e  375  382  760
e  376  397  858
e  376  462  229
e  377  383  361
e  378  441  533
e  378  466  402
e  378  402  537
e  379  474  219
e  379  388  55
e  380  385  159
e  381  447  980
e  381  435  543
e  381  386  513
e  382  396  969
e  382  415  379
e  382  413  841
e  383  400  60
e  383  439  411
e  384  456  913
e  384  499  474
e  384  444  346
e  385  392  947
e  385  391  843
e  386  392  543
e  387  423  95
e  387  451  397
e  387  488  439
e  388  530  219
e  388  573  402
e  388  539  732
e  388  496  449
e  389  417  572
e  389  461  111
e  390  394  618
e  390  393  707
e  391  419  947
e  392  435  513
e  392  533  980
e  392  584  449
e  392  455  511
e  392  419  843
e  393  410  618
e  393  409  864
e  394  432  449
e  394  410  707
e  395  413  371
e  396  412  379
e  397  486  516
e  397  485  229
e  398  708  397
e  398  684  229
e  399  450  439
e  400  468  411
e  401  493  217
e  401  546  411
e  401  440  45
e  402  454  402
e  403  416  533
e  404  425  65
e  405  497  759
e  406  418  759
e  407  454  3
e  407  595  411
e  407  572  486
e  408  542  988
e  408  668  487
e  408  597  846
e  409  420  618
e  409  430  808
e  410  452  449
e  410  420  864
e  411  422  613
e  411  487  855
e  412  471  350
e  412  483  275
e  412  415  969
e  413  446  379
e  413  414  307
e  414  453  379
e  414  427  678
e  415  503  275
e  415  446  841
e  416  510  181
e  416  526  402
e  416  495  796
e  416  424  149
e  417  597  41
e  417  540  487
e  417  519  111
e  418  444  776
e  418  443  805
e  419  433  511
e  420  457  449
e  420  448  808
e  421  428  350
e  422  450  881
e  422  559  855
e  423  439  397
e  424  441  796
e  425  442  793
e  425  541  970
e  426  445  474
e  426  456  409
e  427  458  379
e  427  481  407
e  428  431  745
e  428  429  363
e  429  437  745
e  429  471  760
e  430  448  618
e  430  447  552
e  431  438  275
e  431  437  363
e  432  463  249
e  432  452  707
e  433  434  159
e  433  455  843
e  433  532  632
e  434  476  632
e  435  478  980
e  436  481  371
e  437  449  275
e  437  473  760
e  438  459  226
e  438  449  363
e  439  468  60
e  439  451  95
e  440  514  411
e  441  495  149
e  441  470  402
e  442  615  759
e  442  628  970
e  443  498  776
e  443  497  527
e  444  599  474
e  444  543  527
e  444  498  805
e  445  529  96
e  445  464  409
e  446  513  275
e  446  453  307
e  447  460  618
e  447  478  543
e  448  465  449
e  448  460  552
e  449  467  226
e  449  484  416
e  449  475  760
e  450  489  392
e  450  525  397
e  450  591  855
e  451  537  60
e  451  592  576
e  451  502  439
e  452  479  249
e  452  457  864
e  453  536  275
e  453  458  678
e  454  466  537
e  454  494  533
e  454  718  181
e  454  717  411
e  455  619  449
e  455  618  632
e  456  464  474
e  457  511  249
e  457  465  808
e  458  556  275
e  458  521  407
e  459  462  416
e  459  467  363
e  460  472  449
e  460  515  543
e  461  519  572
e  461  474  487
e  462  485  858
e  462  469  363
e  463  504  582
e  463  479  707
e  464  575  96
e  464  630  346
e  464  499  913
e  465  535  249
e  465  472  552
e  466  470  533
e  467  469  416
e  468  491  405
e  468  560  576
e  468  537  95
e  469  558  858
e  469  501  760
e  469  484  226
e  470  518  149
e  470  550  181
e  470  494  537
e  471  473  745
e  472  565  249
e  472  523  543
e  473  475  275
e  474  527  572
e  474  530  55
e  475  500  416
e  475  507  969
e  475  482  350
e  476  477  565
e  476  532  159
e  477  583  159
e  477  547  585
e  478  515  618
e  478  534  449
e  478  533  513
e  479  566  582
e  479  511  864
e  480  504  293
e  481  521  379
e  481  512  334
e  482  483  745
e  482  505  969
e  483  503  969
e  484  500  760
e  485  506  516
e  485  570  760
e  485  558  363
e  486  506  229
e  487  559  613
e  487  665  397
e  488  489  639
e  488  502  397
e  489  509  397
e  490  491  361
e  490  514  576
e  491  549  576
e  492  493  828
e  492  572  295
e  492  579  411
e  493  568  411
e  494  605  181
e  495  518  402
e  496  510  732
e  497  520  776
e  497  528  591
e  498  520  527
e  499  599  346
e  500  501  226
e  500  545  969
e  501  563  858
e  501  557  841
e  501  553  969
e  502  600  576
e  502  509  639
e  503  505  745
e  503  513  841
e  504  516  38
e  504  566  707
e  505  507  350
e  505  517  841
e  506  508  568
e  506  578  760
e  507  545  416
e  507  522  841
e  508  524  734
e  509  639  576
e  509  525  392
e  510  539  449
e  510  531  402
e  511  586  582
e  511  535  808
e  512  555  379
e  512  603  293
e  513  517  745
e  513  536  307
e  514  546  45
e  514  549  361
e  515  523  449
e  516  603  371
e  516  608  707
e  517  522  350
e  517  544  307
e  518  526  796
e  518  538  181
e  519  527  487
e  520  543  805
e  520  598  264
e  520  574  591
e  521  631  275
e  521  555  334
e  522  548  416
e  522  552  307
e  523  673  249
e  523  585  513
e  523  534  618
e  524  684  775
e  524  589  760
e  525  710  576
e  525  624  855
e  526  531  181
e  527  540  111
e  527  720  41
e  527  742  402
e  527  614  55
e  528  574  776
e  528  551  264
e  529  2073  402
e  529  1848  264
e  529  575  409
e  530  614  572
e  530  616  402
e  531  561  449
e  531  538  796
e  532  618  843
e  532  617  585
e  532  583  565
e  533  564  449
e  534  564  513
e  535  601  582
e  535  565  552
e  536  544  745
e  536  556  678
e  537  571  576
e  538  596  449
e  538  550  149
e  539  561  402
e  540  635  41
e  541  542  572
e  541  628  793
e  542  879  793
e  542  1006  759
e  542  824  487
e  543  669  474
e  543  611  264
e  544  552  350
e  544  562  678
e  545  553  226
e  545  548  841
e  546  568  217
e  546  626  95
e  546  610  361
e  547  607  159
e  547  582  812
e  548  554  226
e  548  567  307
e  549  610  45
e  549  593  95
e  549  560  405
e  550  627  449
e  550  719  219
e  550  605  537
e  551  577  776
e  551  615  65
e  552  567  416
e  552  569  678
e  553  554  841
e  554  557  969
e  554  622  858
e  554  576  307
e  555  685  275
e  555  612  293
e  556  562  745
e  556  631  407
e  557  606  858
e  558  563  760
e  559  591  881
e  559  656  397
e  560  571  95
e  561  573  732
e  561  645  219
e  561  596  796
e  562  569  350
e  562  621  416
e  562  641  407
e  563  570  363
e  563  588  516
e  563  606  841
e  564  585  618
e  564  652  511
e  564  584  980
e  565  620  582
e  565  673  543
e  566  608  38
e  566  586  864
e  567  576  226
e  567  580  678
e  568  579  828
e  568  594  295
e  568  634  95
e  569  580  416
e  570  578  516
e  571  593  405
e  571  602  439
e  571  592  60
e  572  581  411
e  573  616  219
e  574  577  264
e  575  1193  264
e  575  883  527
e  575  724  346
e  576  637  858
e  576  587  678
e  577  598  591
e  577  629  805
e  577  646  65
e  578  590  734
e  578  588  363
e  579  581  295
e  580  587  226
e  580  658  407
e  580  621  350
e  581  595  486
e  581  672  439
e  581  594  828
e  582  661  159
e  582  923  449
e  582  745  960
e  583  607  585
e  584  619  511
e  585  834  249
e  585  862  379
e  585  696  511
e  586  653  38
e  586  601  808
e  587  659  858
e  587  671  407
e  588  604  734
e  588  623  841
e  589  590  568
e  589  730  775
e  589  664  841
e  589  609  363
e  590  604  363
e  591  624  397
e  592  600  439
e  593  613  45
e  593  625  439
e  594  657  439
e  594  644  95
e  595  717  3
e  595  762  181
e  595  689  439
e  596  667  219
e  596  627  149
e  597  635  487
e  598  611  805
e  599  630  913
e  599  669  527
e  600  602  60
e  600  639  639
e  601  662  38
e  601  676  371
e  601  620  552
e  602  625  405
e  602  642  45
e  603  612  379
e  603  648  707
e  604  609  568
e  604  632  841
e  605  734  219
e  605  729  411
e  605  718  533
e  606  623  516
e  606  622  969
e  607  617  565
e  607  661  812
e  608  648  371
e  608  653  864
e  609  638  841
e  610  613  95
e  611  722  474
e  611  629  591
e  612  692  275
e  612  654  707
e  613  626  361
e  613  636  217
e  613  633  439
e  614  681  402
e  615  646  776
e  615  737  970
e  616  681  572
e  616  645  732
e  617  694  843
e  617  746  449
e  617  693  812
e  618  695  449
e  618  694  585
e  619  652  980
e  619  695  632
e  620  690  371
e  620  697  379
e  620  741  543
e  621  651  407
e  622  649  516
e  622  637  307
e  623  632  734
e  623  649  969
e  624  731  576
e  624  754  229
e  624  709  613
e  624  656  881
e  625  633  45
e  626  634  217
e  627  687  219
e  628  737  759
e  628  879  572
e  629  764  474
e  629  721  65
e  630  724  96
e  630  723  527
e  631  641  745
e  631  685  334
e  632  638  568
e  632  655  969
e  633  640  217
e  633  642  405
e  634  644  295
e  634  643  439
e  634  636  361
e  635  668  846
e  635  802  402
e  635  720  111
e  636  640  439
e  637  660  516
e  637  659  678
e  638  664  363
e  638  706  307
e  638  678  969
e  639  714  295
e  639  780  855
e  639  710  392
e  640  643  361
e  640  650  295
e  640  666  405
e  641  651  416
e  642  666  217
e  643  647  295
e  644  647  439
e  645  735  572
e  645  667  796
e  646  721  805
e  646  763  970
e  647  657  95
e  647  680  828
e  647  650  361
e  648  654  379
e  648  670  864
e  649  655  734
e  649  660  307
e  650  715  828
e  650  761  639
e  650  679  405
e  651  658  350
e  651  703  226
e  651  700  293
e  652  696  618
e  652  833  632
e  653  670  371
e  653  662  808
e  654  740  275
e  654  699  808
e  654  675  864
e  655  678  568
e  655  663  307
e  656  665  613
e  657  672  828
e  658  671  226
e  659  686  516
e  659  704  734
e  659  749  407
e  660  663  734
e  660  686  678
e  661  693  565
e  661  792  449
e  662  674  371
e  663  683  568
e  663  688  678
e  664  772  775
e  664  794  397
e  664  760  307
e  665  709  881
e  665  739  229
e  665  707  91
e  666  679  295
e  667  755  572
e  667  687  149
e  668  824  988
e  668  846  402
e  669  723  913
e  669  722  264
e  670  675  379
e  670  674  808
e  671  749  858
e  671  728  293
e  671  703  350
e  672  689  486
e  672  680  95
e  673  741  582
e  673  793  379
e  673  834  513
e  674  677  379
e  674  676  38
e  675  677  808
e  676  682  379
e  676  690  552
e  677  699  864
e  677  752  275
e  677  698  552
e  677  682  38
e  678  683  307
e  679  711  639
e  680  716  486
e  680  715  361
e  681  742  55
e  681  784  41
e  681  735  732
e  682  691  552
e  683  706  969
e  683  811  363
e  683  705  678
e  684  727  397
e  684  730  760
e  685  692  293
e  686  688  734
e  687  801  572
e  687  823  411
e  687  815  537
e  687  719  449
e  688  705  568
e  688  777  407
e  688  704  516
e  689  783  181
e  689  716  95
e  690  691  379
e  691  698  38
e  691  807  275
e  691  770  543
e  691  697  371
e  692  702  416
e  692  740  707
e  693  753  449
e  694  736  449
e  695  833  980
e  695  736  585
e  696  908  379
e  696  924  632
e  697  759  543
e  698  766  275
e  699  747  275
e  700  701  334
e  700  725  226
e  701  702  745
e  701  732  226
e  701  756  707
e  702  748  707
e  703  725  293
e  704  771  407
e  705  836  363
e  705  848  397
e  705  820  407
e  706  760  363
e  707  708  729
e  707  733  229
e  708  727  229
e  709  750  229
e  710  731  855
e  711  712  60
e  711  761  405
e  711  781  828
e  712  713  45
e  712  874  828
e  712  873  229
e  712  839  855
e  713  714  217
e  713  814  855
e  714  796  855
e  715  782  486
e  715  768  639
e  716  840  181
e  716  875  639
e  716  782  361
e  717  726  181
e  718  726  411
e  719  734  537
e  720  757  402
e  721  785  474
e  721  880  970
e  722  751  913
e  722  816  65
e  722  764  591
e  723  743  96
e  723  751  264
e  724  743  527
e  725  728  350
e  725  732  334
e  726  729  533
e  726  789  439
e  726  762  3
e  727  733  729
e  727  744  760
e  728  799  858
e  728  738  334
e  729  769  219
e  729  805  439
e  730  744  397
e  730  772  841
e  731  780  392
e  731  800  295
e  731  779  229
e  732  738  350
e  732  775  707
e  733  739  91
e  733  773  760
e  734  815  449
e  734  769  411
e  735  896  41
e  735  755  796
e  736  861  980
e  736  758  812
e  736  746  843
e  737  763  776
e  737  965  572
e  738  788  707
e  739  750  881
e  739  790  760
e  740  748  416
e  740  747  808
e  741  759  379
e  742  757  41
e  743  883  346
e  743  786  264
e  744  773  729
e  744  778  841
e  745  1015  449
e  745  1269  459
e  746  753  812
e  747  765  416
e  747  752  864
e  748  756  745
e  748  765  808
e  749  771  734
e  749  799  293
e  750  754  613
e  750  795  760
e  751  786  96
e  751  851  65
e  752  767  416
e  752  766  552
e  753  758  843
e  753  792  565
e  754  779  576
e  754  803  760
e  755  946  41
e  755  895  411
e  755  801  149
e  756  775  226
e  756  774  808
e  757  802  111
e  757  1118  411
e  757  784  55
e  758  907  980
e  758  1148  379
e  758  1147  565
e  759  770  371
e  759  793  582
e  760  825  397
e  760  811  969
e  761  768  828
e  762  783  439
e  763  880  805
e  763  1190  474
e  763  1188  402
e  763  1059  572
e  764  785  65
e  765  774  745
e  765  767  864
e  766  787  416
e  766  807  38
e  767  776  745
e  767  787  552
e  768  829  486
e  768  948  229
e  768  781  405
e  769  819  449
e  769  830  439
e  770  859  275
e  770  955  513
e  770  835  582
e  771  777  516
e  771  810  293
e  772  778  397
e  773  790  91
e  773  812  881
e  773  827  576
e  773  818  841
e  774  791  226
e  774  776  864
e  775  788  350
e  775  791  808
e  776  798  226
e  776  797  552
e  777  820  568
e  777  817  293
e  778  818  729
e  778  853  576
e  778  842  307
e  778  794  775
e  779  822  295
e  779  806  760
e  780  796  295
e  781  913  229
e  781  874  60
e  782  829  639
e  783  789  3
e  783  840  95
e  784  1042  411
e  784  896  732
e  785  816  591
e  785  882  96
e  785  934  970
e  786  966  346
e  786  855  65
e  787  797  745
e  787  831  38
e  788  866  858
e  788  804  808
e  789  805  533
e  789  877  219
e  789  876  95
e  790  795  881
e  791  804  350
e  791  798  864
e  792  1147  843
e  792  1242  379
e  792  1146  960
e  792  923  159
e  793  835  371
e  793  858  513
e  794  825  307
e  795  803  613
e  795  813  576
e  795  812  91
e  796  814  217
e  796  800  392
e  797  808  226
e  797  856  38
e  798  809  350
e  798  808  552
e  799  810  734
e  799  865  707
e  800  828  217
e  800  822  229
e  801  850  411
e  802  846  846
e  802  1126  411
e  803  806  576
e  804  886  858
e  804  809  864
e  805  830  219
e  806  844  295
e  806  849  841
e  806  813  613
e  807  831  416
e  807  859  543
e  808  826  350
e  808  864  38
e  809  902  858
e  809  826  552
e  810  817  516
e  810  887  707
e  811  841  397
e  811  836  678
e  812  821  576
e  813  843  841
e  813  821  91
e  814  839  45
e  814  845  229
e  814  828  392
e  815  819  411
e  816  851  913
e  817  852  568
e  817  903  707
e  818  832  576
e  819  823  537
e  819  878  572
e  819  905  439
e  820  852  293
e  821  837  841
e  821  827  881
e  822  838  217
e  822  844  760
e  823  850  572
e  824  1062  759
e  824  922  402
e  825  842  775
e  825  841  969
e  826  918  858
e  826  1034  543
e  826  925  38
e  827  832  841
e  828  838  229
e  829  875  361
e  829  916  181
e  829  950  229
e  830  905  449
e  830  914  572
e  830  894  95
e  830  877  533
e  831  856  745
e  831  863  543
e  832  837  881
e  832  888  307
e  832  853  729
e  833  924  618
e  833  861  585
e  834  858  379
e  835  890  513
e  836  847  397
e  837  843  91
e  837  870  613
e  837  893  295
e  837  911  307
e  838  845  392
e  838  857  760
e  839  854  229
e  840  876  3
e  840  900  219
e  840  904  639
e  841  847  678
e  842  869  576
e  842  867  678
e  843  849  613
e  844  857  217
e  844  860  841
e  845  854  45
e  846  922  988
e  846  1136  411
e  847  868  775
e  847  848  363
e  848  910  775
e  848  929  576
e  848  927  293
e  849  860  295
e  849  870  91
e  850  895  149
e  850  938  439
e  850  878  537
e  851  855  96
e  852  928  397
e  852  958  707
e  853  869  307
e  854  873  855
e  854  871  760
e  855  1192  346
e  855  1191  970
e  855  881  591
e  856  864  226
e  856  901  543
e  857  872  45
e  857  884  841
e  858  890  371
e  858  862  249
e  859  863  416
e  859  992  513
e  860  884  217
e  860  889  91
e  861  952  618
e  861  907  812
e  862  908  511
e  863  901  745
e  863  996  513
e  864  925  350
e  864  917  543
e  865  866  334
e  865  887  734
e  866  891  734
e  866  886  808
e  867  868  969
e  867  892  576
e  868  897  576
e  868  910  363
e  869  888  729
e  869  892  678
e  870  889  295
e  871  872  392
e  871  933  828
e  871  931  841
e  872  912  841
e  873  899  828
e  874  899  229
e  875  904  181
e  876  885  219
e  877  885  95
e  878  906  439
e  879  965  759
e  880  934  474
e  881  882  913
e  881  1024  970
e  882  991  970
e  883  966  264
e  884  912  45
e  884  944  307
e  885  894  533
e  885  990  639
e  885  900  3
e  886  898  734
e  886  902  864
e  887  903  516
e  887  909  808
e  887  891  334
e  888  911  881
e  888  930  295
e  888  936  678
e  889  937  307
e  889  893  613
e  890  955  582
e  890  1016  275
e  890  953  511
e  891  898  808
e  892  936  729
e  892  897  969
e  893  915  307
e  894  1023  572
e  894  1092  229
e  894  1005  639
e  895  964  41
e  895  1014  439
e  896  979  411
e  896  946  796
e  897  943  295
e  897  921  363
e  898  909  334
e  898  926  516
e  898  919  864
e  899  913  60
e  899  932  760
e  900  951  639
e  901  917  226
e  901  1067  513
e  902  919  734
e  902  918  552
e  903  958  568
e  903  920  808
e  904  951  219
e  904  916  361
e  905  906  572
e  906  938  537
e  906  1182  41
e  906  1109  95
e  906  914  449
e  907  982  618
e  907  1088  379
e  908  954  371
e  908  1027  632
e  909  920  516
e  910  921  576
e  911  915  295
e  912  931  392
e  912  978  307
e  913  948  405
e  913  963  486
e  913  941  760
e  914  1023  95
e  915  937  613
e  915  960  217
e  915  947  678
e  915  930  881
e  916  974  219
e  916  968  229
e  917  956  350
e  917  1074  513
e  918  935  734
e  918  1081  543
e  919  939  516
e  919  935  552
e  920  972  568
e  920  957  864
e  920  926  334
e  921  970  295
e  921  984  293
e  921  929  775
e  922  1097  759
e  922  1142  411
e  923  1015  960
e  924  1027  379
e  924  952  585
e  925  956  543
e  926  939  864
e  927  928  407
e  927  967  576
e  928  976  576
e  928  998  707
e  929  967  293
e  930  940  678
e  931  961  828
e  931  1029  307
e  932  933  855
e  932  941  60
e  933  962  60
e  933  961  841
e  934  991  96
e  934  1316  402
e  934  1190  805
e  935  949  516
e  935  1086  543
e  936  940  295
e  937  945  217
e  938  1014  149
e  938  1041  41
e  939  957  334
e  939  949  552
e  940  947  881
e  940  942  969
e  941  971  486
e  941  988  841
e  941  962  855
e  942  943  729
e  942  959  881
e  942  1001  217
e  942  1000  363
e  943  970  363
e  944  945  91
e  944  978  45
e  944  987  678
e  945  975  678
e  945  960  613
e  946  964  411
e  947  969  217
e  947  959  969
e  948  950  486
e  949  983  334
e  949  1017  568
e  949  1089  397
e  949  1130  543
e  950  968  181
e  950  973  760
e  950  963  405
e  951  990  3
e  951  1013  229
e  951  974  361
e  952  1032  379
e  952  982  812
e  953  954  249
e  953  1046  275
e  954  1099  275
e  954  1110  632
e  955  992  275
e  956  1034  38
e  956  1107  858
e  956  1156  734
e  956  1155  513
e  957  993  568
e  957  983  552
e  958  998  397
e  958  972  808
e  959  977  217
e  960  969  678
e  961  981  60
e  961  1049  181
e  961  1037  307
e  962  981  841
e  963  971  760
e  964  979  796
e  964  1026  439
e  965  1059  776
e  965  1093  487
e  965  1006  793
e  966  1193  527
e  966  1192  65
e  967  984  775
e  967  999  295
e  967  976  407
e  968  985  219
e  968  980  760
e  969  975  613
e  969  977  969
e  970  1000  729
e  970  1018  217
e  970  994  293
e  971  973  405
e  971  989  181
e  972  1007  397
e  972  993  864
e  973  980  181
e  974  985  229
e  975  987  91
e  975  986  969
e  976  1008  295
e  976  1047  707
e  977  986  613
e  977  1048  293
e  977  1019  363
e  977  1001  881
e  978  1029  392
e  978  1056  828
e  978  1002  678
e  979  1042  732
e  979  1113  439
e  980  995  219
e  980  1011  841
e  980  989  405
e  981  988  855
e  981  1010  181
e  982  1045  379
e  983  997  568
e  984  994  295
e  985  1013  361
e  985  995  760
e  986  1021  45
e  986  1060  293
e  987  1002  45
e  988  1004  181
e  989  1003  841
e  990  1005  533
e  990  1040  229
e  991  1024  913
e  991  1339  402
e  992  996  416
e  992  1016  582
e  993  1031  397
e  993  997  552
e  994  1028  217
e  994  1012  407
e  994  999  775
e  995  1039  361
e  995  1072  3
e  995  1025  841
e  996  1067  745
e  996  1066  511
e  996  1033  582
e  997  1035  397
e  997  1017  334
e  998  1047  576
e  998  1007  808
e  999  1008  407
e  1000  1009  217
e  1001  1009  363
e  1002  1063  828
e  1002  1020  969
e  1003  1004  486
e  1003  1011  405
e  1003  1038  219
e  1003  1022  855
e  1004  1010  855
e  1005  1044  229
e  1006  1062  487
e  1007  1051  576
e  1007  1031  864
e  1008  1012  775
e  1008  1101  217
e  1008  1073  707
e  1009  1019  881
e  1009  1030  293
e  1009  1018  729
e  1010  1022  486
e  1010  1057  219
e  1010  1049  60
e  1011  1025  219
e  1012  1053  217
e  1013  1040  3
e  1013  1039  760
e  1014  1026  41
e  1015  1146  159
e  1015  1527  379
e  1015  1487  459
e  1016  1033  416
e  1016  1046  511
e  1017  1055  397
e  1018  1028  293
e  1019  1036  293
e  1020  1021  91
e  1020  1090  828
e  1020  1087  293
e  1021  1061  293
e  1022  1043  219
e  1023  1109  449
e  1023  1094  229
e  1024  1191  591
e  1024  1409  402
e  1025  1079  3
e  1025  1058  855
e  1025  1038  405
e  1026  1113  796
e  1026  1310  988
e  1026  1337  760
e  1026  1041  149
e  1027  1110  371
e  1027  1032  585
e  1028  1030  729
e  1028  1053  407
e  1029  1037  828
e  1030  1036  881
e  1030  1069  407
e  1031  1064  576
e  1031  1035  552
e  1032  1115  371
e  1032  1045  812
e  1033  1052  511
e  1034  1081  858
e  1035  1068  576
e  1035  1055  334
e  1036  1048  363
e  1036  1077  45
e  1036  1076  407
e  1037  1065  181
e  1037  1071  678
e  1037  1056  392
e  1038  1043  855
e  1039  1050  3
e  1040  1044  533
e  1040  1050  760
e  1041  1253  760
e  1041  1182  537
e  1042  1118  55
e  1042  1186  988
e  1042  1183  439
e  1043  1058  405
e  1043  1095  307
e  1043  1057  486
e  1044  1092  639
e  1044  1096  572
e  1044  1054  760
e  1045  1121  371
e  1045  1088  618
e  1046  1052  416
e  1046  1099  249
e  1047  1073  295
e  1047  1051  808
e  1048  1060  613
e  1048  1070  45
e  1049  1078  219
e  1049  1065  307
e  1050  1054  533
e  1050  1072  361
e  1051  1075  295
e  1051  1064  864
e  1052  1066  582
e  1052  1154  226
e  1052  1106  249
e  1053  1069  729
e  1053  1134  707
e  1053  1101  775
e  1054  1102  572
e  1054  1084  841
e  1055  1104  576
e  1055  1089  568
e  1056  1063  678
e  1057  1083  307
e  1057  1078  60
e  1058  1132  307
e  1059  1119  487
e  1060  1061  45
e  1061  1087  91
e  1061  1082  363
e  1061  1070  613
e  1062  1093  793
e  1062  1097  402
e  1063  1071  392
e  1063  1090  969
e  1064  1098  295
e  1064  1068  552
e  1065  1080  219
e  1065  1091  678
e  1066  1125  745
e  1067  1074  226
e  1067  1125  511
e  1068  1100  295
e  1068  1104  334
e  1069  1076  881
e  1070  1077  363
e  1071  1091  181
e  1071  1112  969
e  1072  1079  841
e  1073  1120  217
e  1073  1075  808
e  1074  1155  350
e  1074  1129  511
e  1075  1122  217
e  1075  1098  864
e  1076  1105  45
e  1077  1082  613
e  1077  1105  407
e  1078  1080  307
e  1079  1085  533
e  1080  1083  60
e  1080  1103  678
e  1081  1086  734
e  1081  1107  38
e  1082  1123  407
e  1083  1095  486
e  1083  1131  678
e  1084  1085  361
e  1084  1128  572
e  1085  1178  572
e  1085  1175  307
e  1086  1130  516
e  1086  1111  38
e  1087  1116  828
e  1088  1282  371
e  1088  1327  416
e  1088  1148  980
e  1089  1159  576
e  1089  1158  543
e  1090  1112  392
e  1090  1117  181
e  1090  1116  293
e  1091  1103  219
e  1091  1114  969
e  1092  1094  572
e  1093  1119  776
e  1093  1127  402
e  1094  1108  760
e  1094  1096  639
e  1095  1132  405
e  1095  1139  678
e  1096  1102  760
e  1097  1127  793
e  1097  1187  776
e  1097  1311  411
e  1098  1144  217
e  1098  1100  552
e  1099  1106  416
e  1100  1145  217
e  1100  1143  334
e  1101  1120  707
e  1102  1108  639
e  1102  1128  841
e  1103  1131  60
e  1103  1124  969
e  1104  1143  295
e  1104  1219  543
e  1104  1159  568
e  1105  1123  613
e  1105  1162  808
e  1106  1248  226
e  1106  1149  812
e  1107  1111  734
e  1108  1181  449
e  1108  1179  841
e  1109  1215  41
e  1109  1180  760
e  1110  1115  585
e  1111  1157  516
e  1111  1273  397
e  1111  1345  513
e  1111  1156  858
e  1112  1114  181
e  1113  1183  732
e  1113  1241  988
e  1114  1124  219
e  1114  1117  392
e  1115  1121  812
e  1116  1133  181
e  1117  1135  219
e  1117  1133  293
e  1118  1126  111
e  1119  1140  402
e  1120  1134  775
e  1120  1122  808
e  1121  1152  416
e  1121  1282  618
e  1122  1137  775
e  1122  1144  864
e  1123  1170  219
e  1123  1209  808
e  1124  1141  293
e  1124  1135  392
e  1125  1129  226
e  1126  1136  846
e  1127  1140  776
e  1128  1179  639
e  1128  1239  449
e  1128  1222  307
e  1128  1178  361
e  1129  1227  350
e  1129  1350  812
e  1129  1153  582
e  1130  1158  397
e  1130  1157  38
e  1131  1139  486
e  1132  1177  533
e  1132  1174  678
e  1133  1138  219
e  1134  1137  808
e  1135  1138  293
e  1136  1142  988
e  1137  1165  45
e  1137  1160  552
e  1138  1141  392
e  1138  1166  407
e  1139  1174  405
e  1139  1171  293
e  1140  1189  572
e  1140  1389  411
e  1140  1187  793
e  1141  1173  486
e  1141  1220  407
e  1142  1311  759
e  1142  1224  439
e  1142  1184  55
e  1143  1203  217
e  1143  1225  543
e  1144  1145  552
e  1145  1161  775
e  1145  1275  45
e  1145  1203  334
e  1146  1411  379
e  1147  1236  379
e  1148  1375  416
e  1148  1236  565
e  1149  1150  585
e  1149  1256  226
e  1150  1151  632
e  1150  1263  226
e  1151  1152  275
e  1151  1270  226
e  1151  1317  618
e  1152  1303  618
e  1153  1154  745
e  1153  1272  812
e  1153  1257  249
e  1154  1248  249
e  1155  1328  734
e  1155  1227  511
e  1156  1328  513
e  1157  1206  397
e  1158  1195  576
e  1158  1206  38
e  1159  1195  543
e  1160  1161  864
e  1160  1196  45
e  1161  1197  45
e  1162  1163  707
e  1162  1209  613
e  1163  1164  729
e  1163  1214  219
e  1163  1208  552
e  1164  1165  881
e  1164  1204  552
e  1165  1196  552
e  1166  1167  363
e  1166  1220  392
e  1167  1168  91
e  1167  1260  392
e  1167  1266  808
e  1168  1169  828
e  1168  1233  808
e  1169  1170  181
e  1169  1217  808
e  1170  1211  808
e  1171  1172  969
e  1171  1201  405
e  1172  1173  60
e  1172  1230  405
e  1172  1288  572
e  1172  1267  407
e  1173  1249  407
e  1174  1200  533
e  1174  1201  293
e  1175  1176  855
e  1175  1194  572
e  1176  1177  3
e  1176  1205  572
e  1176  1202  678
e  1177  1200  678
e  1178  1194  307
e  1179  1198  449
e  1180  1181  229
e  1180  1223  41
e  1181  1232  41
e  1181  1198  841
e  1182  1240  760
e  1182  1215  95
e  1183  1199  988
e  1184  1185  111
e  1184  1216  439
e  1185  1186  846
e  1185  1210  439
e  1186  1199  439
e  1187  1343  411
e  1188  1189  487
e  1188  1300  474
e  1189  1366  474
e  1189  1469  411
e  1190  1300  402
e  1191  1471  346
e  1191  1652  402
e  1192  1653  527
e  1192  1471  970
e  1193  1848  409
e  1193  1653  65
e  1194  1222  361
e  1194  1251  678
e  1194  1205  855
e  1195  1219  568
e  1195  1228  295
e  1195  1243  38
e  1196  1204  881
e  1196  1197  864
e  1197  1207  881
e  1197  1265  219
e  1197  1275  775
e  1198  1247  41
e  1198  1239  639
e  1199  1210  846
e  1199  1241  732
e  1200  1202  3
e  1200  1226  293
e  1201  1226  533
e  1201  1230  969
e  1202  1221  572
e  1202  1231  293
e  1203  1296  45
e  1203  1319  219
e  1203  1292  543
e  1204  1208  729
e  1204  1207  864
e  1205  1221  678
e  1206  1243  576
e  1206  1273  516
e  1207  1212  729
e  1207  1258  219
e  1208  1235  219
e  1208  1212  864
e  1209  1211  219
e  1210  1216  111
e  1210  1291  732
e  1211  1217  181
e  1211  1213  707
e  1212  1237  219
e  1213  1214  613
e  1213  1218  181
e  1214  1229  181
e  1214  1235  552
e  1215  1223  760
e  1216  1224  55
e  1216  1338  732
e  1217  1233  828
e  1217  1218  707
e  1218  1234  828
e  1218  1254  552
e  1218  1229  613
e  1219  1225  295
e  1220  1249  486
e  1220  1260  363
e  1221  1251  855
e  1221  1238  293
e  1222  1313  449
e  1222  1309  293
e  1222  1281  678
e  1223  1240  95
e  1223  1232  229
e  1224  1365  759
e  1224  1497  760
e  1224  1468  732
e  1225  1292  217
e  1225  1329  38
e  1225  1228  568
e  1226  1231  3
e  1226  1246  969
e  1227  1379  734
e  1227  1417  397
e  1227  1449  576
e  1227  1378  812
e  1228  1274  38
e  1229  1244  552
e  1230  1246  533
e  1231  1238  572
e  1231  1250  969
e  1232  1252  95
e  1232  1279  537
e  1232  1247  841
e  1233  1266  91
e  1233  1234  707
e  1234  1276  91
e  1234  1262  552
e  1235  1244  181
e  1235  1237  864
e  1236  1396  416
e  1236  1242  843
e  1237  1245  181
e  1237  1258  729
e  1238  1278  855
e  1238  1335  361
e  1238  1255  969
e  1239  1299  41
e  1239  1313  307
e  1240  1253  537
e  1240  1252  229
e  1241  1291  846
e  1241  1310  796
e  1242  1412  416
e  1242  1411  960
e  1243  1274  295
e  1243  1318  516
e  1244  1254  613
e  1244  1245  864
e  1245  1259  613
e  1245  1285  828
e  1245  1383  334
e  1245  1284  729
e  1246  1250  3
e  1246  1277  572
e  1247  1290  537
e  1247  1406  307
e  1247  1299  639
e  1248  1257  745
e  1248  1256  812
e  1249  1267  60
e  1249  1286  363
e  1250  1255  572
e  1251  1281  361
e  1251  1278  293
e  1252  1261  537
e  1253  1337  149
e  1253  1261  229
e  1254  1262  828
e  1254  1259  864
e  1255  1364  361
e  1255  1315  407
e  1255  1308  405
e  1255  1277  3
e  1256  1264  745
e  1256  1263  585
e  1257  1264  812
e  1258  1284  181
e  1258  1265  881
e  1259  1268  828
e  1260  1286  486
e  1260  1293  808
e  1261  1356  149
e  1261  1295  841
e  1261  1279  95
e  1262  1314  91
e  1262  1268  864
e  1263  1271  745
e  1263  1270  632
e  1264  1272  249
e  1264  1271  585
e  1265  1294  181
e  1265  1320  334
e  1265  1297  775
e  1266  1293  392
e  1266  1276  707
e  1267  1302  572
e  1267  1321  808
e  1268  1323  91
e  1268  1384  486
e  1268  1403  572
e  1268  1456  334
e  1268  1285  613
e  1269  1487  449
e  1270  1280  745
e  1270  1488  618
e  1271  1283  249
e  1271  1280  632
e  1272  1350  582
e  1272  1283  585
e  1273  1318  576
e  1273  1357  513
e  1274  1329  568
e  1274  1381  217
e  1274  1419  513
e  1274  1362  516
e  1275  1297  219
e  1275  1296  334
e  1276  1298  392
e  1276  1314  552
e  1277  1287  405
e  1278  1289  361
e  1279  1290  841
e  1280  1304  249
e  1280  1501  350
e  1280  1624  295
e  1280  1528  618
e  1281  1289  293
e  1282  1303  416
e  1283  1377  582
e  1283  1304  632
e  1284  1363  334
e  1284  1294  881
e  1285  1394  334
e  1286  1301  808
e  1287  1288  533
e  1287  1308  3
e  1287  1307  407
e  1288  1302  407
e  1289  1309  678
e  1289  1349  449
e  1289  1388  969
e  1289  1335  855
e  1290  1295  95
e  1290  1496  988
e  1290  1464  293
e  1290  1435  307
e  1291  1338  111
e  1291  1443  760
e  1291  1426  796
e  1292  1351  219
e  1292  1358  38
e  1293  1301  486
e  1293  1298  707
e  1294  1325  334
e  1295  1371  149
e  1295  1492  988
e  1296  1305  219
e  1297  1305  334
e  1298  1306  486
e  1299  1336  307
e  1300  1316  805
e  1300  1366  487
e  1301  1322  60
e  1301  1306  707
e  1302  1307  533
e  1302  1326  808
e  1303  1317  275
e  1303  1327  371
e  1304  1416  350
e  1305  1320  775
e  1305  1330  181
e  1305  1373  543
e  1305  1319  45
e  1306  1324  60
e  1306  1346  572
e  1306  1331  552
e  1307  1312  3
e  1307  1340  808
e  1308  1312  407
e  1309  1341  449
e  1310  1426  846
e  1310  1390  760
e  1311  1343  776
e  1311  1365  439
e  1312  1315  405
e  1312  1348  808
e  1313  1336  41
e  1313  1341  293
e  1314  1332  486
e  1314  1323  864
e  1315  1441  361
e  1315  1360  808
e  1316  1339  96
e  1316  1407  487
e  1317  1488  226
e  1317  1448  565
e  1317  1414  980
e  1317  1376  371
e  1318  1362  295
e  1318  1372  513
e  1319  1351  543
e  1320  1325  181
e  1321  1322  363
e  1321  1326  572
e  1322  1324  707
e  1323  1342  486
e  1324  1334  572
e  1325  1363  881
e  1325  1429  543
e  1325  1330  775
e  1326  1340  533
e  1326  1333  707
e  1327  1376  275
e  1327  1375  980
e  1328  1345  858
e  1328  1380  397
e  1328  1379  511
e  1329  1358  217
e  1330  1382  543
e  1331  1332  392
e  1331  1352  572
e  1331  1344  864
e  1332  1342  864
e  1333  1334  363
e  1333  1347  533
e  1334  1353  533
e  1334  1359  552
e  1334  1346  60
e  1335  1364  969
e  1336  1406  639
e  1336  1355  293
e  1337  1390  988
e  1337  1356  229
e  1338  1468  55
e  1338  1467  760
e  1339  1409  913
e  1339  1427  487
e  1340  1348  3
e  1340  1347  707
e  1341  1355  41
e  1341  1349  678
e  1342  1344  392
e  1342  1385  572
e  1342  1384  91
e  1343  1389  793
e  1343  1400  439
e  1344  1361  572
e  1345  1357  397
e  1346  1352  552
e  1347  1354  3
e  1347  1353  363
e  1348  1360  405
e  1348  1354  707
e  1349  1367  41
e  1350  1378  350
e  1350  1377  585
e  1351  1373  45
e  1351  1420  181
e  1351  1428  38
e  1352  1359  60
e  1352  1361  864
e  1353  1368  3
e  1353  1374  552
e  1354  1370  405
e  1354  1368  363
e  1355  1430  639
e  1355  1463  537
e  1355  1367  678
e  1356  1408  988
e  1356  1371  841
e  1357  1372  576
e  1357  1398  511
e  1357  1380  858
e  1358  1428  219
e  1358  1381  568
e  1359  1374  533
e  1359  1369  864
e  1360  1461  41
e  1360  1370  707
e  1361  1369  60
e  1361  1422  533
e  1361  1385  392
e  1362  1391  513
e  1363  1383  729
e  1363  1421  828
e  1363  1442  543
e  1364  1388  855
e  1364  1434  41
e  1364  1441  407
e  1365  1400  776
e  1365  1526  760
e  1366  1407  805
e  1366  1470  96
e  1366  1508  411
e  1367  1477  537
e  1367  1424  969
e  1368  1387  552
e  1369  1386  533
e  1370  1472  41
e  1370  1404  552
e  1371  1410  988
e  1372  1391  295
e  1372  1399  511
e  1373  1382  181
e  1374  1387  3
e  1374  1386  864
e  1375  1401  275
e  1375  1396  565
e  1376  1401  980
e  1377  1397  350
e  1378  1481  576
e  1378  1397  585
e  1379  1393  397
e  1380  1393  511
e  1381  1452  219
e  1381  1484  513
e  1382  1429  775
e  1382  1503  828
e  1382  1475  38
e  1382  1420  45
e  1383  1394  828
e  1384  1395  572
e  1385  1395  91
e  1386  1392  3
e  1386  1422  60
e  1387  1405  405
e  1387  1392  864
e  1388  1425  41
e  1389  1469  572
e  1389  1444  439
e  1390  1440  846
e  1390  1408  229
e  1391  1419  516
e  1391  1418  511
e  1392  1423  405
e  1392  1638  41
e  1392  1636  543
e  1392  1531  91
e  1392  1459  60
e  1393  1398  858
e  1393  1402  576
e  1393  1417  734
e  1394  1456  613
e  1394  1479  572
e  1394  1455  543
e  1394  1421  729
e  1395  1458  533
e  1395  1520  334
e  1395  1403  486
e  1396  1413  275
e  1396  1412  843
e  1397  1498  576
e  1397  1415  632
e  1398  1399  576
e  1399  1418  295
e  1399  1402  858
e  1400  1444  793
e  1400  1558  760
e  1401  1414  371
e  1401  1413  565
e  1402  1437  295
e  1402  1432  734
e  1403  1473  334
e  1404  1405  363
e  1404  1486  41
e  1404  1433  864
e  1405  1423  864
e  1406  1435  537
e  1406  1430  293
e  1407  1427  96
e  1408  1410  841
e  1409  1652  591
e  1409  1685  411
e  1409  1553  487
e  1410  1466  846
e  1410  1521  293
e  1410  1507  95
e  1410  1492  149
e  1411  1544  416
e  1411  1527  159
e  1412  1436  275
e  1412  1544  960
e  1413  1431  371
e  1413  1436  843
e  1414  1431  565
e  1415  1416  582
e  1415  1514  576
e  1416  1556  576
e  1416  1501  249
e  1417  1432  576
e  1418  1451  516
e  1418  1580  219
e  1418  1546  812
e  1418  1437  858
e  1419  1484  217
e  1419  1451  511
e  1420  1453  38
e  1421  1445  543
e  1422  1459  3
e  1422  1457  91
e  1423  1433  363
e  1423  1532  41
e  1424  1425  449
e  1424  1577  537
e  1424  1535  808
e  1424  1490  407
e  1424  1438  855
e  1425  1434  855
e  1426  1440  760
e  1427  1553  913
e  1427  1543  411
e  1427  1470  805
e  1428  1453  181
e  1428  1452  568
e  1429  1442  881
e  1429  1454  828
e  1430  1439  537
e  1431  1448  980
e  1431  1586  226
e  1431  1447  843
e  1432  1450  295
e  1432  1483  812
e  1432  1449  397
e  1433  1500  41
e  1434  1438  449
e  1434  1446  407
e  1435  1439  293
e  1436  1447  371
e  1436  1565  960
e  1437  1518  812
e  1437  1450  734
e  1438  1462  407
e  1439  1464  307
e  1439  1517  988
e  1439  1491  678
e  1439  1463  639
e  1440  1443  796
e  1440  1465  841
e  1441  1446  41
e  1442  1445  828
e  1443  1467  111
e  1443  1478  841
e  1444  1540  572
e  1444  1651  474
e  1444  1616  760
e  1445  1455  729
e  1445  1548  572
e  1445  1454  881
e  1446  1462  449
e  1446  1460  808
e  1447  1592  226
e  1447  1620  960
e  1448  1559  226
e  1449  1481  812
e  1450  1495  812
e  1451  1515  217
e  1451  1573  219
e  1452  1547  181
e  1452  1513  513
e  1453  1475  45
e  1453  1594  513
e  1453  1547  568
e  1454  1569  572
e  1454  1503  775
e  1455  1499  572
e  1456  1473  572
e  1457  1458  392
e  1457  1489  3
e  1458  1504  3
e  1458  1542  334
e  1459  1489  91
e  1460  1461  361
e  1460  1474  449
e  1460  1476  707
e  1461  1472  707
e  1462  1490  855
e  1462  1474  808
e  1463  1477  678
e  1464  1509  988
e  1465  1466  229
e  1465  1478  796
e  1466  1480  796
e  1466  1537  111
e  1466  1571  293
e  1467  1494  55
e  1467  1485  841
e  1468  1494  760
e  1469  1508  474
e  1469  1540  439
e  1470  1541  411
e  1471  1957  527
e  1471  1758  402
e  1472  1476  361
e  1472  1505  449
e  1472  1486  552
e  1473  1520  486
e  1473  1519  543
e  1473  1479  613
e  1474  1506  855
e  1474  1482  707
e  1475  1581  828
e  1475  1630  572
e  1475  1610  513
e  1476  1482  449
e  1477  1491  639
e  1477  1582  988
e  1477  1577  969
e  1478  1485  111
e  1478  1480  229
e  1479  1499  543
e  1480  1493  111
e  1481  1483  397
e  1481  1498  585
e  1482  1534  855
e  1482  1512  552
e  1482  1505  361
e  1483  1495  295
e  1483  1502  585
e  1484  1513  219
e  1484  1515  511
e  1485  1523  55
e  1485  1493  229
e  1486  1511  449
e  1486  1500  864
e  1487  1781  379
e  1487  2218  219
e  1488  1528  745
e  1488  1559  565
e  1489  1531  60
e  1489  1595  334
e  1489  1504  392
e  1490  1506  808
e  1491  1554  988
e  1492  1496  95
e  1493  1538  55
e  1493  1589  759
e  1493  1613  293
e  1493  1537  796
e  1494  1497  732
e  1494  1523  841
e  1495  1518  734
e  1495  1510  585
e  1496  1507  149
e  1496  1509  293
e  1497  1526  759
e  1497  1539  841
e  1498  1502  397
e  1498  1514  632
e  1499  1519  613
e  1499  1634  533
e  1499  1675  38
e  1499  1548  729
e  1500  1525  449
e  1500  1532  363
e  1501  1579  576
e  1502  1510  295
e  1502  1522  632
e  1503  1574  572
e  1503  1581  38
e  1504  1562  334
e  1505  1511  552
e  1506  1535  407
e  1506  1609  537
e  1506  1534  707
e  1507  1516  293
e  1508  1541  96
e  1508  1557  439
e  1509  1516  149
e  1509  1517  307
e  1510  1545  734
e  1510  1524  632
e  1511  1512  361
e  1511  1525  864
e  1512  1570  855
e  1512  1533  864
e  1513  1564  181
e  1513  1530  511
e  1514  1522  397
e  1514  1529  295
e  1514  1556  582
e  1515  1530  219
e  1516  1521  95
e  1516  1536  307
e  1517  1536  149
e  1517  1554  678
e  1518  1546  858
e  1518  1545  585
e  1519  1551  486
e  1520  1542  533
e  1520  1551  543
e  1521  1571  846
e  1521  1552  307
e  1522  1524  295
e  1523  1539  732
e  1523  1538  229
e  1524  1567  734
e  1524  1665  219
e  1524  1566  582
e  1524  1529  397
e  1525  1533  361
e  1525  1576  363
e  1526  1558  776
e  1526  1550  841
e  1527  1674  416
e  1527  1781  459
e  1528  1704  295
e  1528  1593  565
e  1529  1560  582
e  1530  1584  181
e  1530  1605  812
e  1530  1588  516
e  1530  1573  217
e  1531  1601  334
e  1532  1576  449
e  1532  1664  543
e  1532  1638  405
e  1533  1602  855
e  1533  1710  988
e  1533  1639  363
e  1534  1612  537
e  1534  1570  552
e  1535  1596  537
e  1536  1552  95
e  1536  1583  678
e  1537  1603  293
e  1538  1549  732
e  1538  1563  759
e  1539  1550  759
e  1539  1549  229
e  1540  1557  474
e  1541  1543  805
e  1541  1578  439
e  1542  1562  3
e  1542  1561  543
e  1543  1611  913
e  1543  1590  439
e  1544  1565  275
e  1544  1674  159
e  1545  1568  858
e  1545  1567  632
e  1546  1591  219
e  1546  1568  585
e  1547  1564  513
e  1548  1631  38
e  1548  1569  881
e  1549  1555  759
e  1550  1572  776
e  1550  1555  229
e  1551  1561  533
e  1552  1597  846
e  1553  1611  411
e  1554  1583  149
e  1554  1669  808
e  1554  1582  639
e  1555  1585  776
e  1555  1563  732
e  1556  1560  295
e  1556  1579  249
e  1557  1578  96
e  1557  1694  760
e  1557  1651  572
e  1558  1616  793
e  1558  1572  841
e  1559  1593  745
e  1559  1586  980
e  1560  1566  397
e  1560  1587  249
e  1561  1575  3
e  1561  1633  613
e  1562  1595  392
e  1562  1575  543
e  1563  1649  776
e  1563  1648  293
e  1563  1589  55
e  1564  1594  568
e  1564  1584  511
e  1565  1620  371
e  1565  1729  159
e  1566  1673  219
e  1566  1604  249
e  1567  1599  858
e  1567  1625  219
e  1568  1606  219
e  1568  1599  632
e  1569  1574  775
e  1570  1640  537
e  1570  1602  864
e  1571  1603  111
e  1571  1597  307
e  1572  1650  793
e  1572  1585  229
e  1573  1580  516
e  1574  1600  38
e  1575  1607  392
e  1575  1635  60
e  1575  1708  41
e  1575  1767  38
e  1575  1690  613
e  1576  1639  361
e  1576  1709  543
e  1577  1615  988
e  1577  1596  808
e  1578  1590  805
e  1578  1697  760
e  1579  1587  295
e  1580  1588  217
e  1580  1591  812
e  1581  1600  572
e  1582  1643  808
e  1582  1615  969
e  1583  1645  846
e  1583  1676  808
e  1584  1629  45
e  1584  1657  812
e  1585  1660  793
e  1585  1662  293
e  1585  1649  732
e  1586  1592  843
e  1587  1604  397
e  1587  1623  350
e  1588  1598  812
e  1589  1619  293
e  1590  1663  913
e  1590  1728  760
e  1591  1598  217
e  1591  1606  585
e  1592  1622  745
e  1592  1699  960
e  1593  1719  295
e  1593  1621  843
e  1594  1610  45
e  1595  1601  60
e  1595  1607  543
e  1596  1618  988
e  1596  1609  407
e  1597  1646  111
e  1597  1644  678
e  1598  1605  516
e  1598  1614  585
e  1599  1617  219
e  1600  1632  881
e  1600  1705  513
e  1600  1630  828
e  1601  1608  543
e  1602  1661  537
e  1602  1680  988
e  1603  1613  796
e  1603  1647  759
e  1603  1646  307
e  1604  1687  219
e  1604  1688  350
e  1605  1657  181
e  1605  1627  585
e  1606  1614  217
e  1606  1617  632
e  1607  1608  60
e  1608  1637  91
e  1608  1666  41
e  1608  1635  392
e  1609  1612  707
e  1610  1679  572
e  1610  1628  511
e  1611  1685  487
e  1611  1663  439
e  1612  1642  988
e  1612  1640  552
e  1613  1619  759
e  1614  1627  516
e  1614  1626  632
e  1615  1618  808
e  1616  1684  474
e  1616  1650  841
e  1617  1626  217
e  1617  1625  858
e  1618  1643  969
e  1618  1692  149
e  1618  1641  707
e  1619  1648  55
e  1619  1667  307
e  1619  1647  796
e  1620  1699  226
e  1621  1622  980
e  1621  1745  295
e  1622  1760  295
e  1622  1744  960
e  1623  1624  576
e  1623  1688  397
e  1623  1707  618
e  1624  1704  618
e  1625  1678  217
e  1625  1689  582
e  1625  1665  734
e  1626  1671  516
e  1626  1700  181
e  1626  1678  858
e  1627  1670  181
e  1627  1671  632
e  1628  1629  568
e  1628  1695  572
e  1629  1749  572
e  1629  1720  812
e  1630  1679  513
e  1631  1632  775
e  1631  1675  729
e  1631  1750  533
e  1632  1798  533
e  1632  1811  513
e  1633  1634  486
e  1633  1690  3
e  1633  1723  38
e  1634  1706  38
e  1635  1701  41
e  1636  1637  334
e  1636  1656  41
e  1637  1659  41
e  1638  1656  543
e  1639  1768  988
e  1639  1817  543
e  1640  1655  988
e  1640  1661  864
e  1641  1642  407
e  1641  1698  149
e  1642  1711  149
e  1642  1655  552
e  1643  1669  639
e  1644  1645  95
e  1644  1677  111
e  1644  1693  759
e  1645  1713  759
e  1645  1703  808
e  1646  1658  759
e  1646  1677  678
e  1647  1658  307
e  1648  1654  776
e  1649  1654  293
e  1650  1696  474
e  1650  1660  229
e  1651  1684  760
e  1652  1758  346
e  1652  1859  411
e  1653  1958  409
e  1653  1995  402
e  1653  1957  970
e  1654  1662  732
e  1654  1682  307
e  1655  1721  149
e  1655  1668  864
e  1656  1664  405
e  1656  1659  334
e  1657  1720  45
e  1657  1670  585
e  1658  1667  796
e  1658  1714  776
e  1658  1681  678
e  1659  1672  405
e  1659  1666  91
e  1660  1727  474
e  1660  1715  293
e  1661  1668  988
e  1662  1715  793
e  1662  1725  307
e  1663  1772  487
e  1663  1789  760
e  1664  1709  449
e  1664  1672  334
e  1665  1673  582
e  1666  1751  405
e  1666  1901  449
e  1666  1900  38
e  1666  1701  392
e  1667  1683  776
e  1668  1753  149
e  1668  1840  846
e  1668  1903  759
e  1668  1752  855
e  1668  1680  537
e  1669  1676  149
e  1670  1748  45
e  1670  1686  632
e  1671  1686  181
e  1672  1738  449
e  1672  1751  91
e  1673  1689  734
e  1673  1687  249
e  1674  1729  275
e  1674  1857  459
e  1675  1706  533
e  1676  1703  846
e  1676  1712  707
e  1676  1691  969
e  1677  1681  759
e  1678  1722  582
e  1679  1705  828
e  1679  1695  511
e  1680  1710  855
e  1681  1718  776
e  1681  1764  808
e  1681  1734  95
e  1681  1693  111
e  1682  1683  55
e  1682  1725  732
e  1682  1739  678
e  1683  1724  678
e  1683  1714  796
e  1684  1694  572
e  1684  1696  841
e  1685  1859  591
e  1685  1772  439
e  1686  1784  45
e  1686  1876  572
e  1686  1700  516
e  1687  1747  217
e  1687  1827  565
e  1687  1776  350
e  1688  1776  219
e  1688  1762  618
e  1689  1722  217
e  1690  1737  38
e  1691  1692  639
e  1691  1702  707
e  1692  1698  707
e  1693  1713  95
e  1694  1697  96
e  1695  1731  828
e  1695  1785  812
e  1695  1749  568
e  1696  1717  96
e  1696  1727  229
e  1697  1728  805
e  1697  1716  841
e  1698  1702  639
e  1698  1711  407
e  1699  1744  745
e  1699  1866  295
e  1700  1922  572
e  1700  1782  582
e  1701  1864  38
e  1701  1708  60
e  1702  1712  969
e  1702  1733  846
e  1702  1732  407
e  1703  1736  759
e  1703  1726  707
e  1704  1707  576
e  1704  1719  565
e  1705  1811  881
e  1705  1731  511
e  1706  1723  486
e  1706  1750  729
e  1707  1762  397
e  1707  1730  565
e  1708  1795  38
e  1709  1817  361
e  1709  1865  988
e  1709  1738  334
e  1710  1752  537
e  1710  1768  363
e  1711  1732  639
e  1711  1721  552
e  1712  1726  846
e  1713  1734  111
e  1713  1736  808
e  1714  1718  678
e  1715  1771  474
e  1715  1779  307
e  1716  1717  572
e  1716  1743  805
e  1716  1757  229
e  1717  1742  229
e  1718  1724  796
e  1718  1770  808
e  1719  1730  576
e  1719  1745  843
e  1720  1763  572
e  1720  1748  585
e  1721  1735  639
e  1721  1754  846
e  1721  1753  864
e  1722  1783  181
e  1722  1746  249
e  1723  1737  3
e  1724  1739  55
e  1724  1805  808
e  1725  1779  793
e  1725  1793  678
e  1726  1759  759
e  1726  1733  969
e  1727  1742  96
e  1727  1771  293
e  1728  1789  913
e  1728  1743  841
e  1729  1935  295
e  1729  1911  459
e  1730  1775  397
e  1730  1761  843
e  1731  1833  533
e  1731  1819  812
e  1732  1740  846
e  1732  1735  552
e  1733  1766  759
e  1733  1755  552
e  1733  1740  407
e  1734  1756  808
e  1735  1741  846
e  1736  1756  111
e  1736  1759  707
e  1737  1767  613
e  1737  1812  41
e  1737  1863  513
e  1737  1835  729
e  1738  1879  988
e  1738  1837  91
e  1739  1793  732
e  1739  1808  808
e  1740  1741  552
e  1741  1755  407
e  1741  1773  759
e  1741  1786  864
e  1741  1754  639
e  1742  1757  572
e  1742  1788  293
e  1743  1802  913
e  1743  1780  229
e  1744  1807  295
e  1745  1761  576
e  1745  1760  980
e  1746  1747  734
e  1746  1803  181
e  1747  1829  181
e  1747  1892  565
e  1748  1790  572
e  1748  1784  632
e  1749  1763  812
e  1750  1836  3
e  1750  1834  513
e  1750  1798  775
e  1751  1837  449
e  1752  1926  759
e  1752  1839  363
e  1753  1765  846
e  1754  1765  864
e  1755  1769  759
e  1756  1764  95
e  1756  1777  776
e  1756  1778  707
e  1757  1780  805
e  1757  1801  293
e  1758  1977  527
e  1758  1956  411
e  1759  1778  111
e  1759  1787  552
e  1759  1766  969
e  1760  1774  576
e  1760  1807  960
e  1761  1816  397
e  1761  1774  980
e  1762  1794  219
e  1762  1775  565
e  1763  1785  568
e  1763  1790  585
e  1764  1770  776
e  1765  1786  639
e  1765  1799  759
e  1765  1840  149
e  1766  1769  552
e  1767  1795  41
e  1768  1839  537
e  1768  1838  543
e  1769  1787  969
e  1769  1800  111
e  1769  1773  407
e  1770  1805  796
e  1770  1814  707
e  1770  1777  95
e  1771  1788  96
e  1771  1846  307
e  1772  1907  591
e  1772  1955  760
e  1773  1804  111
e  1773  1791  864
e  1774  1826  219
e  1774  1818  960
e  1775  1797  219
e  1775  1816  843
e  1776  1794  618
e  1777  1792  707
e  1778  1792  776
e  1778  1796  552
e  1779  1846  474
e  1779  1822  678
e  1780  1847  913
e  1780  1815  293
e  1781  1857  416
e  1781  2199  219
e  1782  1783  858
e  1782  1927  572
e  1782  1830  249
e  1783  1803  249
e  1784  1810  572
e  1785  1819  828
e  1785  1831  585
e  1786  1791  759
e  1787  1796  111
e  1788  1801  572
e  1788  1849  307
e  1789  1955  487
e  1789  1802  841
e  1790  1831  568
e  1790  1877  828
e  1790  1810  632
e  1791  1821  111
e  1791  1841  776
e  1791  1799  639
e  1792  1814  95
e  1792  1806  552
e  1793  1822  793
e  1793  1854  808
e  1794  1797  565
e  1795  1864  60
e  1795  1945  513
e  1795  1812  613
e  1796  1806  776
e  1796  1800  969
e  1797  1828  350
e  1797  1823  843
e  1798  1820  513
e  1799  1856  776
e  1799  1868  149
e  1800  1809  776
e  1800  1804  407
e  1801  1815  805
e  1801  1885  307
e  1802  1964  487
e  1802  1954  293
e  1802  1847  229
e  1803  1830  858
e  1803  2010  572
e  1803  2004  565
e  1803  1829  734
e  1804  1813  776
e  1804  1821  864
e  1805  1808  55
e  1806  1843  95
e  1806  1842  407
e  1806  1809  969
e  1807  1818  576
e  1807  1866  745
e  1808  1854  732
e  1808  1883  793
e  1808  1844  707
e  1809  1813  407
e  1810  1893  828
e  1810  1968  582
e  1810  1876  45
e  1811  1820  533
e  1812  1874  513
e  1813  1842  969
e  1813  1881  55
e  1813  1824  864
e  1814  1845  55
e  1814  1843  552
e  1815  1858  913
e  1815  1896  307
e  1816  1823  219
e  1817  1838  988
e  1818  1860  219
e  1818  1916  745
e  1819  1914  533
e  1819  1851  585
e  1820  1834  775
e  1820  1832  511
e  1821  1824  776
e  1822  1875  474
e  1822  1861  808
e  1823  1917  350
e  1823  1937  217
e  1823  1825  980
e  1824  1884  55
e  1824  1869  639
e  1824  1841  111
e  1825  1826  397
e  1825  1962  217
e  1825  1871  960
e  1826  1860  960
e  1827  1828  618
e  1827  1892  217
e  1828  1897  217
e  1828  1917  843
e  1829  1913  565
e  1830  1939  572
e  1831  1851  828
e  1832  1833  881
e  1832  1862  775
e  1832  1878  3
e  1833  1914  812
e  1834  1852  3
e  1834  1862  511
e  1835  1836  486
e  1835  1855  513
e  1836  1852  513
e  1837  2026  988
e  1837  1946  38
e  1837  1901  405
e  1838  1909  537
e  1838  1902  334
e  1838  1865  361
e  1839  1947  759
e  1839  1909  543
e  1840  1868  759
e  1841  1856  639
e  1842  1870  95
e  1843  1850  55
e  1843  1870  407
e  1844  1845  796
e  1844  1890  793
e  1844  1853  552
e  1845  1850  552
e  1846  1849  96
e  1846  1875  678
e  1847  1858  293
e  1848  2052  402
e  1848  1958  65
e  1849  1885  572
e  1849  1891  678
e  1850  1853  796
e  1850  1873  407
e  1851  1941  533
e  1851  1898  632
e  1851  1877  568
e  1852  1855  486
e  1852  1867  511
e  1853  1906  793
e  1853  1882  407
e  1854  1861  793
e  1855  1863  729
e  1855  1872  511
e  1856  1869  111
e  1856  2027  543
e  1856  1975  149
e  1857  1911  275
e  1857  2135  219
e  1858  1954  229
e  1858  2070  487
e  1858  2118  591
e  1858  1953  307
e  1859  1956  346
e  1859  1907  439
e  1860  1871  397
e  1860  2047  159
e  1860  1936  745
e  1861  1908  474
e  1861  1895  707
e  1861  1883  732
e  1862  1867  3
e  1863  1874  41
e  1864  1900  392
e  1864  1993  449
e  1864  2013  513
e  1865  1879  334
e  1866  1916  576
e  1866  1933  159
e  1867  1872  486
e  1867  1878  775
e  1868  1975  776
e  1868  1948  855
e  1868  1903  846
e  1869  2050  55
e  1869  2100  793
e  1869  2060  543
e  1870  1873  55
e  1871  1973  217
e  1871  2022  181
e  1871  2078  159
e  1872  1887  41
e  1872  1899  775
e  1873  1882  796
e  1873  1880  969
e  1874  1945  613
e  1874  1886  511
e  1875  1891  96
e  1875  1908  808
e  1876  1940  582
e  1876  1922  516
e  1877  1893  632
e  1878  1899  486
e  1878  1918  41
e  1879  1902  361
e  1879  2129  759
e  1879  2049  38
e  1879  2026  91
e  1880  1881  95
e  1880  1889  796
e  1880  1888  864
e  1881  1884  864
e  1882  1920  793
e  1882  1905  864
e  1882  1889  969
e  1883  1890  707
e  1884  1888  95
e  1884  1904  796
e  1884  2030  793
e  1884  2050  639
e  1885  1896  805
e  1885  1929  678
e  1886  1887  729
e  1886  1969  613
e  1886  2012  812
e  1887  1992  812
e  1887  1912  775
e  1888  1894  796
e  1889  1894  864
e  1890  1895  732
e  1890  1906  552
e  1891  1929  572
e  1891  1952  805
e  1891  1915  808
e  1892  1913  181
e  1892  1897  618
e  1893  1898  568
e  1893  2085  533
e  1893  2095  41
e  1893  2121  582
e  1894  1905  969
e  1894  1928  793
e  1894  1904  95
e  1895  1923  474
e  1895  1910  552
e  1896  1953  913
e  1896  1930  678
e  1897  1919  181
e  1897  1924  843
e  1898  1990  533
e  1899  1912  41
e  1900  1925  449
e  1901  1925  38
e  1902  2014  537
e  1902  2086  759
e  1903  1926  855
e  1904  1970  793
e  1905  1921  793
e  1906  1910  732
e  1906  1920  407
e  1907  1981  346
e  1907  2007  760
e  1908  1915  96
e  1908  1923  707
e  1909  1965  759
e  1909  2014  334
e  1910  1931  474
e  1910  1949  864
e  1911  2020  295
e  1911  2093  219
e  1912  1961  812
e  1912  1918  486
e  1913  2004  734
e  1913  1919  618
e  1914  1944  41
e  1914  1941  585
e  1915  1959  805
e  1915  1932  707
e  1916  1936  219
e  1916  1980  159
e  1917  1924  217
e  1918  1942  812
e  1919  2048  734
e  1919  2064  572
e  1919  1938  843
e  1920  1921  864
e  1921  1950  732
e  1921  1928  969
e  1922  1927  582
e  1923  1932  96
e  1923  1931  552
e  1924  1938  181
e  1924  1937  350
e  1925  1946  405
e  1925  2056  513
e  1925  1993  392
e  1926  1948  846
e  1926  1947  363
e  1927  1940  516
e  1927  1939  249
e  1928  1971  732
e  1928  2006  474
e  1928  1970  95
e  1929  1930  805
e  1930  1998  913
e  1930  1960  808
e  1930  1952  572
e  1931  1951  96
e  1931  1966  864
e  1932  1994  805
e  1932  1951  552
e  1933  1934  371
e  1933  1980  576
e  1933  1986  219
e  1934  1935  226
e  1934  1999  219
e  1935  2009  219
e  1935  2020  459
e  1936  1982  159
e  1937  1967  181
e  1937  1962  980
e  1938  2075  572
e  1938  2023  960
e  1938  1987  980
e  1938  1967  350
e  1939  1989  45
e  1939  2084  565
e  1939  2010  858
e  1940  1968  45
e  1941  1978  41
e  1941  1990  632
e  1942  1943  881
e  1942  1961  486
e  1942  2011  585
e  1943  1944  3
e  1943  1991  585
e  1944  1978  585
e  1945  2013  60
e  1945  1969  511
e  1946  2034  988
e  1946  2080  513
e  1947  1963  846
e  1947  1965  543
e  1948  2000  776
e  1948  1963  363
e  1949  1950  407
e  1949  1966  474
e  1950  1972  474
e  1950  1971  969
e  1951  2001  805
e  1951  1976  864
e  1952  1959  808
e  1953  2176  591
e  1953  2069  808
e  1953  1998  678
e  1954  2037  487
e  1955  2007  591
e  1955  1964  841
e  1956  2132  527
e  1956  1981  439
e  1957  1977  402
e  1958  2032  402
e  1959  1960  572
e  1959  1994  707
e  1960  2016  913
e  1960  1997  707
e  1961  1992  775
e  1961  2017  585
e  1962  1974  181
e  1962  1973  960
e  1963  2005  776
e  1963  1984  543
e  1964  2018  591
e  1964  2037  293
e  1965  1984  846
e  1965  2042  334
e  1966  1976  96
e  1966  1972  407
e  1967  1974  980
e  1968  2121  828
e  1968  1988  249
e  1969  2025  60
e  1969  2096  449
e  1969  2079  812
e  1970  2038  474
e  1970  2030  796
e  1971  1985  474
e  1972  1979  96
e  1972  1985  969
e  1973  1983  181
e  1974  1987  350
e  1974  1983  960
e  1975  2000  855
e  1976  2033  805
e  1976  1979  407
e  1977  1995  970
e  1977  2072  409
e  1977  2132  411
e  1978  1991  3
e  1978  2019  632
e  1979  2043  805
e  1979  1996  969
e  1980  1982  219
e  1981  2145  527
e  1981  2062  760
e  1982  2047  745
e  1982  2114  397
e  1982  2094  459
e  1982  2002  371
e  1982  1986  576
e  1983  2003  350
e  1983  2141  572
e  1983  2151  159
e  1983  2022  217
e  1984  2015  776
e  1984  2076  334
e  1985  1996  96
e  1985  2006  732
e  1986  1999  371
e  1987  2003  960
e  1988  1989  516
e  1988  2127  828
e  1988  2167  565
e  1989  2106  565
e  1990  2019  41
e  1990  2085  568
e  1991  2011  881
e  1991  2024  486
e  1991  2035  632
e  1992  2012  729
e  1992  2055  585
e  1993  2036  513
e  1994  1997  572
e  1994  2001  552
e  1995  2032  409
e  1996  2061  805
e  1996  2102  95
e  1996  2031  732
e  1997  2040  913
e  1997  2008  552
e  1998  2016  808
e  1999  2002  576
e  1999  2009  226
e  2000  2005  363
e  2001  2008  572
e  2001  2033  864
e  2002  2063  459
e  2002  2021  226
e  2003  2023  980
e  2003  2104  572
e  2004  2041  572
e  2004  2048  618
e  2005  2015  543
e  2006  2031  96
e  2006  2038  95
e  2007  2062  346
e  2007  2018  841
e  2008  2046  913
e  2008  2044  864
e  2009  2021  576
e  2009  2039  459
e  2010  2041  565
e  2011  2017  486
e  2012  2079  613
e  2012  2066  585
e  2013  2036  449
e  2013  2025  511
e  2014  2042  759
e  2015  2029  149
e  2015  2082  334
e  2016  2069  678
e  2016  2236  591
e  2016  2040  707
e  2017  2055  775
e  2017  2065  632
e  2017  2024  881
e  2018  2071  346
e  2018  2057  293
e  2019  2035  3
e  2019  2089  568
e  2020  2039  219
e  2021  2053  459
e  2022  2125  159
e  2023  2091  572
e  2024  2058  632
e  2025  2045  449
e  2026  2034  38
e  2027  2028  363
e  2027  2060  111
e  2028  2029  855
e  2028  2081  111
e  2029  2099  111
e  2029  2137  334
e  2030  2101  474
e  2030  2068  639
e  2031  2051  95
e  2032  2052  65
e  2032  2178  411
e  2032  2072  970
e  2033  2044  572
e  2033  2043  407
e  2034  2049  91
e  2034  2092  513
e  2035  2058  486
e  2035  2161  568
e  2036  2056  392
e  2036  2045  511
e  2037  2057  591
e  2037  2070  229
e  2038  2051  96
e  2038  2101  796
e  2039  2053  576
e  2039  2158  275
e  2039  2093  295
e  2040  2248  591
e  2040  2046  552
e  2041  2084  858
e  2041  2126  45
e  2041  2059  618
e  2042  2076  846
e  2042  2098  776
e  2042  2086  537
e  2043  2054  572
e  2043  2061  969
e  2044  2074  913
e  2044  2054  407
e  2045  2067  392
e  2045  2123  988
e  2045  2107  812
e  2045  2096  60
e  2046  2249  591
e  2046  2074  864
e  2047  2078  397
e  2048  2059  572
e  2049  2154  759
e  2049  2174  513
e  2050  2068  793
e  2051  2102  732
e  2051  2166  805
e  2051  2188  543
e  2051  2117  639
e  2051  2110  796
e  2052  2073  264
e  2052  2190  411
e  2053  2063  226
e  2054  2088  913
e  2054  2077  969
e  2055  2066  729
e  2055  2116  632
e  2056  2080  405
e  2056  2067  511
e  2057  2103  346
e  2057  2087  229
e  2058  2065  881
e  2059  2136  45
e  2059  2083  843
e  2059  2064  734
e  2060  2124  793
e  2060  2081  363
e  2061  2077  572
e  2061  2139  95
e  2062  2171  527
e  2062  2071  841
e  2063  2094  371
e  2063  2149  397
e  2064  2075  843
e  2065  2116  775
e  2066  2128  613
e  2066  2143  449
e  2066  2122  632
e  2067  2090  405
e  2067  2109  988
e  2068  2108  474
e  2068  2130  543
e  2068  2100  55
e  2069  2195  591
e  2070  2087  591
e  2071  2177  527
e  2071  2103  293
e  2072  2146  411
e  2073  2112  521
e  2073  2196  411
e  2074  2088  407
e  2075  2083  734
e  2075  2091  960
e  2076  2082  776
e  2077  2111  913
e  2077  2185  95
e  2078  2125  181
e  2078  2120  459
e  2078  2114  745
e  2079  2105  449
e  2079  2128  585
e  2080  2092  988
e  2080  2090  511
e  2081  2163  793
e  2081  2099  855
e  2082  2137  149
e  2082  2230  38
e  2082  2098  846
e  2083  2147  45
e  2083  2115  960
e  2084  2106  45
e  2085  2089  41
e  2086  2168  776
e  2086  2184  38
e  2086  2129  361
e  2087  2131  346
e  2087  2216  307
e  2087  2118  487
e  2088  2111  969
e  2089  2161  3
e  2089  2211  582
e  2089  2095  533
e  2090  2097  988
e  2091  2115  734
e  2091  2104  980
e  2092  2174  91
e  2092  2097  511
e  2093  2135  275
e  2094  2119  397
e  2095  2169  582
e  2096  2105  812
e  2097  2183  91
e  2097  2222  759
e  2097  2153  812
e  2097  2109  405
e  2098  2213  38
e  2098  2168  537
e  2099  2209  793
e  2099  2157  334
e  2100  2124  543
e  2101  2110  96
e  2101  2108  639
e  2102  2139  805
e  2103  2192  527
e  2103  2131  229
e  2104  2152  734
e  2104  2141  350
e  2105  2107  60
e  2105  2134  585
e  2106  2167  516
e  2106  2142  618
e  2106  2126  858
e  2107  2133  988
e  2107  2148  585
e  2108  2113  96
e  2108  2138  543
e  2109  2144  812
e  2109  2123  392
e  2110  2113  639
e  2111  2215  95
e  2112  2217  411
e  2113  2117  796
e  2113  2140  543
e  2114  2119  459
e  2115  2159  45
e  2115  2152  980
e  2116  2122  729
e  2117  2165  543
e  2118  2176  307
e  2119  2120  745
e  2119  2187  181
e  2119  2149  371
e  2120  2150  181
e  2121  2169  41
e  2121  2127  249
e  2122  2170  449
e  2123  2133  812
e  2124  2130  55
e  2124  2155  474
e  2124  2163  363
e  2125  2151  217
e  2125  2150  459
e  2126  2136  618
e  2127  2173  41
e  2127  2221  565
e  2128  2134  449
e  2129  2154  38
e  2130  2138  474
e  2131  2237  307
e  2132  2146  409
e  2132  2145  439
e  2133  2144  392
e  2133  2162  585
e  2134  2148  60
e  2134  2182  988
e  2134  2193  632
e  2134  2143  613
e  2135  2158  295
e  2135  2199  416
e  2136  2142  858
e  2136  2147  843
e  2137  2157  111
e  2138  2140  96
e  2138  2155  55
e  2139  2185  572
e  2139  2227  543
e  2139  2166  732
e  2140  2165  796
e  2140  2194  363
e  2140  2164  55
e  2141  2240  159
e  2142  2160  843
e  2143  2170  632
e  2144  2153  405
e  2144  2208  585
e  2145  2156  409
e  2145  2171  760
e  2146  2178  970
e  2146  2156  439
e  2147  2160  858
e  2147  2159  960
e  2148  2162  988
e  2149  2206  181
e  2150  2172  217
e  2150  2187  745
e  2151  2240  572
e  2151  2172  459
e  2152  2207  45
e  2153  2256  759
e  2153  2220  585
e  2154  2184  361
e  2154  2202  776
e  2154  2201  513
e  2155  2164  96
e  2155  2175  363
e  2156  2189  970
e  2156  2180  760
e  2157  2235  793
e  2159  2181  858
e  2159  2207  980
e  2160  2181  960
e  2162  2208  392
e  2162  2212  632
e  2162  2182  60
e  2163  2175  474
e  2163  2209  855
e  2164  2179  363
e  2165  2188  639
e  2165  2214  805
e  2166  2203  543
e  2167  2221  828
e  2168  2191  38
e  2169  2211  533
e  2169  2173  249
e  2170  2193  613
e  2170  2200  988
e  2171  2180  409
e  2171  2177  841
e  2172  2252  572
e  2173  2219  533
e  2173  2243  565
e  2174  2201  759
e  2174  2183  511
e  2175  2179  96
e  2175  2224  855
e  2176  2216  487
e  2176  2195  808
e  2177  2186  409
e  2177  2192  293
e  2178  2190  65
e  2178  2189  439
e  2179  2194  55
e  2179  2226  855
e  2180  2225  970
e  2180  2186  841
e  2182  2197  632
e  2183  2205  759
e  2184  2191  776
e  2185  2215  913
e  2185  2245  543
e  2186  2228  970
e  2186  2198  293
e  2187  2206  371
e  2188  2203  805
e  2189  2204  65
e  2189  2225  760
e  2190  2196  264
e  2190  2204  439
e  2191  2213  537
e  2191  2202  361
e  2192  2198  409
e  2193  2197  988
e  2195  2231  487
e  2195  2236  678
e  2196  2217  521
e  2196  2210  439
e  2197  2212  60
e  2197  2200  613
e  2198  2238  970
e  2199  2218  379
e  2201  2253  776
e  2201  2205  511
e  2202  2253  513
e  2203  2227  732
e  2203  2214  639
e  2204  2210  264
e  2204  2229  760
e  2205  2254  776
e  2205  2222  91
e  2208  2220  405
e  2209  2224  474
e  2209  2235  334
e  2210  2223  521
e  2210  2233  760
e  2211  2219  249
e  2213  2230  846
e  2215  2255  543
e  2216  2237  346
e  2216  2231  808
e  2217  2223  439
e  2221  2243  41
e  2222  2256  812
e  2223  2239  760
e  2224  2226  96
e  2224  2244  334
e  2225  2229  65
e  2225  2228  841
e  2226  2247  334
e  2227  2245  572
e  2228  2232  65
e  2228  2238  293
e  2229  2233  264
e  2229  2232  841
e  2231  2250  346
e  2232  2234  264
e  2232  2242  293
e  2233  2239  521
e  2233  2234  841
e  2234  2241  521
e  2234  2246  293
e  2235  2244  474
e  2236  2248  707
e  2237  2250  808
e  2238  2242  65
e  2239  2241  841
e  2240  2252  459
e  2241  2251  293
e  2242  2246  264
e  2244  2247  96
e  2245  2255  913
e  2246  2251  521
e  2248  2249  552
e  2253  2254  511
