p   edge 2116  4068
e  0  1348  378
e  0  1191  253
e  0  346  702
e  0  67  353
e  1  2  375
e  1  464  803
e  1  1143  265
e  1  1981  700
e  2  3  745
e  2  324  25
e  2  379  803
e  3  4  378
e  3  86  25
e  4  5  838
e  5  6  275
e  5  73  25
e  6  7  25
e  7  8  71
e  7  110  103
e  7  73  275
e  8  9  924
e  8  76  103
e  9  10  103
e  10  11  38
e  10  79  330
e  10  89  803
e  10  76  924
e  11  12  617
e  11  78  330
e  12  13  330
e  13  14  920
e  13  68  803
e  13  78  617
e  14  15  803
e  15  16  297
e  15  117  634
e  15  68  920
e  16  17  634
e  17  18  65
e  17  134  392
e  17  117  297
e  18  19  228
e  18  126  392
e  19  20  437
e  20  21  713
e  20  111  392
e  21  22  392
e  22  23  706
e  22  133  228
e  22  111  713
e  23  24  253
e  23  72  48
e  23  155  228
e  24  25  48
e  25  26  152
e  25  72  253
e  26  27  571
e  26  112  253
e  27  28  987
e  27  105  243
e  27  119  253
e  28  29  917
e  28  101  243
e  29  30  585
e  29  81  243
e  30  31  243
e  31  32  92
e  31  102  406
e  31  81  585
e  32  33  406
e  33  34  29
e  33  82  120
e  33  102  92
e  34  35  913
e  34  70  120
e  35  36  120
e  36  37  118
e  36  95  623
e  36  70  913
e  37  38  56
e  37  90  623
e  38  39  623
e  39  40  411
e  39  138  913
e  39  90  56
e  40  41  615
e  40  157  17
e  40  148  913
e  41  42  220
e  41  96  17
e  42  43  984
e  42  69  17
e  43  44  17
e  44  45  427
e  44  69  984
e  45  46  369
e  45  87  984
e  46  47  634
e  46  91  85
e  46  97  984
e  47  48  85
e  48  49  925
e  48  91  634
e  49  50  538
e  49  77  68
e  49  116  634
e  50  51  65
e  50  75  68
e  51  52  68
e  52  53  949
e  52  75  65
e  53  54  28
e  54  55  465
e  54  92  65
e  55  56  961
e  55  88  501
e  55  108  65
e  56  57  501
e  57  58  947
e  57  94  265
e  57  88  961
e  58  59  935
e  58  71  265
e  59  60  265
e  60  61  744
e  60  71  935
e  61  62  631
e  61  80  935
e  62  63  564
e  62  150  523
e  62  113  935
e  63  64  702
e  63  74  523
e  64  65  523
e  65  66  700
e  65  74  702
e  66  67  320
e  66  99  702
e  67  114  702
e  68  153  392
e  68  83  617
e  69  87  427
e  69  96  220
e  70  107  623
e  70  82  29
e  71  80  744
e  71  94  947
e  72  112  152
e  72  189  243
e  72  173  228
e  73  124  103
e  73  85  378
e  74  99  700
e  74  150  564
e  75  93  28
e  75  77  538
e  76  100  803
e  76  110  71
e  77  98  28
e  77  120  634
e  78  83  803
e  78  79  38
e  79  84  803
e  80  113  631
e  80  115  947
e  81  175  406
e  81  166  253
e  81  106  987
e  81  101  917
e  82  141  623
e  82  122  92
e  83  184  392
e  83  84  38
e  84  186  392
e  84  104  924
e  84  89  330
e  85  86  838
e  85  135  103
e  85  144  803
e  86  182  803
e  86  324  745
e  87  97  369
e  87  177  85
e  87  149  220
e  88  121  65
e  89  100  924
e  90  128  913
e  90  95  118
e  91  116  925
e  91  123  984
e  92  93  949
e  92  108  465
e  92  103  538
e  93  98  538
e  94  115  744
e  94  196  65
e  95  107  913
e  96  149  427
e  96  168  913
e  96  157  615
e  97  123  85
e  98  103  949
e  98  118  465
e  98  146  634
e  99  114  320
e  99  214  564
e  100  104  330
e  100  136  275
e  100  130  71
e  101  105  987
e  102  122  120
e  102  181  253
e  102  175  585
e  103  109  465
e  104  210  392
e  104  228  378
e  104  163  275
e  105  106  917
e  105  127  253
e  106  137  253
e  107  128  118
e  107  170  411
e  107  176  17
e  107  205  92
e  107  141  29
e  108  121  501
e  108  109  538
e  109  129  501
e  109  118  949
e  110  130  803
e  110  124  275
e  111  125  228
e  112  119  571
e  112  131  243
e  113  198  523
e  113  160  947
e  114  346  353
e  114  1019  984
e  114  345  947
e  114  302  564
e  115  160  631
e  115  294  523
e  115  344  984
e  115  268  65
e  116  120  68
e  116  140  984
e  117  143  392
e  118  159  501
e  118  171  634
e  119  127  243
e  120  146  28
e  120  142  984
e  121  197  265
e  121  129  538
e  122  167  623
e  122  185  253
e  123  140  925
e  123  158  68
e  123  206  220
e  123  177  369
e  124  132  803
e  124  135  378
e  125  126  437
e  125  133  713
e  125  145  65
e  126  134  65
e  127  137  917
e  127  264  120
e  127  266  228
e  127  131  571
e  128  138  56
e  128  156  411
e  129  199  265
e  129  207  984
e  129  159  949
e  130  132  275
e  131  220  228
e  131  189  152
e  132  136  71
e  132  139  378
e  133  155  706
e  133  147  65
e  134  145  437
e  134  154  713
e  134  143  297
e  135  139  803
e  136  163  330
e  136  151  378
e  137  166  987
e  137  190  406
e  137  211  120
e  138  148  411
e  139  151  71
e  139  209  330
e  139  217  838
e  139  144  103
e  140  142  68
e  141  167  92
e  142  161  28
e  142  244  220
e  142  158  925
e  143  164  713
e  143  152  920
e  144  182  838
e  145  147  713
e  146  171  465
e  146  161  984
e  147  180  706
e  147  165  297
e  147  154  437
e  148  162  17
e  148  156  56
e  149  193  85
e  149  224  913
e  150  214  700
e  150  237  947
e  150  198  935
e  151  172  330
e  152  153  634
e  152  183  713
e  153  202  713
e  153  184  617
e  154  164  297
e  155  173  48
e  155  180  65
e  156  169  17
e  156  170  118
e  157  162  913
e  158  225  220
e  159  194  984
e  160  208  523
e  161  179  465
e  161  252  220
e  162  168  615
e  162  169  56
e  163  172  378
e  164  165  437
e  164  183  920
e  165  188  706
e  165  187  920
e  166  178  406
e  167  205  29
e  167  258  17
e  167  221  253
e  168  224  427
e  168  192  56
e  169  192  615
e  169  174  118
e  170  174  17
e  171  179  984
e  172  228  275
e  172  263  392
e  172  209  71
e  173  215  243
e  173  201  65
e  174  212  615
e  174  298  85
e  174  291  92
e  174  176  411
e  175  178  253
e  176  235  92
e  177  193  220
e  178  181  585
e  178  191  120
e  178  190  987
e  179  195  501
e  179  301  220
e  180  201  48
e  180  188  297
e  181  185  120
e  182  217  103
e  182  706  392
e  182  757  243
e  182  364  745
e  183  187  437
e  183  202  634
e  184  218  713
e  184  186  38
e  185  221  623
e  185  234  987
e  185  191  585
e  186  222  713
e  186  210  924
e  187  203  706
e  188  204  48
e  188  203  920
e  189  215  228
e  190  200  120
e  191  200  987
e  192  260  85
e  192  212  118
e  193  206  369
e  193  251  68
e  193  236  913
e  194  195  634
e  194  207  949
e  195  219  949
e  195  261  265
e  195  305  220
e  196  197  961
e  196  268  744
e  196  213  538
e  197  199  538
e  198  208  947
e  199  213  961
e  199  223  984
e  200  234  585
e  200  254  623
e  200  287  228
e  200  211  406
e  201  226  243
e  201  204  297
e  202  218  617
e  203  216  48
e  203  229  617
e  204  227  243
e  204  216  920
e  205  235  17
e  206  225  68
e  207  223  265
e  207  219  634
e  208  237  935
e  208  247  700
e  208  450  984
e  208  294  631
e  209  380  392
e  209  325  838
e  210  253  713
e  210  262  378
e  211  276  228
e  211  264  917
e  212  270  85
e  213  283  744
e  213  267  984
e  214  302  320
e  214  243  947
e  215  220  152
e  215  233  297
e  215  226  65
e  216  232  243
e  216  239  617
e  217  325  330
e  217  513  392
e  218  231  706
e  218  222  38
e  219  238  265
e  220  266  571
e  220  275  120
e  220  240  297
e  221  277  17
e  221  250  987
e  222  241  706
e  222  253  924
e  223  267  961
e  223  343  744
e  223  238  634
e  224  236  85
e  225  244  925
e  225  279  28
e  225  282  913
e  225  251  369
e  226  227  297
e  227  233  65
e  227  242  152
e  227  232  920
e  228  262  392
e  229  230  634
e  229  239  48
e  230  231  437
e  230  246  48
e  230  245  38
e  231  241  38
e  232  248  152
e  232  257  617
e  233  240  152
e  234  250  623
e  235  291  411
e  235  286  253
e  235  258  29
e  236  271  68
e  236  259  56
e  237  243  700
e  238  378  744
e  238  441  913
e  238  261  949
e  239  257  243
e  239  256  38
e  239  246  634
e  240  288  120
e  240  274  920
e  240  242  65
e  241  245  437
e  241  255  48
e  241  273  924
e  242  248  920
e  243  316  320
e  243  247  935
e  244  252  28
e  245  249  48
e  246  249  38
e  247  374  320
e  247  460  984
e  248  274  65
e  248  295  120
e  248  284  617
e  249  256  634
e  249  269  243
e  249  255  437
e  250  355  17
e  250  254  585
e  251  271  913
e  252  301  465
e  252  297  913
e  252  279  925
e  253  273  706
e  253  306  243
e  254  373  17
e  254  317  228
e  255  281  243
e  255  280  924
e  256  265  243
e  257  284  152
e  257  265  38
e  258  277  253
e  259  260  427
e  259  308  68
e  259  278  118
e  260  270  118
e  261  435  913
e  261  342  220
e  262  327  243
e  262  263  275
e  263  348  243
e  263  380  71
e  264  272  228
e  265  296  152
e  265  269  634
e  266  272  120
e  267  293  744
e  268  310  984
e  268  283  538
e  269  314  152
e  269  289  924
e  269  281  437
e  270  278  427
e  270  298  615
e  271  282  369
e  271  309  28
e  271  308  56
e  272  276  917
e  272  300  297
e  272  275  571
e  273  280  48
e  273  299  243
e  274  290  120
e  275  288  297
e  276  287  406
e  276  304  297
e  277  286  29
e  277  390  85
e  277  355  987
e  278  320  68
e  278  336  92
e  279  292  913
e  280  285  243
e  281  285  924
e  282  292  28
e  283  293  984
e  284  318  120
e  284  296  38
e  285  289  437
e  285  371  152
e  285  353  378
e  285  328  706
e  285  299  48
e  286  335  85
e  287  317  623
e  287  311  297
e  288  300  571
e  288  290  920
e  289  321  152
e  290  303  571
e  290  295  65
e  291  313  85
e  292  297  925
e  292  309  369
e  293  310  538
e  293  474  523
e  293  436  634
e  293  343  961
e  294  412  984
e  295  315  571
e  295  331  406
e  295  318  617
e  296  323  120
e  296  329  924
e  296  314  634
e  297  341  501
e  297  366  56
e  297  339  369
e  298  313  92
e  299  306  706
e  300  304  917
e  300  303  920
e  301  305  501
e  302  316  947
e  303  307  917
e  303  315  65
e  304  311  406
e  304  307  920
e  305  342  265
e  305  340  913
e  306  328  48
e  306  326  378
e  307  312  406
e  307  319  65
e  308  338  28
e  308  320  118
e  309  339  925
e  309  338  56
e  310  344  65
e  310  456  523
e  311  312  920
e  312  333  623
e  312  322  65
e  313  337  427
e  313  334  253
e  314  321  924
e  315  319  917
e  316  345  564
e  316  703  984
e  316  374  935
e  317  386  17
e  317  332  920
e  318  350  406
e  318  323  38
e  319  322  406
e  320  356  28
e  320  363  92
e  321  329  634
e  321  351  120
e  321  371  437
e  322  349  623
e  322  357  617
e  322  330  571
e  323  362  406
e  323  347  924
e  324  364  803
e  325  422  392
e  326  327  713
e  326  352  48
e  326  358  275
e  327  348  275
e  328  352  378
e  329  347  120
e  330  331  917
e  330  354  617
e  331  350  617
e  332  333  297
e  332  398  17
e  333  403  17
e  333  349  65
e  334  335  411
e  334  361  427
e  335  430  68
e  335  390  29
e  336  337  615
e  336  363  68
e  336  369  253
e  337  361  253
e  338  359  925
e  338  356  118
e  339  359  56
e  340  341  465
e  340  360  265
e  340  401  56
e  341  397  56
e  342  360  913
e  343  378  634
e  344  412  523
e  345  734  984
e  346  1176  253
e  346  1039  984
e  347  383  406
e  347  351  634
e  348  358  713
e  348  423  48
e  348  459  120
e  348  472  71
e  349  415  17
e  349  365  617
e  350  354  917
e  350  362  38
e  351  399  406
e  351  394  378
e  351  385  437
e  352  353  706
e  352  367  275
e  353  387  152
e  353  393  120
e  353  370  275
e  354  357  571
e  354  368  38
e  355  438  85
e  355  404  228
e  355  373  585
e  356  377  925
e  356  384  92
e  357  365  623
e  357  372  38
e  358  367  48
e  359  366  369
e  359  377  118
e  360  435  220
e  360  448  949
e  360  469  253
e  360  405  56
e  361  369  615
e  361  382  68
e  362  368  917
e  362  388  623
e  362  383  924
e  363  384  28
e  363  375  253
e  364  818  120
e  364  816  375
e  364  379  25
e  365  419  17
e  365  376  38
e  366  397  501
e  366  396  118
e  367  370  706
e  367  442  120
e  367  423  713
e  368  372  571
e  368  381  623
e  369  375  68
e  370  402  120
e  371  385  120
e  371  387  378
e  372  376  623
e  373  386  228
e  374  561  984
e  375  391  28
e  375  382  615
e  376  437  17
e  376  400  924
e  376  381  571
e  377  396  369
e  377  410  253
e  377  407  92
e  378  436  961
e  378  475  913
e  379  464  375
e  380  472  243
e  380  422  838
e  381  395  924
e  381  388  917
e  382  416  28
e  382  429  411
e  383  392  623
e  383  399  634
e  384  407  925
e  384  391  253
e  385  389  378
e  386  404  585
e  386  398  920
e  387  389  120
e  388  392  924
e  389  394  437
e  389  406  275
e  389  393  152
e  390  461  68
e  390  447  228
e  390  438  987
e  391  408  925
e  391  416  615
e  392  395  917
e  392  409  634
e  393  402  275
e  394  426  623
e  394  424  275
e  395  400  571
e  395  427  634
e  396  413  501
e  396  418  253
e  397  401  465
e  397  411  265
e  397  413  118
e  398  428  585
e  398  403  297
e  399  409  623
e  400  452  17
e  400  477  378
e  400  446  634
e  401  405  265
e  402  406  152
e  402  526  623
e  402  442  706
e  403  443  585
e  403  463  85
e  403  466  617
e  403  415  65
e  404  440  85
e  404  428  920
e  405  444  253
e  405  417  118
e  405  411  465
e  406  424  437
e  406  458  623
e  407  408  253
e  408  410  92
e  408  433  265
e  409  427  917
e  409  425  378
e  410  418  369
e  411  414  118
e  412  450  631
e  412  493  700
e  412  456  65
e  413  414  265
e  413  420  253
e  414  417  465
e  414  421  253
e  415  419  617
e  416  480  265
e  416  504  228
e  416  468  411
e  417  434  253
e  418  420  501
e  419  466  65
e  419  471  85
e  419  437  38
e  420  421  265
e  421  434  465
e  421  431  92
e  422  501  243
e  422  513  330
e  423  453  120
e  424  445  623
e  425  426  406
e  425  454  917
e  425  451  275
e  426  445  275
e  427  446  571
e  427  454  378
e  428  449  85
e  428  443  297
e  429  430  427
e  429  468  28
e  429  478  29
e  430  461  29
e  431  432  369
e  431  439  465
e  432  433  501
e  432  455  465
e  432  505  615
e  433  479  615
e  434  444  118
e  434  439  92
e  435  441  949
e  436  594  523
e  436  593  913
e  437  482  85
e  437  452  924
e  438  440  228
e  439  492  118
e  439  611  744
e  439  587  920
e  439  455  369
e  440  447  987
e  440  449  920
e  441  475  744
e  441  448  220
e  442  542  623
e  442  453  713
e  443  457  85
e  444  469  56
e  444  492  92
e  445  451  406
e  445  458  437
e  446  462  378
e  447  473  68
e  447  467  920
e  448  498  744
e  448  516  253
e  449  467  987
e  449  457  297
e  450  460  700
e  451  476  917
e  451  539  17
e  451  465  437
e  452  496  85
e  452  481  378
e  453  548  623
e  453  459  48
e  454  462  571
e  454  476  275
e  455  557  228
e  455  537  615
e  456  546  700
e  456  474  538
e  457  489  68
e  457  485  617
e  457  463  585
e  458  465  406
e  458  572  713
e  458  526  152
e  459  571  623
e  459  532  71
e  460  561  320
e  460  596  65
e  460  493  631
e  461  478  427
e  461  473  228
e  462  477  634
e  462  484  17
e  462  495  275
e  463  470  617
e  464  816  25
e  464  931  120
e  464  1126  265
e  465  558  17
e  465  635  713
e  466  470  85
e  467  483  68
e  468  490  228
e  469  516  949
e  470  485  585
e  470  471  65
e  471  487  585
e  471  482  38
e  472  532  120
e  472  501  838
e  473  486  427
e  473  483  920
e  474  595  700
e  474  594  634
e  475  593  961
e  475  592  253
e  475  498  220
e  476  495  571
e  476  507  17
e  477  481  17
e  478  486  228
e  479  480  925
e  479  505  501
e  479  523  228
e  480  512  228
e  481  521  85
e  481  484  634
e  482  508  585
e  482  524  68
e  482  496  924
e  483  494  427
e  483  488  297
e  484  543  85
e  484  500  275
e  485  506  68
e  485  487  65
e  486  491  28
e  486  494  920
e  487  511  68
e  487  508  38
e  488  489  987
e  488  503  28
e  489  509  28
e  489  506  617
e  490  491  29
e  490  504  411
e  490  499  920
e  491  497  920
e  492  591  744
e  493  546  65
e  494  497  28
e  495  500  17
e  496  534  68
e  496  521  378
e  497  499  29
e  497  502  297
e  498  531  253
e  499  510  411
e  499  520  265
e  499  518  297
e  500  553  85
e  500  507  571
e  501  564  120
e  501  619  330
e  502  503  427
e  502  518  29
e  502  533  265
e  502  540  617
e  502  514  987
e  503  509  987
e  504  512  265
e  504  510  920
e  505  537  465
e  505  530  228
e  506  519  28
e  506  511  65
e  507  612  85
e  507  574  437
e  507  539  917
e  508  517  68
e  509  514  427
e  509  519  617
e  510  515  265
e  511  527  28
e  511  517  38
e  512  523  925
e  512  515  920
e  513  619  243
e  513  706  103
e  514  522  617
e  515  529  925
e  515  528  297
e  515  520  411
e  516  531  744
e  517  535  28
e  517  549  924
e  517  524  585
e  518  525  265
e  519  522  427
e  519  527  65
e  520  525  297
e  521  569  68
e  521  575  275
e  521  543  634
e  522  540  987
e  522  545  265
e  522  538  65
e  523  530  501
e  523  529  920
e  524  534  924
e  525  528  411
e  525  556  617
e  525  533  29
e  526  542  706
e  527  538  427
e  527  535  38
e  528  547  925
e  528  563  617
e  529  536  501
e  529  547  297
e  530  550  465
e  530  536  920
e  531  592  220
e  531  693  523
e  531  589  92
e  532  606  623
e  532  564  838
e  533  541  617
e  534  549  585
e  534  559  28
e  534  569  378
e  535  544  427
e  535  554  924
e  536  552  465
e  536  551  297
e  537  550  228
e  538  555  265
e  538  544  38
e  539  558  437
e  540  541  265
e  541  556  29
e  541  545  987
e  542  548  713
e  543  553  275
e  544  560  265
e  544  565  924
e  545  555  65
e  546  596  631
e  546  595  538
e  547  551  501
e  547  566  617
e  548  573  152
e  548  630  71
e  548  571  48
e  549  554  28
e  550  557  615
e  550  552  920
e  551  567  465
e  551  568  617
e  552  562  615
e  552  567  297
e  553  575  634
e  553  604  68
e  553  660  437
e  553  612  571
e  554  565  427
e  554  559  585
e  555  560  38
e  556  563  411
e  557  562  920
e  558  574  917
e  558  641  85
e  558  708  71
e  558  659  713
e  559  578  265
e  559  576  378
e  560  584  501
e  560  570  924
e  561  703  935
e  561  792  253
e  561  741  65
e  562  588  369
e  562  586  297
e  563  566  925
e  564  623  623
e  564  657  330
e  565  570  265
e  566  568  501
e  567  586  615
e  567  585  617
e  568  585  465
e  568  579  38
e  569  576  28
e  569  598  275
e  570  599  501
e  570  614  378
e  570  577  585
e  571  606  71
e  572  573  706
e  572  635  406
e  573  640  406
e  573  655  71
e  574  624  85
e  575  598  68
e  576  597  265
e  576  613  275
e  577  578  427
e  577  601  378
e  578  597  378
e  579  580  65
e  579  600  465
e  580  581  987
e  580  603  465
e  581  582  29
e  581  609  465
e  581  610  924
e  582  583  411
e  582  607  924
e  583  584  925
e  583  602  924
e  584  599  924
e  585  608  615
e  585  600  38
e  586  605  369
e  586  608  617
e  587  588  228
e  587  650  744
e  588  651  744
e  588  605  297
e  589  590  56
e  589  712  523
e  589  732  920
e  590  591  949
e  590  697  920
e  590  625  118
e  591  611  118
e  592  626  961
e  593  627  523
e  593  626  253
e  594  676  700
e  594  627  913
e  595  644  631
e  595  694  253
e  595  676  634
e  596  741  320
e  596  753  253
e  596  644  538
e  597  601  427
e  597  618  275
e  598  613  28
e  598  604  634
e  599  602  925
e  599  622  378
e  600  632  615
e  600  603  65
e  601  614  585
e  601  633  501
e  601  634  275
e  602  607  411
e  602  631  465
e  602  629  378
e  603  637  615
e  603  620  924
e  603  609  987
e  604  616  28
e  604  661  265
e  604  678  437
e  605  664  744
e  605  621  617
e  606  630  48
e  606  623  838
e  607  610  29
e  607  617  465
e  608  621  369
e  608  632  38
e  609  615  924
e  610  615  465
e  611  625  949
e  611  650  920
e  612  624  437
e  613  618  265
e  613  616  634
e  614  622  501
e  615  620  987
e  615  646  378
e  615  617  29
e  616  628  265
e  617  638  378
e  617  631  411
e  618  634  427
e  618  628  634
e  619  657  120
e  619  722  103
e  620  647  615
e  620  668  378
e  621  670  744
e  621  639  38
e  622  629  925
e  622  633  585
e  623  654  48
e  623  714  17
e  623  736  330
e  624  660  571
e  624  685  68
e  624  641  917
e  625  665  920
e  626  643  523
e  627  680  700
e  627  643  253
e  628  645  427
e  628  728  501
e  628  701  437
e  628  661  28
e  629  636  465
e  629  642  585
e  630  655  152
e  630  654  838
e  631  636  378
e  632  639  369
e  632  637  65
e  633  642  925
e  633  649  275
e  634  649  501
e  634  645  634
e  635  659  17
e  635  640  706
e  636  638  411
e  636  667  275
e  636  656  585
e  637  648  369
e  637  647  924
e  638  646  29
e  638  679  275
e  639  690  744
e  639  689  924
e  639  648  65
e  640  666  17
e  640  658  71
e  641  727  265
e  641  715  71
e  642  656  465
e  642  653  275
e  643  681  700
e  643  692  220
e  644  720  253
e  645  662  501
e  646  668  987
e  646  688  369
e  646  705  275
e  647  652  369
e  647  673  378
e  648  652  924
e  649  653  925
e  649  662  634
e  650  665  949
e  650  651  228
e  651  669  949
e  651  664  297
e  652  689  65
e  652  704  744
e  652  675  378
e  653  663  465
e  653  672  634
e  654  674  152
e  654  682  406
e  654  707  17
e  655  658  406
e  655  674  838
e  656  663  275
e  657  736  623
e  657  745  103
e  658  671  17
e  658  677  838
e  659  684  71
e  659  666  706
e  660  678  68
e  661  696  437
e  662  672  925
e  662  763  437
e  662  728  427
e  663  667  585
e  663  709  411
e  663  686  634
e  664  691  949
e  664  670  617
e  665  697  118
e  665  669  228
e  666  671  71
e  667  679  411
e  668  673  615
e  669  717  118
e  669  691  297
e  670  698  949
e  670  690  38
e  671  684  706
e  671  683  838
e  672  686  465
e  672  796  437
e  673  675  369
e  674  677  406
e  675  713  744
e  675  687  987
e  676  680  913
e  677  683  17
e  677  682  152
e  678  696  265
e  678  685  571
e  679  705  29
e  679  747  634
e  679  709  585
e  680  681  253
e  681  695  634
e  681  791  631
e  681  802  920
e  681  780  92
e  681  764  220
e  682  699  17
e  683  711  706
e  683  724  85
e  683  699  152
e  684  708  713
e  684  718  85
e  684  711  838
e  685  700  265
e  686  729  411
e  686  875  744
e  686  798  437
e  687  688  615
e  687  740  744
e  687  730  275
e  688  719  275
e  689  702  744
e  690  716  949
e  690  702  924
e  691  739  118
e  691  698  617
e  692  693  961
e  692  764  700
e  692  733  92
e  693  712  92
e  694  695  913
e  694  720  631
e  695  738  631
e  696  701  28
e  696  700  571
e  697  732  56
e  697  743  523
e  697  717  228
e  698  748  118
e  698  771  523
e  698  716  38
e  699  758  85
e  699  723  48
e  699  707  406
e  700  710  28
e  700  726  917
e  701  754  501
e  701  710  571
e  702  731  949
e  702  704  65
e  703  734  564
e  703  942  253
e  704  735  949
e  704  713  378
e  705  719  369
e  705  767  634
e  706  722  243
e  707  714  48
e  708  715  85
e  709  729  634
e  710  787  501
e  710  824  838
e  710  746  917
e  711  721  85
e  712  733  961
e  712  737  920
e  713  742  949
e  713  750  275
e  713  740  987
e  714  723  406
e  714  797  85
e  714  820  330
e  715  755  265
e  715  725  838
e  715  718  713
e  716  777  523
e  716  731  924
e  717  749  523
e  717  739  297
e  718  721  838
e  719  730  615
e  719  775  744
e  719  770  634
e  720  753  538
e  720  803  320
e  720  738  913
e  721  725  713
e  721  772  265
e  721  724  706
e  722  745  120
e  722  757  392
e  723  762  85
e  724  784  265
e  724  758  152
e  725  759  265
e  726  727  68
e  726  746  28
e  726  761  71
e  727  755  71
e  728  754  437
e  729  747  585
e  729  799  369
e  729  828  744
e  730  744  744
e  731  788  523
e  731  776  378
e  731  735  65
e  732  737  523
e  733  769  700
e  733  752  920
e  734  1019  947
e  734  1078  353
e  734  945  253
e  735  742  378
e  736  820  17
e  736  819  103
e  737  752  961
e  737  751  228
e  737  743  56
e  738  814  320
e  738  857  920
e  738  791  634
e  739  756  523
e  739  748  617
e  740  744  275
e  741  766  253
e  742  776  65
e  742  806  523
e  742  794  275
e  743  749  228
e  744  750  987
e  744  830  949
e  744  805  634
e  744  775  615
e  745  819  623
e  745  854  745
e  745  786  392
e  746  773  71
e  747  767  29
e  747  774  369
e  748  760  523
e  749  751  56
e  749  756  297
e  750  794  949
e  751  768  961
e  751  778  297
e  752  779  700
e  752  768  228
e  753  766  320
e  754  763  427
e  754  787  571
e  755  761  68
e  755  759  838
e  756  778  56
e  756  760  617
e  757  786  120
e  758  762  48
e  759  765  68
e  759  772  713
e  760  783  56
e  760  800  961
e  760  782  38
e  760  771  118
e  761  773  28
e  761  765  838
e  762  822  265
e  762  797  406
e  763  796  925
e  763  827  465
e  763  826  571
e  764  769  92
e  765  781  28
e  765  795  713
e  766  792  65
e  766  837  913
e  766  803  538
e  767  770  369
e  768  801  700
e  768  785  297
e  769  780  220
e  769  779  920
e  770  793  744
e  770  774  29
e  771  777  38
e  772  795  68
e  772  784  706
e  773  781  838
e  774  807  744
e  774  799  585
e  775  793  634
e  776  804  523
e  777  782  118
e  777  788  924
e  778  785  961
e  778  783  617
e  779  790  220
e  779  801  228
e  780  790  920
e  781  825  917
e  781  846  501
e  781  812  713
e  782  815  961
e  782  808  924
e  783  789  961
e  784  811  68
e  784  821  48
e  785  809  700
e  785  789  617
e  786  817  745
e  787  826  427
e  787  839  838
e  788  808  118
e  788  804  378
e  789  810  700
e  789  800  56
e  790  802  92
e  790  860  631
e  790  836  228
e  791  841  920
e  792  942  935
e  792  974  920
e  792  894  913
e  793  805  615
e  793  829  585
e  793  807  29
e  794  844  523
e  794  830  987
e  795  812  28
e  795  811  706
e  796  798  465
e  797  862  265
e  797  852  330
e  798  914  744
e  798  902  838
e  798  850  571
e  798  827  925
e  799  813  744
e  800  815  38
e  801  836  220
e  801  835  617
e  801  809  297
e  802  841  631
e  803  814  913
e  804  831  118
e  804  806  65
e  805  870  949
e  805  876  585
e  806  851  118
e  806  855  961
e  806  864  700
e  806  844  275
e  807  813  585
e  808  832  961
e  808  831  378
e  809  810  617
e  810  835  297
e  810  849  220
e  810  833  38
e  811  823  28
e  811  863  48
e  812  886  501
e  812  823  706
e  813  829  29
e  813  935  615
e  813  996  949
e  813  1018  523
e  813  968  437
e  813  828  369
e  814  837  538
e  814  877  920
e  815  834  700
e  815  832  924
e  816  925  120
e  817  818  243
e  817  854  392
e  817  916  623
e  817  951  375
e  818  925  375
e  819  907  17
e  819  885  745
e  820  852  85
e  820  907  103
e  821  822  152
e  821  863  68
e  822  867  68
e  822  901  330
e  822  862  406
e  823  908  501
e  823  879  48
e  824  825  71
e  824  839  501
e  825  842  501
e  826  847  465
e  826  866  838
e  827  847  571
e  828  958  437
e  828  875  411
e  829  876  615
e  830  889  523
e  830  870  634
e  831  840  961
e  831  851  65
e  832  838  700
e  832  840  378
e  833  834  56
e  833  880  220
e  833  848  924
e  834  838  924
e  835  845  220
e  836  861  631
e  836  845  617
e  837  894  65
e  837  913  920
e  838  848  56
e  838  843  378
e  839  866  427
e  839  842  71
e  840  843  700
e  840  853  65
e  841  857  634
e  841  865  228
e  841  860  92
e  842  869  427
e  842  888  465
e  842  846  917
e  843  859  56
e  843  856  65
e  844  884  700
e  844  889  987
e  845  868  631
e  845  849  297
e  846  910  465
e  846  886  713
e  847  850  925
e  847  871  838
e  848  891  220
e  848  859  378
e  849  872  631
e  849  880  38
e  850  874  838
e  851  853  961
e  852  881  265
e  852  921  103
e  853  856  700
e  853  855  118
e  854  885  623
e  855  858  700
e  856  903  56
e  856  915  275
e  856  858  118
e  857  877  320
e  857  893  228
e  858  890  275
e  858  864  961
e  859  897  220
e  859  904  631
e  859  903  65
e  860  861  228
e  861  865  92
e  861  868  617
e  862  881  330
e  863  879  28
e  863  867  152
e  864  884  275
e  865  893  634
e  865  882  617
e  866  871  465
e  866  869  71
e  867  883  28
e  867  922  330
e  868  882  92
e  868  872  297
e  869  873  465
e  870  911  523
e  870  936  585
e  871  874  925
e  871  873  71
e  872  892  92
e  872  912  320
e  872  887  38
e  873  878  925
e  873  917  917
e  873  888  427
e  874  902  571
e  874  878  71
e  875  914  437
e  876  936  949
e  876  935  29
e  877  913  538
e  877  940  617
e  877  896  228
e  878  918  571
e  878  983  744
e  878  1028  713
e  878  923  917
e  879  966  501
e  879  883  152
e  880  887  631
e  880  891  924
e  881  901  406
e  881  932  68
e  881  930  103
e  882  898  634
e  882  905  320
e  882  892  297
e  883  978  501
e  883  928  330
e  884  890  961
e  884  973  634
e  884  959  987
e  885  943  17
e  885  982  265
e  885  916  392
e  886  933  465
e  886  908  706
e  887  920  320
e  887  895  924
e  888  910  917
e  889  959  700
e  889  911  634
e  890  915  118
e  890  999  631
e  890  998  634
e  891  895  631
e  891  897  378
e  892  906  320
e  893  896  320
e  893  898  617
e  894  941  920
e  895  924  320
e  895  899  378
e  896  900  617
e  897  899  631
e  898  900  320
e  899  926  320
e  899  954  65
e  899  904  220
e  900  940  228
e  900  946  538
e  900  909  297
e  900  905  634
e  901  922  68
e  902  949  744
e  902  918  71
e  903  929  631
e  903  948  275
e  904  929  65
e  905  906  297
e  906  909  634
e  906  912  92
e  907  921  85
e  907  943  745
e  908  967  465
e  908  966  48
e  909  962  538
e  909  939  38
e  909  919  92
e  910  917  427
e  910  934  925
e  910  933  713
e  911  964  700
e  911  970  585
e  912  919  634
e  912  920  38
e  913  941  65
e  913  944  617
e  914  958  411
e  914  995  369
e  914  949  838
e  915  948  56
e  915  953  631
e  916  1004  265
e  916  981  375
e  917  923  925
e  918  963  744
e  919  927  38
e  920  927  634
e  920  924  924
e  921  930  265
e  921  956  745
e  922  928  28
e  922  932  406
e  923  952  713
e  923  934  427
e  924  926  378
e  925  951  243
e  925  931  25
e  926  938  634
e  926  965  65
e  927  939  92
e  927  937  378
e  928  992  501
e  928  1022  103
e  928  957  406
e  929  954  220
e  929  969  320
e  929  950  275
e  930  987  68
e  930  961  745
e  931  971  243
e  931  1051  623
e  931  1069  265
e  932  957  28
e  932  987  103
e  933  947  925
e  933  967  706
e  934  947  713
e  935  984  949
e  936  970  523
e  936  984  29
e  937  938  924
e  937  955  92
e  938  960  92
e  938  1012  538
e  938  1001  65
e  939  976  538
e  939  955  378
e  940  944  538
e  941  974  913
e  941  977  617
e  942  945  564
e  942  1033  920
e  943  956  85
e  943  972  265
e  944  977  65
e  944  946  228
e  945  1111  353
e  945  1034  920
e  946  986  65
e  946  962  297
e  947  952  427
e  947  979  706
e  948  950  631
e  949  1005  369
e  949  963  71
e  950  975  320
e  950  953  56
e  951  981  623
e  951  971  25
e  952  1028  917
e  952  1037  744
e  952  989  706
e  953  1000  320
e  953  999  118
e  954  965  320
e  955  980  538
e  955  960  924
e  956  961  265
e  957  991  103
e  958  968  369
e  959  964  634
e  960  988  538
e  961  1010  68
e  961  1042  375
e  961  1021  392
e  961  994  17
e  961  972  85
e  962  990  65
e  962  1002  378
e  962  976  38
e  963  1020  369
e  963  983  571
e  964  973  987
e  964  1009  961
e  964  1030  585
e  965  1001  634
e  965  985  275
e  965  969  220
e  966  1023  465
e  966  1017  330
e  966  978  152
e  967  979  925
e  967  1023  48
e  968  1029  523
e  968  1007  838
e  968  995  411
e  969  975  275
e  970  1030  700
e  970  997  29
e  971  993  623
e  972  982  17
e  973  998  961
e  974  1033  935
e  974  1032  617
e  975  985  220
e  975  1000  56
e  976  980  378
e  977  1032  913
e  977  986  228
e  978  992  330
e  979  989  427
e  979  1047  48
e  980  1002  38
e  980  1006  65
e  980  988  924
e  981  1015  265
e  981  993  25
e  982  994  85
e  982  1004  392
e  983  1119  369
e  983  1123  523
e  983  1036  713
e  984  997  523
e  984  996  615
e  985  1011  634
e  986  1057  913
e  986  1056  378
e  986  990  297
e  987  991  28
e  987  1010  745
e  988  1013  65
e  988  1012  92
e  989  1059  744
e  989  1071  330
e  990  1003  378
e  991  1022  406
e  991  1014  745
e  992  1017  152
e  992  1046  465
e  992  1044  103
e  993  1026  265
e  993  1051  243
e  994  1016  392
e  995  1005  838
e  996  1008  523
e  997  1074  700
e  997  1063  437
e  997  1008  615
e  998  1050  631
e  998  1009  987
e  999  1031  320
e  999  1050  634
e  1000  1124  634
e  1000  1031  118
e  1001  1043  538
e  1001  1011  275
e  1002  1003  65
e  1003  1056  297
e  1003  1065  913
e  1003  1006  38
e  1004  1016  85
e  1004  1015  375
e  1005  1007  411
e  1005  1020  71
e  1006  1087  913
e  1006  1013  924
e  1007  1041  523
e  1007  1024  71
e  1008  1038  437
e  1008  1018  949
e  1009  1082  631
e  1009  1129  585
e  1010  1014  28
e  1010  1084  375
e  1011  1045  538
e  1011  1164  634
e  1012  1064  65
e  1012  1055  275
e  1012  1043  65
e  1013  1095  935
e  1013  1086  275
e  1013  1064  92
e  1014  1052  406
e  1014  1070  501
e  1014  1089  375
e  1015  1025  85
e  1015  1026  25
e  1016  1021  17
e  1016  1025  375
e  1017  1035  465
e  1018  1029  437
e  1019  1039  353
e  1020  1024  411
e  1020  1098  523
e  1020  1119  571
e  1021  1027  375
e  1022  1044  501
e  1022  1052  745
e  1023  1047  925
e  1023  1035  330
e  1024  1054  523
e  1025  1027  17
e  1025  1040  25
e  1026  1040  85
e  1026  1067  243
e  1027  1042  392
e  1027  1048  25
e  1028  1036  744
e  1029  1038  949
e  1029  1041  838
e  1030  1129  961
e  1030  1104  838
e  1030  1074  29
e  1031  1066  634
e  1032  1058  935
e  1032  1057  228
e  1033  1034  564
e  1033  1058  617
e  1034  1141  353
e  1034  1062  617
e  1035  1053  925
e  1035  1046  152
e  1036  1136  523
e  1036  1037  917
e  1037  1059  706
e  1038  1063  615
e  1038  1049  838
e  1039  1116  253
e  1039  1078  947
e  1040  1048  17
e  1040  1122  243
e  1041  1049  949
e  1041  1054  71
e  1042  1084  68
e  1042  1101  25
e  1043  1045  275
e  1044  1102  465
e  1044  1061  745
e  1045  1055  65
e  1045  1083  65
e  1045  1192  634
e  1046  1085  925
e  1046  1102  103
e  1047  1053  330
e  1048  1101  392
e  1048  1108  68
e  1048  1146  28
e  1048  1145  243
e  1049  1073  615
e  1049  1103  700
e  1049  1068  71
e  1050  1066  320
e  1050  1082  987
e  1051  1067  265
e  1052  1061  501
e  1053  1072  427
e  1053  1085  152
e  1054  1068  949
e  1054  1098  411
e  1055  1075  65
e  1056  1060  913
e  1057  1060  378
e  1058  1062  564
e  1058  1076  378
e  1059  1154  523
e  1059  1115  330
e  1060  1077  935
e  1060  1065  297
e  1061  1114  465
e  1061  1070  406
e  1062  1079  378
e  1063  1090  700
e  1063  1073  838
e  1064  1075  275
e  1065  1080  935
e  1065  1087  38
e  1066  1124  118
e  1066  1253  634
e  1066  1100  987
e  1067  1122  85
e  1067  1069  623
e  1068  1106  700
e  1069  1144  85
e  1069  1201  803
e  1069  1126  120
e  1070  1127  375
e  1071  1072  48
e  1071  1115  744
e  1072  1118  744
e  1072  1117  152
e  1073  1092  700
e  1074  1093  838
e  1074  1090  437
e  1075  1086  92
e  1075  1083  65
e  1076  1077  228
e  1076  1079  564
e  1077  1081  564
e  1077  1080  297
e  1078  1111  253
e  1079  1174  353
e  1079  1170  924
e  1079  1081  228
e  1080  1088  564
e  1080  1091  38
e  1081  1088  297
e  1082  1100  320
e  1083  1105  92
e  1083  1168  564
e  1083  1224  634
e  1084  1089  28
e  1084  1107  25
e  1085  1117  427
e  1085  1120  103
e  1086  1130  935
e  1086  1105  65
e  1087  1091  935
e  1088  1096  38
e  1089  1127  501
e  1089  1110  25
e  1090  1092  838
e  1091  1096  564
e  1091  1094  924
e  1092  1093  437
e  1092  1113  29
e  1092  1109  71
e  1092  1103  615
e  1093  1104  29
e  1094  1095  913
e  1094  1097  564
e  1095  1099  564
e  1095  1130  275
e  1096  1097  924
e  1097  1172  228
e  1097  1183  353
e  1097  1169  275
e  1097  1099  913
e  1098  1121  571
e  1099  1131  275
e  1100  1261  634
e  1100  1161  838
e  1101  1107  68
e  1102  1120  925
e  1102  1114  745
e  1103  1106  71
e  1104  1139  961
e  1104  1113  437
e  1105  1135  935
e  1106  1109  615
e  1106  1272  320
e  1106  1156  571
e  1107  1110  28
e  1107  1108  392
e  1108  1112  28
e  1109  1128  29
e  1109  1215  961
e  1109  1235  320
e  1110  1138  501
e  1110  1112  392
e  1111  1116  947
e  1111  1141  920
e  1112  1147  501
e  1112  1202  243
e  1112  1146  68
e  1113  1128  71
e  1114  1125  925
e  1114  1148  375
e  1115  1180  523
e  1115  1118  48
e  1116  1176  984
e  1116  1204  702
e  1116  1175  920
e  1117  1133  744
e  1117  1132  103
e  1118  1206  523
e  1118  1151  745
e  1118  1133  152
e  1119  1121  523
e  1120  1132  427
e  1120  1125  745
e  1121  1158  700
e  1121  1155  713
e  1121  1123  369
e  1122  1145  17
e  1122  1242  803
e  1122  1144  623
e  1123  1136  713
e  1124  1166  634
e  1125  1134  427
e  1125  1150  744
e  1125  1188  375
e  1126  1143  803
e  1127  1149  465
e  1127  1138  25
e  1128  1160  961
e  1129  1139  838
e  1130  1131  564
e  1130  1135  65
e  1131  1169  913
e  1131  1137  65
e  1132  1140  744
e  1132  1134  745
e  1133  1140  103
e  1134  1142  744
e  1135  1137  564
e  1136  1155  369
e  1136  1153  706
e  1137  1217  913
e  1137  1255  353
e  1137  1167  92
e  1138  1187  465
e  1138  1147  392
e  1139  1163  320
e  1139  1159  71
e  1140  1142  745
e  1141  1175  947
e  1141  1173  378
e  1142  1152  152
e  1142  1239  523
e  1142  1208  375
e  1142  1150  427
e  1143  1201  120
e  1143  1233  85
e  1143  1674  28
e  1143  1732  744
e  1143  1768  523
e  1143  1860  700
e  1144  1220  803
e  1145  1196  28
e  1145  1263  803
e  1146  1196  243
e  1147  1228  465
e  1147  1364  803
e  1147  1279  243
e  1148  1149  406
e  1148  1188  925
e  1148  1195  25
e  1149  1187  25
e  1150  1194  375
e  1151  1152  103
e  1151  1209  523
e  1152  1218  523
e  1153  1154  917
e  1153  1197  369
e  1153  1203  700
e  1154  1212  700
e  1154  1180  330
e  1155  1186  700
e  1155  1197  706
e  1156  1157  411
e  1156  1285  320
e  1156  1214  713
e  1157  1158  949
e  1157  1193  713
e  1158  1186  713
e  1159  1160  437
e  1159  1177  320
e  1160  1185  320
e  1160  1215  29
e  1161  1162  585
e  1161  1286  634
e  1161  1216  71
e  1162  1163  631
e  1162  1182  71
e  1163  1177  71
e  1164  1165  56
e  1164  1192  538
e  1165  1166  220
e  1165  1236  538
e  1166  1275  538
e  1166  1274  987
e  1166  1253  118
e  1167  1168  935
e  1167  1296  353
e  1167  1254  634
e  1168  1249  634
e  1169  1210  353
e  1169  1217  65
e  1170  1171  38
e  1170  1178  353
e  1171  1172  297
e  1171  1179  353
e  1172  1181  353
e  1173  1174  617
e  1173  1184  947
e  1174  1189  947
e  1174  1178  924
e  1175  1225  702
e  1175  1184  378
e  1176  1191  702
e  1177  1182  631
e  1177  1185  437
e  1178  1198  947
e  1178  1179  38
e  1179  1200  947
e  1179  1181  297
e  1180  1219  700
e  1180  1213  745
e  1180  1206  48
e  1181  1207  947
e  1181  1183  228
e  1182  1216  585
e  1182  1190  437
e  1183  1211  947
e  1183  1210  275
e  1184  1231  702
e  1184  1189  617
e  1185  1190  631
e  1185  1227  29
e  1186  1193  949
e  1186  1199  706
e  1187  1195  406
e  1187  1222  925
e  1187  1251  744
e  1187  1228  392
e  1188  1194  744
e  1188  1205  25
e  1189  1238  702
e  1189  1198  924
e  1190  1273  585
e  1190  1434  634
e  1190  1451  564
e  1190  1437  745
e  1190  1237  29
e  1191  1295  378
e  1191  1232  920
e  1191  1204  984
e  1192  1224  65
e  1192  1236  56
e  1193  1214  411
e  1193  1271  330
e  1193  1230  706
e  1194  1208  427
e  1194  1221  25
e  1195  1205  925
e  1196  1202  68
e  1196  1264  803
e  1197  1199  700
e  1198  1256  702
e  1198  1200  38
e  1199  1230  949
e  1199  1229  330
e  1199  1223  917
e  1199  1203  369
e  1200  1257  702
e  1200  1207  297
e  1201  1220  85
e  1202  1279  501
e  1202  1268  803
e  1203  1212  917
e  1204  1225  920
e  1205  1221  744
e  1205  1222  406
e  1206  1209  745
e  1207  1262  702
e  1207  1211  228
e  1208  1259  523
e  1208  1243  25
e  1209  1213  48
e  1209  1218  103
e  1210  1246  947
e  1210  1241  65
e  1211  1266  702
e  1211  1246  275
e  1212  1223  369
e  1212  1219  330
e  1213  1245  700
e  1213  1244  103
e  1214  1291  320
e  1214  1276  330
e  1215  1227  320
e  1216  1327  634
e  1216  1273  437
e  1217  1241  353
e  1218  1244  48
e  1218  1252  700
e  1218  1239  152
e  1219  1226  369
e  1219  1245  745
e  1220  1242  623
e  1220  1302  28
e  1220  1233  120
e  1221  1243  427
e  1221  1234  406
e  1222  1234  744
e  1223  1226  330
e  1224  1249  564
e  1224  1307  56
e  1225  1232  984
e  1225  1231  378
e  1226  1229  917
e  1226  1248  949
e  1226  1260  745
e  1227  1237  631
e  1227  1235  961
e  1228  1265  744
e  1228  1376  803
e  1229  1240  949
e  1230  1240  330
e  1231  1247  984
e  1231  1238  617
e  1232  1247  378
e  1233  1343  28
e  1234  1322  427
e  1234  1269  392
e  1234  1251  925
e  1235  1292  631
e  1235  1272  615
e  1236  1307  65
e  1236  1315  838
e  1236  1306  987
e  1236  1275  220
e  1237  1425  745
e  1237  1325  713
e  1237  1304  615
e  1237  1292  961
e  1238  1258  984
e  1238  1256  924
e  1239  1283  700
e  1239  1259  375
e  1240  1271  706
e  1240  1278  411
e  1240  1290  745
e  1240  1248  917
e  1241  1287  947
e  1241  1255  913
e  1242  1263  17
e  1242  1267  28
e  1243  1280  523
e  1243  1322  406
e  1244  1250  700
e  1245  1260  369
e  1245  1250  103
e  1246  1281  702
e  1246  1287  65
e  1247  1295  920
e  1247  1395  253
e  1247  1258  617
e  1248  1270  745
e  1249  1254  935
e  1249  1334  838
e  1249  1329  56
e  1250  1277  369
e  1250  1252  48
e  1251  1265  392
e  1252  1299  369
e  1252  1323  949
e  1252  1298  375
e  1252  1283  152
e  1253  1261  987
e  1254  1347  353
e  1254  1335  838
e  1255  1359  947
e  1255  1296  92
e  1256  1282  984
e  1256  1257  38
e  1257  1294  984
e  1257  1262  297
e  1258  1448  253
e  1258  1282  924
e  1259  1289  700
e  1259  1280  25
e  1260  1270  949
e  1260  1277  103
e  1261  1274  118
e  1261  1286  838
e  1262  1308  984
e  1262  1266  228
e  1263  1264  28
e  1264  1268  68
e  1264  1267  17
e  1265  1269  925
e  1265  1382  803
e  1266  1317  984
e  1266  1281  275
e  1267  1288  68
e  1267  1302  623
e  1268  1313  501
e  1268  1380  623
e  1268  1288  17
e  1269  1336  427
e  1269  1368  523
e  1269  1419  803
e  1270  1290  917
e  1270  1284  103
e  1271  1276  411
e  1272  1300  631
e  1272  1285  571
e  1273  1389  634
e  1274  1293  538
e  1274  1297  838
e  1275  1293  987
e  1276  1312  320
e  1276  1278  706
e  1277  1284  949
e  1277  1299  48
e  1278  1320  320
e  1278  1309  745
e  1279  1313  803
e  1280  1318  700
e  1280  1354  392
e  1281  1333  984
e  1281  1332  65
e  1282  1477  253
e  1282  1294  38
e  1283  1289  375
e  1284  1344  917
e  1284  1352  320
e  1284  1303  48
e  1285  1310  631
e  1285  1291  713
e  1286  1297  118
e  1286  1305  538
e  1286  1327  71
e  1287  1332  702
e  1287  1359  913
e  1288  1321  623
e  1289  1298  152
e  1289  1371  949
e  1289  1318  25
e  1290  1309  411
e  1290  1344  103
e  1291  1314  631
e  1291  1312  330
e  1292  1300  615
e  1293  1306  220
e  1293  1301  838
e  1294  1501  253
e  1294  1428  275
e  1294  1308  297
e  1295  1348  253
e  1296  1400  947
e  1296  1347  634
e  1297  1301  538
e  1298  1337  949
e  1299  1303  949
e  1300  1304  961
e  1300  1310  571
e  1301  1311  220
e  1301  1362  71
e  1301  1305  118
e  1302  1321  68
e  1302  1343  120
e  1303  1378  320
e  1303  1340  375
e  1303  1323  369
e  1304  1316  571
e  1305  1342  71
e  1306  1311  838
e  1307  1329  564
e  1307  1328  838
e  1308  1394  275
e  1308  1317  228
e  1309  1324  320
e  1310  1316  961
e  1310  1314  713
e  1311  1315  987
e  1311  1338  65
e  1311  1357  564
e  1311  1366  71
e  1312  1331  631
e  1312  1345  745
e  1312  1320  706
e  1313  1364  243
e  1313  1381  465
e  1313  1422  744
e  1313  1466  120
e  1313  1421  623
e  1314  1319  961
e  1314  1331  330
e  1315  1328  65
e  1316  1319  713
e  1317  1333  275
e  1318  1377  949
e  1318  1469  320
e  1318  1396  392
e  1319  1326  615
e  1319  1341  330
e  1320  1324  745
e  1321  1380  17
e  1321  1363  120
e  1322  1336  392
e  1323  1337  375
e  1324  1345  706
e  1324  1353  631
e  1324  1349  103
e  1325  1326  571
e  1325  1388  330
e  1326  1361  330
e  1327  1342  538
e  1327  1389  437
e  1328  1330  564
e  1328  1338  987
e  1329  1330  838
e  1330  1334  56
e  1330  1339  935
e  1330  1346  987
e  1331  1341  961
e  1331  1351  745
e  1332  1432  984
e  1332  1476  634
e  1332  1410  913
e  1333  1394  228
e  1333  1695  253
e  1333  1825  838
e  1333  1432  65
e  1334  1335  935
e  1335  1403  353
e  1335  1408  71
e  1335  1393  987
e  1335  1339  56
e  1336  1355  523
e  1337  1340  369
e  1337  1371  152
e  1338  1346  564
e  1339  1358  987
e  1340  1379  320
e  1340  1383  25
e  1341  1361  615
e  1341  1360  745
e  1342  1362  118
e  1342  1373  564
e  1342  1398  437
e  1343  1363  68
e  1343  1676  744
e  1343  1674  85
e  1344  1350  320
e  1345  1351  631
e  1346  1358  935
e  1346  1370  71
e  1346  1357  65
e  1347  1416  947
e  1347  1403  838
e  1348  2105  745
e  1348  1696  275
e  1348  1395  920
e  1349  1350  411
e  1349  1372  631
e  1349  1356  917
e  1350  1352  917
e  1351  1360  961
e  1351  1353  706
e  1352  1356  411
e  1352  1401  631
e  1352  1385  375
e  1352  1378  48
e  1353  1365  961
e  1353  1372  103
e  1354  1355  406
e  1354  1396  700
e  1355  1405  700
e  1355  1368  427
e  1356  1386  631
e  1357  1367  71
e  1358  1393  56
e  1358  1374  71
e  1359  1410  702
e  1359  1400  92
e  1360  1375  615
e  1360  1365  706
e  1361  1388  571
e  1361  1375  745
e  1362  1366  220
e  1362  1369  564
e  1363  1420  17
e  1363  1440  501
e  1364  1376  465
e  1365  1407  615
e  1365  1387  103
e  1366  1367  564
e  1367  1370  65
e  1367  1369  220
e  1368  1441  700
e  1368  1439  803
e  1369  1373  118
e  1370  1374  935
e  1371  1377  25
e  1372  1387  961
e  1372  1386  917
e  1373  1392  935
e  1373  1411  437
e  1374  1399  56
e  1374  1456  353
e  1374  1459  437
e  1374  1390  118
e  1375  1402  571
e  1375  1443  103
e  1375  1407  706
e  1376  1382  744
e  1376  1381  243
e  1377  1384  369
e  1377  1442  320
e  1378  1379  375
e  1379  1385  48
e  1379  1412  631
e  1379  1409  25
e  1380  1421  501
e  1380  1420  120
e  1381  1397  744
e  1382  1419  925
e  1382  1397  243
e  1383  1384  152
e  1383  1409  320
e  1384  1414  320
e  1385  1404  631
e  1386  1413  961
e  1386  1406  375
e  1386  1401  411
e  1387  1418  615
e  1387  1424  375
e  1387  1413  917
e  1388  1402  745
e  1389  1398  538
e  1389  1434  585
e  1390  1391  220
e  1390  1447  437
e  1391  1392  65
e  1391  1427  437
e  1392  1415  437
e  1393  1399  71
e  1394  1428  297
e  1394  1621  253
e  1395  1448  617
e  1396  1478  320
e  1396  1405  406
e  1397  1460  925
e  1397  1467  523
e  1397  1532  120
e  1397  1422  465
e  1398  1411  564
e  1399  1408  987
e  1399  1438  353
e  1400  1430  702
e  1400  1416  634
e  1401  1404  375
e  1402  1426  713
e  1402  1450  29
e  1402  1471  103
e  1403  1461  947
e  1403  1429  71
e  1404  1406  411
e  1404  1412  48
e  1405  1506  320
e  1405  1468  803
e  1405  1441  427
e  1406  1417  961
e  1406  1423  48
e  1407  1418  103
e  1408  1429  353
e  1409  1431  631
e  1409  1414  152
e  1410  1452  634
e  1410  1430  92
e  1411  1415  935
e  1411  1445  585
e  1412  1423  411
e  1412  1449  961
e  1412  1431  25
e  1413  1417  375
e  1414  1457  631
e  1414  1442  369
e  1415  1427  65
e  1415  1455  585
e  1416  1435  702
e  1416  1461  838
e  1417  1424  917
e  1417  1470  25
e  1417  1436  48
e  1418  1443  706
e  1418  1458  375
e  1419  1439  523
e  1419  1460  243
e  1420  1433  501
e  1421  1433  120
e  1422  1496  120
e  1423  1436  961
e  1424  1458  615
e  1424  1485  25
e  1425  1426  330
e  1425  1437  29
e  1426  1444  29
e  1427  1447  220
e  1427  1482  353
e  1427  1474  585
e  1428  1517  253
e  1429  1484  947
e  1429  1515  702
e  1429  1438  987
e  1430  1435  634
e  1431  1453  961
e  1431  1457  152
e  1432  1629  838
e  1432  1573  634
e  1433  1466  623
e  1433  1498  744
e  1433  1440  17
e  1434  1446  564
e  1435  1452  92
e  1435  1465  838
e  1436  1454  25
e  1436  1449  411
e  1437  1480  564
e  1437  1444  330
e  1438  1526  702
e  1438  1490  437
e  1438  1456  56
e  1439  1462  700
e  1439  1463  243
e  1440  1531  744
e  1441  1462  803
e  1442  1479  392
e  1442  1469  949
e  1443  1471  571
e  1443  1489  375
e  1444  1491  564
e  1444  1450  713
e  1445  1446  538
e  1445  1455  935
e  1446  1451  634
e  1447  1459  118
e  1447  1475  353
e  1448  1477  924
e  1449  1453  25
e  1450  1502  564
e  1450  1483  103
e  1451  1473  935
e  1451  1480  745
e  1452  1476  913
e  1452  1516  838
e  1453  1454  411
e  1453  1481  152
e  1454  1470  48
e  1454  1511  615
e  1454  1635  564
e  1454  1522  152
e  1455  1474  65
e  1455  1494  745
e  1455  1472  634
e  1456  1464  437
e  1457  1481  961
e  1457  1509  392
e  1458  1489  706
e  1458  1523  29
e  1458  1538  564
e  1458  1492  25
e  1459  1464  353
e  1460  1463  523
e  1461  1465  702
e  1461  1484  71
e  1462  1468  427
e  1462  1486  243
e  1463  1486  700
e  1463  1467  925
e  1464  1490  56
e  1464  1577  702
e  1464  1570  745
e  1464  1475  118
e  1465  1516  92
e  1465  1555  913
e  1465  1488  71
e  1466  1496  744
e  1467  1533  700
e  1467  1560  120
e  1468  1521  320
e  1468  1566  243
e  1469  1478  392
e  1470  1485  917
e  1470  1499  615
e  1471  1483  29
e  1471  1500  375
e  1472  1473  538
e  1472  1493  745
e  1473  1487  745
e  1474  1495  353
e  1474  1505  745
e  1475  1553  745
e  1475  1525  585
e  1475  1482  220
e  1476  1573  984
e  1476  1519  838
e  1477  1556  275
e  1477  1501  38
e  1478  1479  949
e  1478  1506  406
e  1479  1510  631
e  1479  1545  803
e  1480  1487  935
e  1480  1491  330
e  1481  1522  411
e  1481  1568  392
e  1482  1495  585
e  1483  1508  564
e  1483  1503  375
e  1484  1488  702
e  1485  1492  615
e  1486  1566  427
e  1486  1611  320
e  1486  1650  120
e  1486  1533  925
e  1487  1493  538
e  1487  1497  330
e  1488  1595  913
e  1488  1693  745
e  1488  1620  437
e  1488  1530  987
e  1488  1515  947
e  1489  1500  571
e  1489  1512  29
e  1490  1543  702
e  1491  1497  935
e  1491  1502  713
e  1492  1558  564
e  1492  1547  48
e  1492  1499  917
e  1493  1494  634
e  1493  1504  330
e  1494  1505  65
e  1494  1507  330
e  1495  1525  220
e  1495  1514  745
e  1496  1532  465
e  1496  1498  623
e  1497  1504  538
e  1497  1513  713
e  1498  1544  465
e  1498  1586  523
e  1498  1531  17
e  1499  1511  48
e  1500  1503  29
e  1501  1517  275
e  1502  1513  935
e  1502  1508  103
e  1503  1518  564
e  1503  1512  571
e  1504  1507  634
e  1504  1529  713
e  1505  1514  353
e  1505  1524  330
e  1506  1521  803
e  1507  1524  65
e  1507  1535  353
e  1507  1539  713
e  1508  1520  935
e  1508  1518  375
e  1509  1510  369
e  1509  1568  961
e  1509  1589  803
e  1510  1567  803
e  1511  1547  917
e  1511  1598  564
e  1512  1534  564
e  1512  1523  706
e  1513  1529  538
e  1513  1520  103
e  1514  1541  220
e  1514  1528  330
e  1515  1526  987
e  1516  1519  913
e  1517  1556  38
e  1517  1875  920
e  1517  1914  838
e  1517  1621  297
e  1518  1527  935
e  1518  1534  571
e  1519  1584  984
e  1519  1602  71
e  1519  1555  92
e  1520  1537  538
e  1520  1527  375
e  1521  1546  949
e  1521  1627  631
e  1521  1588  243
e  1522  1639  564
e  1522  1657  392
e  1523  1536  564
e  1524  1528  353
e  1525  1541  745
e  1526  1530  947
e  1526  1543  437
e  1527  1542  538
e  1527  1548  706
e  1528  1576  220
e  1528  1593  375
e  1528  1559  103
e  1528  1535  65
e  1529  1539  634
e  1529  1537  103
e  1530  1554  437
e  1531  1610  523
e  1531  1675  68
e  1532  1560  523
e  1532  1544  623
e  1533  1587  120
e  1534  1536  706
e  1535  1551  103
e  1536  1549  935
e  1536  1538  29
e  1537  1540  634
e  1537  1542  375
e  1538  1562  935
e  1538  1558  25
e  1539  1540  103
e  1540  1552  353
e  1540  1550  375
e  1541  1553  585
e  1541  1609  702
e  1541  1576  330
e  1542  1550  634
e  1542  1564  353
e  1542  1575  706
e  1543  1554  947
e  1543  1594  745
e  1543  1577  56
e  1544  1571  523
e  1545  1546  406
e  1545  1567  631
e  1546  1574  631
e  1547  1590  564
e  1548  1549  571
e  1548  1575  538
e  1548  1579  353
e  1549  1580  353
e  1549  1572  25
e  1549  1562  29
e  1550  1557  353
e  1551  1552  713
e  1551  1559  65
e  1552  1561  65
e  1552  1557  375
e  1553  1570  118
e  1553  1606  702
e  1554  1620  987
e  1554  1596  745
e  1555  1595  71
e  1556  1698  920
e  1557  1563  65
e  1557  1592  706
e  1557  1564  634
e  1558  1565  935
e  1558  1590  48
e  1559  1569  375
e  1559  1561  713
e  1560  1587  700
e  1560  1571  623
e  1561  1563  375
e  1562  1565  25
e  1563  1569  713
e  1563  1631  220
e  1563  1641  702
e  1563  1604  25
e  1564  1578  706
e  1565  1572  29
e  1565  1599  353
e  1565  1607  48
e  1566  1588  320
e  1567  1589  369
e  1567  1574  406
e  1568  1657  411
e  1568  1614  803
e  1569  1593  103
e  1569  1613  220
e  1570  1583  702
e  1571  1603  700
e  1571  1626  17
e  1571  1586  465
e  1572  1582  353
e  1573  1584  838
e  1574  1644  369
e  1574  1679  961
e  1574  1664  243
e  1574  1627  949
e  1575  1578  353
e  1576  1612  702
e  1576  1608  375
e  1577  1583  745
e  1578  1592  634
e  1578  1591  25
e  1578  1581  571
e  1578  1579  538
e  1579  1580  571
e  1580  1581  538
e  1580  1582  25
e  1581  1585  25
e  1582  1585  538
e  1582  1599  29
e  1583  1594  56
e  1583  1601  947
e  1583  1618  330
e  1583  1606  118
e  1584  1629  634
e  1584  1637  71
e  1585  1591  571
e  1585  1600  634
e  1585  1616  29
e  1586  1610  17
e  1587  1650  925
e  1587  1603  623
e  1588  1652  631
e  1588  1611  427
e  1589  1614  961
e  1589  1644  406
e  1590  1607  935
e  1590  1598  917
e  1591  1597  634
e  1592  1597  25
e  1593  1608  220
e  1594  1596  947
e  1595  1602  92
e  1595  1694  984
e  1595  1715  745
e  1596  1666  987
e  1596  1692  375
e  1596  1643  330
e  1596  1601  56
e  1597  1605  65
e  1597  1600  571
e  1598  1615  935
e  1598  1645  152
e  1598  1635  615
e  1599  1616  538
e  1599  1623  48
e  1600  1617  65
e  1600  1646  29
e  1601  1624  330
e  1602  1637  984
e  1603  1677  925
e  1603  1711  320
e  1603  1640  17
e  1604  1605  706
e  1604  1651  702
e  1605  1663  702
e  1605  1617  571
e  1606  1609  585
e  1607  1623  353
e  1607  1615  917
e  1608  1622  702
e  1608  1613  103
e  1609  1612  330
e  1610  1626  465
e  1610  1649  700
e  1610  1716  68
e  1611  1713  631
e  1611  1678  120
e  1612  1619  118
e  1612  1632  947
e  1612  1622  375
e  1613  1625  702
e  1613  1631  713
e  1614  1681  564
e  1614  1660  406
e  1615  1630  353
e  1615  1655  152
e  1616  1646  634
e  1616  1648  48
e  1617  1672  702
e  1617  1686  48
e  1617  1653  29
e  1618  1619  585
e  1618  1624  947
e  1619  1628  947
e  1620  1666  745
e  1621  1885  838
e  1621  1695  228
e  1622  1633  947
e  1622  1625  103
e  1623  1648  538
e  1623  1630  917
e  1624  1643  56
e  1624  1642  375
e  1624  1628  585
e  1625  1638  947
e  1625  1636  713
e  1626  1640  700
e  1627  1652  243
e  1628  1634  375
e  1628  1632  118
e  1629  1825  65
e  1629  1839  253
e  1629  1802  71
e  1630  1665  538
e  1630  1662  152
e  1631  1636  702
e  1632  1633  375
e  1633  1634  118
e  1633  1638  103
e  1634  1642  585
e  1634  1647  103
e  1635  1639  152
e  1636  1659  947
e  1636  1656  25
e  1636  1641  220
e  1637  1802  634
e  1637  1731  745
e  1637  1694  92
e  1638  1647  118
e  1638  1659  713
e  1639  1645  615
e  1639  1661  935
e  1639  1673  392
e  1640  1735  320
e  1640  1649  465
e  1641  1651  25
e  1642  1654  56
e  1642  1658  103
e  1643  1654  375
e  1644  1660  961
e  1645  1655  935
e  1646  1653  65
e  1646  1667  48
e  1647  1658  585
e  1647  1691  56
e  1647  1689  25
e  1648  1667  634
e  1648  1665  917
e  1649  1792  320
e  1649  1734  68
e  1650  1678  320
e  1650  1677  623
e  1651  1656  220
e  1651  1663  706
e  1652  1664  949
e  1652  1713  427
e  1653  1670  48
e  1654  1692  330
e  1654  1749  987
e  1654  1669  103
e  1655  1662  353
e  1655  1661  615
e  1656  1668  947
e  1657  1673  564
e  1658  1669  56
e  1659  1668  25
e  1660  1744  564
e  1660  1755  353
e  1660  1736  243
e  1660  1679  369
e  1661  1671  353
e  1662  1707  538
e  1662  1712  392
e  1662  1671  615
e  1663  1688  947
e  1663  1672  571
e  1664  1720  961
e  1664  1819  353
e  1664  1797  120
e  1665  1685  65
e  1665  1707  152
e  1666  1693  437
e  1666  1740  984
e  1666  1725  375
e  1667  1670  65
e  1668  1690  118
e  1668  1687  706
e  1669  1764  987
e  1669  1783  984
e  1669  1709  25
e  1669  1691  585
e  1670  1686  29
e  1670  1702  702
e  1670  1684  917
e  1671  1682  392
e  1672  1703  947
e  1672  1701  48
e  1673  1683  353
e  1673  1680  803
e  1674  1722  744
e  1675  1676  501
e  1675  1716  523
e  1676  1723  523
e  1676  1722  85
e  1677  1704  320
e  1678  1754  631
e  1678  1704  623
e  1679  1720  243
e  1680  1681  411
e  1680  1699  353
e  1681  1705  353
e  1681  1744  406
e  1682  1683  935
e  1682  1712  615
e  1682  1700  803
e  1683  1699  803
e  1684  1685  634
e  1684  1710  702
e  1684  1726  152
e  1685  1721  152
e  1686  1701  702
e  1687  1688  220
e  1687  1748  118
e  1687  1717  571
e  1688  1703  571
e  1689  1690  713
e  1689  1706  56
e  1690  1714  56
e  1690  1748  706
e  1691  1706  25
e  1692  1725  987
e  1693  1715  913
e  1694  1719  745
e  1695  1828  838
e  1696  1697  924
e  1696  2078  745
e  1696  2039  838
e  1697  1698  617
e  1697  2005  838
e  1698  1994  838
e  1698  1875  38
e  1699  1700  935
e  1699  1705  411
e  1700  1718  615
e  1700  1762  538
e  1700  1772  702
e  1700  1708  411
e  1701  1724  947
e  1701  1702  29
e  1702  1741  947
e  1702  1710  917
e  1703  1717  220
e  1703  1724  48
e  1704  1778  631
e  1704  1796  17
e  1704  1711  925
e  1705  1708  935
e  1705  1750  406
e  1706  1709  585
e  1706  1714  713
e  1707  1721  65
e  1707  1737  803
e  1707  1727  392
e  1708  1791  702
e  1708  1763  406
e  1709  1785  984
e  1709  1738  713
e  1710  1747  947
e  1710  1728  152
e  1711  1735  17
e  1712  1727  538
e  1712  1718  803
e  1713  1754  120
e  1714  1738  585
e  1714  1774  706
e  1715  1719  984
e  1716  1734  700
e  1716  1723  501
e  1717  1801  118
e  1717  1761  48
e  1718  1729  538
e  1719  1731  92
e  1719  1775  375
e  1719  1739  437
e  1720  1736  369
e  1720  1788  353
e  1721  1726  634
e  1721  1730  702
e  1721  1742  803
e  1722  1733  523
e  1722  1732  28
e  1723  1753  700
e  1723  1733  85
e  1724  1761  220
e  1724  1757  917
e  1724  1741  29
e  1725  1758  984
e  1725  1749  330
e  1726  1728  702
e  1727  1729  803
e  1728  1766  947
e  1728  1751  803
e  1728  1730  634
e  1729  1737  392
e  1729  1746  702
e  1729  1762  615
e  1730  1743  803
e  1731  1881  634
e  1731  1782  375
e  1732  1752  523
e  1733  1760  700
e  1733  1752  28
e  1734  1826  320
e  1734  1770  85
e  1734  1753  501
e  1735  1796  925
e  1735  1829  631
e  1735  1792  465
e  1736  1771  353
e  1737  1742  65
e  1738  1817  984
e  1738  1837  706
e  1739  1740  913
e  1739  1759  375
e  1740  1758  375
e  1741  1747  917
e  1742  1743  702
e  1743  1751  634
e  1743  1745  392
e  1744  1750  353
e  1745  1746  65
e  1745  1756  634
e  1745  1789  615
e  1746  1765  615
e  1747  1757  29
e  1747  1781  803
e  1747  1766  152
e  1748  1774  56
e  1748  1801  571
e  1749  1767  984
e  1749  1764  103
e  1750  1763  935
e  1750  1776  243
e  1750  1755  564
e  1751  1773  947
e  1751  1756  392
e  1752  1769  700
e  1752  1768  744
e  1753  1760  85
e  1754  1798  949
e  1754  1778  623
e  1755  1771  243
e  1756  1780  947
e  1756  1809  615
e  1757  1800  220
e  1757  1793  803
e  1758  1759  913
e  1758  1767  330
e  1759  1775  437
e  1759  1790  92
e  1759  1779  330
e  1760  1770  501
e  1760  1852  320
e  1760  1769  28
e  1761  1813  118
e  1761  1806  803
e  1761  1800  917
e  1762  1765  702
e  1763  1805  702
e  1763  1787  243
e  1764  1777  984
e  1765  1789  65
e  1765  1807  411
e  1765  1772  538
e  1766  1773  803
e  1767  1779  913
e  1767  1777  103
e  1768  1795  700
e  1769  1853  320
e  1769  1795  744
e  1770  1831  320
e  1771  1776  564
e  1771  1788  369
e  1772  1791  411
e  1773  1781  152
e  1773  1810  29
e  1773  1780  392
e  1774  1837  585
e  1774  1854  984
e  1774  1871  803
e  1774  1824  571
e  1775  1782  92
e  1776  1787  935
e  1776  1799  369
e  1777  1784  913
e  1777  1786  25
e  1777  1783  987
e  1778  1834  949
e  1778  1856  353
e  1778  1814  17
e  1779  1804  92
e  1779  1784  103
e  1780  1812  29
e  1780  1835  220
e  1780  1907  243
e  1780  1816  615
e  1781  1793  29
e  1782  1911  634
e  1782  1945  253
e  1782  1873  25
e  1782  1838  330
e  1782  1790  437
e  1783  1785  25
e  1784  1808  92
e  1784  1794  25
e  1785  1786  987
e  1785  1811  913
e  1785  1817  713
e  1786  1794  913
e  1787  1815  702
e  1787  1820  369
e  1788  1799  564
e  1788  1832  120
e  1788  1819  961
e  1789  1809  634
e  1789  1821  947
e  1789  1830  411
e  1790  1804  330
e  1791  1807  538
e  1791  1805  406
e  1792  1912  631
e  1792  1862  85
e  1792  1826  68
e  1793  1803  220
e  1793  1810  152
e  1794  1818  92
e  1794  1892  713
e  1794  1811  987
e  1795  1922  320
e  1795  2002  265
e  1795  1860  523
e  1796  1814  631
e  1797  1798  427
e  1797  1827  353
e  1798  1840  353
e  1798  1834  623
e  1799  1820  935
e  1799  1843  120
e  1800  1803  803
e  1801  1824  56
e  1801  1813  48
e  1802  1893  253
e  1802  1881  745
e  1803  1806  917
e  1803  1822  392
e  1804  1838  437
e  1804  1808  103
e  1805  1833  538
e  1805  1815  243
e  1806  1841  118
e  1806  1870  392
e  1807  1830  65
e  1807  1833  406
e  1808  1842  437
e  1808  1818  25
e  1809  1816  947
e  1810  1812  392
e  1811  1855  713
e  1812  1823  220
e  1813  1836  56
e  1813  1841  803
e  1814  1880  353
e  1814  1829  925
e  1815  1847  538
e  1815  1890  947
e  1815  1896  120
e  1815  1866  369
e  1816  1868  406
e  1816  1821  634
e  1817  1855  913
e  1817  1848  706
e  1818  1850  437
e  1818  1975  803
e  1818  1910  713
e  1819  1827  120
e  1820  1866  702
e  1820  1858  120
e  1821  1845  411
e  1822  1823  152
e  1822  1870  917
e  1822  1886  118
e  1823  1897  118
e  1823  1952  984
e  1823  1835  29
e  1824  1836  48
e  1825  1828  253
e  1826  1831  85
e  1827  1832  961
e  1827  1840  427
e  1828  1885  228
e  1828  1946  745
e  1828  1924  71
e  1828  1839  65
e  1829  1899  353
e  1829  1912  465
e  1830  1845  947
e  1830  1844  406
e  1831  1862  68
e  1831  1928  631
e  1831  1861  28
e  1831  1852  501
e  1832  1843  564
e  1833  1844  65
e  1833  1847  243
e  1834  1846  353
e  1835  1977  984
e  1835  1954  243
e  1836  1849  803
e  1837  1848  984
e  1838  1842  103
e  1839  1893  71
e  1840  1846  623
e  1841  1849  56
e  1841  1878  392
e  1842  1850  25
e  1843  1858  935
e  1843  1863  623
e  1844  1851  947
e  1844  1857  243
e  1845  1851  406
e  1846  1865  564
e  1846  1856  949
e  1847  1857  65
e  1847  1867  947
e  1848  1891  913
e  1848  1898  803
e  1848  1854  585
e  1849  1872  571
e  1849  1887  984
e  1849  1889  392
e  1850  1874  330
e  1850  1989  253
e  1850  2041  803
e  1851  1869  634
e  1851  1859  243
e  1852  1853  28
e  1853  1861  501
e  1853  1969  353
e  1853  1922  744
e  1854  1879  803
e  1855  1892  987
e  1855  1927  803
e  1855  1891  706
e  1856  1895  564
e  1856  1880  17
e  1857  1859  947
e  1858  1877  702
e  1858  1882  623
e  1859  1876  634
e  1859  1939  120
e  1859  1867  65
e  1860  1981  265
e  1861  1960  631
e  1861  1963  353
e  1862  1919  631
e  1863  1864  427
e  1863  1882  935
e  1864  1865  961
e  1864  1888  935
e  1865  1906  935
e  1865  1913  17
e  1865  1895  949
e  1866  1877  120
e  1867  1933  120
e  1867  1890  538
e  1868  1869  411
e  1868  1883  243
e  1869  1876  243
e  1870  1878  118
e  1871  1872  48
e  1871  1879  984
e  1872  1884  984
e  1873  1874  103
e  1873  1962  253
e  1874  1980  253
e  1875  1976  838
e  1876  1883  411
e  1876  1967  120
e  1877  1896  369
e  1877  1938  947
e  1877  1894  623
e  1878  1889  56
e  1878  1886  917
e  1879  1898  585
e  1879  1923  913
e  1879  1884  48
e  1880  1902  564
e  1880  1899  925
e  1881  1903  253
e  1881  1911  375
e  1882  1894  702
e  1882  1888  427
e  1883  1908  615
e  1883  2057  220
e  1883  2051  120
e  1884  1930  913
e  1884  1887  571
e  1885  1914  297
e  1885  1956  745
e  1886  1900  56
e  1886  1897  152
e  1887  1949  913
e  1887  1904  392
e  1888  1901  702
e  1888  1906  961
e  1889  1904  984
e  1889  1900  917
e  1890  1916  120
e  1891  1905  803
e  1892  1910  92
e  1893  1924  65
e  1893  1903  745
e  1894  1947  947
e  1894  1901  427
e  1895  1902  17
e  1896  1916  947
e  1897  1909  56
e  1897  1940  984
e  1898  1905  913
e  1899  1936  564
e  1899  1934  85
e  1900  1915  984
e  1900  1909  152
e  1901  1970  947
e  1901  1929  17
e  1901  1920  961
e  1902  1913  949
e  1902  1926  935
e  1902  1937  702
e  1902  1936  925
e  1903  1931  65
e  1903  1921  375
e  1904  1953  913
e  1904  1941  152
e  1904  1915  917
e  1905  1927  706
e  1905  1950  92
e  1905  1942  48
e  1905  1923  585
e  1906  1920  702
e  1906  1917  17
e  1907  1908  406
e  1907  1954  220
e  1908  1968  220
e  1909  1918  984
e  1910  1943  803
e  1911  1921  253
e  1912  1919  85
e  1913  1917  935
e  1914  1976  920
e  1914  1979  745
e  1915  1918  152
e  1916  1933  538
e  1916  1951  623
e  1916  1938  369
e  1917  1925  702
e  1917  1926  949
e  1918  1941  917
e  1918  2000  913
e  1918  2025  243
e  1918  1940  56
e  1919  1935  353
e  1919  1928  68
e  1920  1925  17
e  1921  1955  65
e  1921  1978  25
e  1921  1945  634
e  1922  2034  353
e  1922  2016  265
e  1923  1930  48
e  1924  1931  745
e  1925  1929  961
e  1925  1932  949
e  1926  1932  702
e  1927  1944  92
e  1928  1948  353
e  1928  1960  28
e  1929  1988  947
e  1929  1984  949
e  1930  1942  585
e  1930  1958  392
e  1930  1949  571
e  1931  1946  71
e  1931  1965  228
e  1931  1955  375
e  1932  1984  961
e  1932  1964  925
e  1932  1937  935
e  1933  1939  65
e  1933  1966  623
e  1934  1935  465
e  1934  1983  564
e  1934  1982  68
e  1935  1948  68
e  1936  1957  702
e  1936  1983  85
e  1937  1957  925
e  1938  1947  623
e  1939  1967  634
e  1939  1971  623
e  1940  2022  243
e  1940  1952  118
e  1941  1990  913
e  1942  2001  92
e  1942  1974  392
e  1943  1944  987
e  1943  1975  713
e  1943  2106  253
e  1943  1959  706
e  1944  1950  706
e  1945  1962  25
e  1946  1956  228
e  1947  1951  369
e  1947  1985  538
e  1947  1970  427
e  1948  1982  465
e  1948  1997  564
e  1948  1999  702
e  1948  1961  28
e  1949  1953  392
e  1950  1959  987
e  1950  2001  48
e  1951  1966  538
e  1952  2017  243
e  1952  1977  29
e  1953  1958  571
e  1953  2011  585
e  1953  2068  92
e  1953  1990  152
e  1954  1996  984
e  1954  1968  406
e  1955  1972  228
e  1955  2008  25
e  1956  1979  297
e  1956  1986  375
e  1956  1965  71
e  1957  1964  935
e  1957  1987  85
e  1958  1974  585
e  1959  2031  392
e  1960  1961  353
e  1961  2009  702
e  1961  1973  501
e  1961  1963  631
e  1962  1978  634
e  1962  1980  103
e  1963  1969  501
e  1964  2021  961
e  1964  2056  947
e  1964  2003  85
e  1965  1972  375
e  1966  1971  65
e  1966  1985  369
e  1967  2051  411
e  1967  2075  220
e  1967  2087  984
e  1967  2006  623
e  1968  2010  984
e  1968  2061  120
e  1968  2057  615
e  1969  1973  631
e  1969  2065  702
e  1969  2034  744
e  1970  2024  538
e  1970  1988  17
e  1971  2006  634
e  1971  1992  369
e  1972  1986  71
e  1972  2004  297
e  1972  2018  25
e  1973  2019  702
e  1974  2007  92
e  1974  2011  571
e  1975  2041  437
e  1975  2069  253
e  1976  1994  38
e  1976  2013  745
e  1977  1996  243
e  1978  2008  65
e  1978  2012  103
e  1979  2013  920
e  1979  1993  375
e  1980  2012  634
e  1980  1989  330
e  1981  2002  523
e  1981  2046  320
e  1982  1991  564
e  1983  1987  702
e  1983  1991  68
e  1984  2040  947
e  1984  2021  925
e  1985  1992  65
e  1985  2024  427
e  1986  1993  297
e  1987  2003  935
e  1987  1995  68
e  1988  2028  538
e  1988  2047  925
e  1988  2040  949
e  1989  2037  634
e  1989  2052  803
e  1990  2072  92
e  1990  2000  917
e  1991  1995  702
e  1991  1997  465
e  1992  2081  634
e  1992  2048  17
e  1992  2029  427
e  1993  2023  920
e  1993  2004  71
e  1994  2005  617
e  1994  2026  745
e  1995  2015  935
e  1995  1998  465
e  1996  2017  29
e  1996  2030  118
e  1996  2010  406
e  1997  1998  702
e  1998  2020  935
e  1998  2014  28
e  1998  1999  564
e  1999  2009  28
e  2000  2100  92
e  2000  2073  243
e  2001  2007  392
e  2002  2016  320
e  2003  2060  947
e  2003  2015  68
e  2004  2058  920
e  2004  2044  25
e  2005  2039  924
e  2005  2033  745
e  2006  2101  984
e  2006  2086  17
e  2006  2081  369
e  2007  2032  987
e  2007  2050  571
e  2008  2018  228
e  2008  2042  103
e  2009  2014  564
e  2009  2019  501
e  2010  2062  118
e  2010  2071  120
e  2011  2050  92
e  2012  2042  65
e  2012  2037  330
e  2013  2026  38
e  2013  2023  375
e  2014  2036  935
e  2014  2027  501
e  2015  2080  947
e  2015  2020  465
e  2016  2064  353
e  2016  2046  523
e  2017  2022  118
e  2018  2044  297
e  2018  2053  103
e  2019  2027  564
e  2019  2065  631
e  2020  2091  947
e  2020  2036  28
e  2021  2043  947
e  2022  2025  56
e  2022  2030  29
e  2023  2038  38
e  2023  2088  25
e  2023  2058  71
e  2024  2029  65
e  2024  2028  17
e  2025  2073  913
e  2025  2083  406
e  2025  2049  29
e  2026  2033  617
e  2026  2038  375
e  2027  2055  935
e  2028  2035  65
e  2029  2035  17
e  2030  2049  56
e  2030  2062  406
e  2031  2032  48
e  2033  2054  924
e  2033  2045  375
e  2034  2095  702
e  2034  2064  265
e  2035  2048  427
e  2035  2099  634
e  2036  2097  947
e  2036  2055  501
e  2037  2070  65
e  2037  2111  803
e  2038  2045  617
e  2038  2090  25
e  2039  2054  745
e  2040  2043  925
e  2041  2052  253
e  2042  2053  228
e  2042  2070  330
e  2043  2047  949
e  2043  2066  85
e  2043  2056  961
e  2044  2074  920
e  2044  2085  103
e  2045  2063  924
e  2045  2094  25
e  2046  2103  353
e  2047  2092  85
e  2048  2084  634
e  2049  2067  406
e  2050  2077  152
e  2050  2068  585
e  2051  2059  220
e  2052  2111  634
e  2052  2069  437
e  2053  2085  297
e  2053  2079  330
e  2054  2078  838
e  2054  2063  375
e  2055  2113  947
e  2056  2060  85
e  2057  2059  120
e  2058  2074  25
e  2059  2061  615
e  2059  2076  984
e  2059  2075  411
e  2060  2066  961
e  2060  2080  68
e  2061  2071  984
e  2062  2067  56
e  2063  2089  838
e  2063  2112  25
e  2064  2102  702
e  2064  2103  523
e  2065  2095  744
e  2066  2092  949
e  2066  2098  68
e  2067  2083  29
e  2068  2072  152
e  2069  2106  713
e  2070  2079  228
e  2070  2114  803
e  2071  2076  615
e  2072  2077  585
e  2072  2100  917
e  2073  2108  406
e  2074  2088  71
e  2074  2093  38
e  2074  2110  103
e  2075  2082  984
e  2076  2082  411
e  2078  2105  275
e  2078  2089  375
e  2079  2104  297
e  2079  2115  803
e  2080  2098  961
e  2080  2091  465
e  2081  2084  17
e  2082  2107  623
e  2082  2087  220
e  2083  2108  913
e  2084  2086  369
e  2084  2099  427
e  2085  2110  920
e  2085  2104  330
e  2087  2101  623
e  2088  2090  38
e  2089  2109  275
e  2090  2094  617
e  2090  2093  71
e  2091  2097  28
e  2093  2096  617
e  2094  2112  924
e  2094  2096  71
e  2095  2102  265
e  2097  2113  501
e  2101  2107  220
e  2105  2109  375
e  2111  2114  65
e  2114  2115  228
