p   edge 1310  2490
e  0  730  799
e  0  75  4
e  1  2  139
e  1  527  963
e  1  1066  313
e  1  1272  410
e  2  3  679
e  2  118  963
e  3  4  580
e  3  114  963
e  4  5  580
e  4  76  963
e  5  6  963
e  6  7  373
e  6  76  580
e  7  8  797
e  7  77  652
e  7  109  580
e  8  9  652
e  9  10  110
e  9  84  313
e  9  77  797
e  10  11  47
e  10  78  313
e  11  12  313
e  12  13  193
e  12  78  47
e  13  14  743
e  13  88  47
e  14  15  532
e  14  182  317
e  14  106  47
e  15  16  983
e  15  151  317
e  16  17  988
e  16  135  317
e  17  18  364
e  17  82  317
e  18  19  356
e  18  81  317
e  19  20  317
e  20  21  36
e  20  81  356
e  21  22  515
e  21  91  25
e  21  83  356
e  22  23  25
e  23  24  541
e  23  110  518
e  23  91  515
e  24  25  518
e  25  26  140
e  25  79  619
e  25  175  356
e  25  110  541
e  26  27  619
e  27  28  960
e  27  79  140
e  28  29  608
e  28  87  140
e  29  30  957
e  29  92  140
e  30  31  882
e  30  97  140
e  31  32  526
e  31  101  140
e  32  33  108
e  32  104  140
e  33  34  689
e  33  102  978
e  33  108  140
e  34  35  978
e  35  36  410
e  35  130  140
e  35  102  689
e  36  37  652
e  36  134  140
e  37  38  642
e  37  145  140
e  38  39  68
e  38  186  140
e  39  40  478
e  39  165  761
e  39  213  790
e  39  242  140
e  40  41  432
e  40  123  761
e  41  42  761
e  42  43  761
e  42  124  790
e  42  123  432
e  43  44  790
e  44  45  832
e  44  98  344
e  44  124  761
e  45  46  760
e  45  94  344
e  46  47  324
e  46  90  344
e  47  48  344
e  48  49  185
e  48  90  324
e  49  50  388
e  49  126  637
e  49  125  324
e  50  51  60
e  50  93  637
e  51  52  203
e  51  89  637
e  52  53  637
e  53  54  970
e  53  89  203
e  54  55  629
e  54  139  203
e  55  56  576
e  55  167  203
e  56  57  816
e  56  179  203
e  57  58  799
e  57  112  785
e  57  298  875
e  57  306  203
e  58  59  785
e  59  60  683
e  59  112  799
e  60  61  969
e  60  119  875
e  60  140  799
e  61  62  670
e  61  95  474
e  61  117  875
e  62  63  474
e  63  64  690
e  63  86  875
e  63  95  670
e  64  65  801
e  64  80  875
e  65  66  875
e  66  67  682
e  66  144  118
e  66  80  801
e  67  68  187
e  67  99  118
e  68  69  118
e  69  70  591
e  69  128  214
e  69  99  187
e  70  71  214
e  71  72  963
e  71  96  822
e  71  128  591
e  72  73  822
e  73  74  100
e  73  96  963
e  74  75  79
e  74  170  963
e  75  705  799
e  75  330  591
e  75  233  963
e  76  109  373
e  76  160  652
e  76  114  580
e  77  100  313
e  77  120  580
e  78  88  193
e  78  84  110
e  79  87  960
e  79  163  978
e  79  180  356
e  80  159  118
e  80  169  670
e  80  86  690
e  81  83  36
e  81  82  364
e  82  85  36
e  82  135  988
e  83  122  25
e  83  85  364
e  84  105  193
e  84  100  797
e  85  131  25
e  85  146  988
e  86  103  670
e  87  92  608
e  87  132  526
e  88  106  743
e  88  121  797
e  88  105  110
e  89  139  970
e  89  93  60
e  90  125  185
e  90  94  760
e  91  136  518
e  91  122  356
e  92  97  957
e  92  115  526
e  93  149  970
e  93  217  324
e  93  126  388
e  94  143  185
e  94  98  832
e  95  103  875
e  96  170  100
e  96  150  591
e  97  101  882
e  97  107  526
e  98  156  185
e  98  216  637
e  98  214  432
e  99  200  214
e  99  144  682
e  100  111  193
e  100  141  580
e  101  104  526
e  102  113  140
e  103  169  690
e  103  218  118
e  103  260  799
e  103  127  969
e  103  117  474
e  104  108  108
e  104  107  882
e  105  111  797
e  106  235  317
e  106  147  797
e  107  116  108
e  107  115  957
e  108  113  978
e  108  116  882
e  109  120  652
e  110  174  356
e  110  136  515
e  111  121  110
e  111  181  743
e  111  173  580
e  112  140  683
e  112  292  875
e  113  130  689
e  113  138  410
e  113  129  882
e  114  190  652
e  114  118  679
e  115  133  108
e  115  142  978
e  115  132  608
e  116  129  978
e  116  133  957
e  117  119  969
e  118  197  652
e  118  423  313
e  118  527  139
e  119  127  474
e  119  168  799
e  120  141  313
e  120  201  580
e  120  160  373
e  121  147  743
e  122  152  518
e  122  131  364
e  123  155  790
e  123  165  478
e  124  155  432
e  125  166  637
e  125  143  760
e  126  166  324
e  127  192  799
e  128  150  822
e  128  200  187
e  129  154  410
e  129  137  957
e  130  134  410
e  131  157  518
e  131  172  988
e  132  148  978
e  133  137  978
e  134  145  652
e  134  138  689
e  135  146  36
e  135  151  983
e  136  152  356
e  137  158  410
e  137  153  608
e  137  142  108
e  138  164  652
e  138  154  882
e  139  167  629
e  139  149  60
e  140  168  875
e  141  173  193
e  141  205  580
e  142  148  608
e  143  177  637
e  143  156  832
e  144  237  214
e  144  159  801
e  145  186  642
e  145  305  356
e  145  212  882
e  145  164  689
e  146  172  25
e  146  161  983
e  147  245  317
e  147  251  580
e  147  181  110
e  148  153  108
e  148  185  410
e  148  162  960
e  149  178  629
e  149  232  324
e  150  220  100
e  150  219  187
e  151  161  36
e  151  182  532
e  152  174  515
e  152  184  619
e  152  157  364
e  153  171  410
e  154  176  652
e  154  158  957
e  155  215  344
e  155  187  478
e  156  188  637
e  157  189  619
e  157  202  988
e  158  195  652
e  158  171  608
e  159  240  214
e  159  199  670
e  160  190  580
e  161  196  25
e  161  206  532
e  162  163  526
e  162  194  410
e  163  203  356
e  164  176  882
e  165  187  790
e  166  217  388
e  166  177  760
e  167  179  576
e  167  178  60
e  168  192  474
e  168  363  203
e  168  326  785
e  168  292  683
e  169  199  118
e  170  233  79
e  170  220  591
e  171  211  652
e  171  226  356
e  171  210  960
e  171  185  108
e  172  202  518
e  172  196  983
e  173  228  743
e  173  425  25
e  173  313  580
e  174  175  541
e  175  180  619
e  176  212  689
e  176  280  356
e  176  195  957
e  177  257  970
e  177  188  832
e  178  191  576
e  179  306  816
e  179  191  60
e  180  203  978
e  180  198  364
e  180  183  515
e  181  228  580
e  182  206  36
e  182  235  47
e  183  184  541
e  183  193  364
e  184  189  364
e  185  194  960
e  186  242  68
e  186  255  790
e  186  321  356
e  187  294  344
e  187  262  140
e  187  213  761
e  188  267  970
e  188  325  576
e  188  324  432
e  188  216  185
e  189  193  541
e  189  230  978
e  189  234  988
e  190  201  373
e  190  197  679
e  191  345  816
e  191  372  875
e  191  258  324
e  192  260  969
e  192  293  118
e  192  474  822
e  192  452  203
e  193  198  515
e  193  222  978
e  194  210  108
e  194  208  356
e  195  254  356
e  195  211  608
e  196  229  518
e  196  236  532
e  197  204  373
e  197  227  313
e  198  207  978
e  199  272  214
e  199  218  690
e  200  219  822
e  200  237  682
e  201  205  313
e  201  204  679
e  202  234  619
e  202  229  983
e  203  209  410
e  203  207  364
e  204  221  313
e  205  313  193
e  205  221  679
e  206  236  25
e  206  263  47
e  207  223  410
e  207  222  515
e  208  209  526
e  208  225  108
e  208  224  364
e  209  223  364
e  210  225  356
e  211  238  356
e  212  289  356
e  213  249  140
e  214  215  761
e  214  282  637
e  215  323  637
e  215  294  478
e  216  282  432
e  217  232  970
e  218  308  214
e  218  271  799
e  219  299  100
e  219  261  801
e  219  246  682
e  220  268  79
e  220  299  187
e  221  340  193
e  221  677  410
e  221  227  373
e  222  231  410
e  222  230  541
e  223  224  526
e  223  231  515
e  224  239  108
e  224  241  515
e  225  226  960
e  225  239  364
e  226  238  652
e  226  244  364
e  227  794  410
e  227  934  139
e  227  423  652
e  228  251  110
e  228  341  317
e  229  270  619
e  229  317  410
e  229  285  532
e  230  243  410
e  230  250  988
e  231  241  526
e  231  264  988
e  231  243  541
e  232  259  576
e  232  256  760
e  233  268  591
e  234  250  978
e  234  270  983
e  235  263  36
e  235  245  797
e  236  285  518
e  236  269  47
e  237  246  822
e  237  240  801
e  238  254  608
e  238  248  364
e  239  244  960
e  239  253  652
e  239  266  515
e  240  247  822
e  240  272  670
e  241  266  108
e  241  265  988
e  242  249  790
e  243  252  988
e  244  248  652
e  245  273  36
e  245  284  25
e  245  301  580
e  246  247  801
e  247  261  682
e  247  338  100
e  247  278  670
e  248  279  608
e  248  302  988
e  248  296  515
e  248  253  960
e  249  262  761
e  249  255  68
e  250  252  410
e  250  283  983
e  251  301  317
e  252  264  541
e  252  274  526
e  252  286  983
e  253  275  515
e  254  280  957
e  254  279  364
e  255  322  761
e  255  350  356
e  256  257  388
e  256  276  576
e  257  267  832
e  258  259  629
e  258  395  875
e  258  281  760
e  259  276  760
e  260  271  118
e  261  329  100
e  262  333  344
e  262  413  356
e  262  322  68
e  263  269  25
e  263  273  797
e  264  265  526
e  265  288  652
e  265  274  541
e  266  275  652
e  267  291  576
e  268  330  963
e  268  443  801
e  268  373  187
e  269  310  518
e  269  277  797
e  270  283  978
e  271  328  822
e  271  293  969
e  272  278  822
e  272  308  690
e  273  277  25
e  274  303  652
e  274  311  983
e  275  296  960
e  275  287  988
e  276  281  629
e  276  290  832
e  277  312  518
e  277  334  580
e  277  284  36
e  278  359  100
e  278  352  799
e  278  309  690
e  279  304  957
e  279  320  689
e  279  337  988
e  280  289  689
e  280  304  364
e  281  405  875
e  281  295  832
e  282  324  185
e  282  365  576
e  282  323  761
e  283  286  410
e  284  314  580
e  285  331  410
e  285  315  797
e  285  310  47
e  286  311  526
e  286  371  652
e  286  336  532
e  286  316  619
e  287  288  108
e  287  300  960
e  287  342  983
e  287  319  541
e  288  303  541
e  289  305  882
e  289  307  364
e  290  291  388
e  290  295  629
e  291  297  629
e  291  351  432
e  291  325  970
e  292  298  785
e  293  364  822
e  294  378  637
e  294  333  140
e  295  421  875
e  295  393  432
e  295  297  388
e  296  300  988
e  297  357  432
e  298  326  683
e  298  339  203
e  299  373  79
e  299  329  801
e  300  302  515
e  300  391  608
e  300  368  983
e  301  314  25
e  301  341  110
e  302  337  608
e  303  319  108
e  303  318  983
e  304  307  689
e  305  321  642
e  305  343  364
e  306  339  875
e  306  345  60
e  307  343  882
e  307  356  642
e  307  369  988
e  307  320  957
e  308  309  822
e  309  327  799
e  310  312  797
e  311  318  652
e  312  315  47
e  312  347  410
e  312  360  580
e  313  477  25
e  313  340  679
e  314  334  36
e  314  367  110
e  315  346  410
e  316  317  978
e  316  332  532
e  317  331  532
e  318  335  108
e  318  390  797
e  318  382  532
e  318  371  526
e  319  335  983
e  320  362  988
e  321  350  790
e  321  349  364
e  322  397  356
e  323  401  576
e  323  400  140
e  323  378  478
e  324  344  576
e  325  344  432
e  326  358  203
e  327  328  214
e  327  352  690
e  327  414  100
e  327  370  969
e  328  364  969
e  329  384  79
e  329  338  682
e  330  498  801
e  331  332  978
e  331  346  797
e  332  336  619
e  332  348  797
e  333  386  637
e  333  435  356
e  334  360  518
e  334  403  110
e  335  342  541
e  335  430  960
e  335  404  797
e  336  379  652
e  336  354  797
e  337  362  689
e  337  391  515
e  338  409  79
e  338  359  670
e  339  358  683
e  339  361  60
e  340  499  25
e  340  553  410
e  341  367  25
e  342  368  960
e  343  349  642
e  344  351  970
e  344  365  185
e  345  361  875
e  346  348  978
e  346  347  47
e  347  353  978
e  347  374  580
e  348  354  619
e  348  353  47
e  349  366  790
e  349  356  882
e  350  397  761
e  350  366  364
e  351  357  629
e  351  392  185
e  352  394  100
e  353  355  619
e  353  376  580
e  354  381  652
e  354  355  47
e  355  389  652
e  355  388  580
e  356  377  790
e  356  380  988
e  357  393  388
e  357  462  875
e  357  470  140
e  357  402  185
e  358  363  785
e  358  375  60
e  359  415  79
e  359  394  799
e  360  374  410
e  360  411  110
e  361  375  683
e  361  408  324
e  361  372  816
e  362  369  957
e  362  407  790
e  363  452  474
e  363  383  60
e  364  370  214
e  364  489  203
e  364  474  118
e  365  392  970
e  365  401  761
e  366  417  761
e  366  398  988
e  366  377  882
e  367  403  36
e  367  427  410
e  367  424  743
e  368  406  608
e  368  455  790
e  368  453  797
e  368  430  541
e  369  380  642
e  369  399  790
e  370  471  100
e  370  502  203
e  371  379  532
e  372  395  324
e  373  384  801
e  374  376  978
e  374  419  110
e  375  383  785
e  375  418  324
e  376  388  619
e  376  428  110
e  377  387  988
e  378  386  140
e  379  382  526
e  379  381  797
e  380  387  790
e  381  385  526
e  381  389  47
e  382  385  797
e  383  488  474
e  383  441  324
e  384  443  187
e  384  538  963
e  384  442  670
e  384  409  682
e  385  390  532
e  385  412  108
e  385  396  47
e  386  400  478
e  386  436  576
e  386  476  356
e  387  398  882
e  387  456  983
e  387  434  957
e  387  399  642
e  388  410  652
e  388  467  110
e  389  396  526
e  389  410  580
e  390  404  108
e  391  406  983
e  392  402  629
e  393  439  875
e  394  448  79
e  394  414  690
e  395  408  816
e  395  440  683
e  395  405  760
e  396  416  108
e  396  420  580
e  397  413  68
e  397  417  364
e  398  446  761
e  398  517  983
e  399  407  957
e  400  422  576
e  401  438  629
e  401  422  140
e  402  461  140
e  402  437  761
e  403  411  518
e  404  450  960
e  404  429  47
e  404  412  532
e  405  449  683
e  405  421  832
e  406  433  790
e  407  434  642
e  407  431  983
e  408  418  683
e  409  415  670
e  410  420  526
e  410  492  110
e  411  419  410
e  412  416  47
e  413  435  344
e  413  454  364
e  414  537  79
e  414  471  969
e  415  442  682
e  415  448  799
e  416  429  532
e  416  480  960
e  416  444  580
e  417  454  68
e  417  464  344
e  417  446  988
e  418  441  785
e  418  457  760
e  418  440  816
e  419  428  978
e  419  426  36
e  420  444  108
e  420  529  110
e  421  463  683
e  421  439  432
e  422  445  629
e  422  436  478
e  423  775  139
e  424  425  317
e  424  478  410
e  424  490  580
e  425  477  580
e  426  427  518
e  426  459  978
e  427  491  978
e  427  478  743
e  428  467  619
e  428  573  652
e  428  572  580
e  428  459  36
e  429  468  960
e  430  450  797
e  431  432  515
e  431  451  642
e  432  433  689
e  432  460  642
e  432  521  797
e  433  507  797
e  433  455  608
e  434  451  983
e  435  476  637
e  435  458  364
e  436  469  629
e  436  503  356
e  437  438  970
e  437  447  140
e  438  445  140
e  439  465  683
e  439  533  140
e  439  462  388
e  440  449  760
e  441  535  474
e  441  548  822
e  441  534  432
e  441  466  760
e  442  549  963
e  442  510  799
e  443  498  963
e  444  493  960
e  444  547  790
e  444  592  110
e  445  447  970
e  445  469  478
e  446  475  344
e  446  531  983
e  447  461  761
e  447  495  185
e  447  512  875
e  447  472  478
e  448  510  682
e  448  632  963
e  448  825  203
e  448  537  690
e  449  457  816
e  449  473  432
e  449  463  832
e  450  453  541
e  450  468  47
e  451  456  957
e  451  460  515
e  452  485  822
e  452  488  60
e  453  484  790
e  453  481  47
e  454  458  344
e  455  484  797
e  456  517  882
e  456  558  761
e  456  597  797
e  456  494  515
e  457  466  785
e  457  479  432
e  458  508  637
e  458  486  988
e  458  464  68
e  459  554  580
e  459  515  743
e  459  491  518
e  460  494  957
e  460  522  797
e  461  470  185
e  462  496  140
e  463  465  432
e  464  475  988
e  465  473  832
e  465  482  816
e  465  497  785
e  465  539  140
e  466  483  432
e  467  492  652
e  468  481  541
e  468  480  532
e  469  472  970
e  469  541  356
e  470  496  875
e  470  495  761
e  471  624  79
e  471  580  203
e  472  526  875
e  472  546  356
e  473  479  816
e  474  485  203
e  475  486  68
e  475  598  637
e  475  559  983
e  476  503  576
e  476  508  364
e  477  490  317
e  477  514  410
e  477  499  679
e  478  504  978
e  478  500  580
e  479  483  785
e  479  482  832
e  480  493  580
e  481  501  790
e  481  505  580
e  482  487  785
e  483  534  760
e  483  569  822
e  483  487  832
e  484  507  608
e  484  501  47
e  485  489  118
e  485  511  60
e  486  525  637
e  487  586  822
e  487  577  140
e  487  497  816
e  488  511  822
e  488  535  324
e  489  502  214
e  489  523  60
e  490  500  410
e  491  504  743
e  492  529  526
e  492  590  580
e  492  573  619
e  493  506  541
e  493  520  790
e  494  557  797
e  495  509  875
e  496  533  388
e  496  545  683
e  496  509  761
e  497  565  140
e  498  581  799
e  498  538  187
e  499  518  410
e  500  524  978
e  500  519  679
e  500  514  317
e  501  544  608
e  501  513  580
e  502  580  100
e  502  536  60
e  503  541  629
e  503  532  364
e  504  515  518
e  504  524  580
e  505  506  532
e  505  513  790
e  506  516  790
e  507  521  689
e  507  530  642
e  507  544  47
e  508  532  576
e  508  525  988
e  509  591  683
e  509  561  478
e  509  512  185
e  510  563  963
e  511  523  118
e  511  540  324
e  512  526  478
e  513  551  608
e  513  574  642
e  513  516  532
e  514  518  679
e  515  528  580
e  516  593  642
e  516  520  541
e  517  531  761
e  518  519  317
e  518  571  978
e  518  553  25
e  519  542  978
e  520  682  642
e  520  741  110
e  520  547  960
e  521  522  642
e  522  557  957
e  522  575  580
e  522  556  47
e  522  530  689
e  523  536  214
e  523  562  324
e  524  528  518
e  524  542  679
e  525  543  576
e  525  598  68
e  526  561  185
e  526  560  356
e  527  775  313
e  528  554  743
e  528  601  652
e  528  550  679
e  529  592  108
e  529  641  580
e  530  552  47
e  531  559  344
e  531  558  882
e  532  570  629
e  532  543  988
e  533  539  683
e  534  564  822
e  535  540  822
e  536  623  100
e  536  566  324
e  537  746  203
e  537  624  969
e  538  549  670
e  539  565  785
e  539  545  388
e  540  562  118
e  540  579  214
e  540  568  432
e  540  548  474
e  541  546  970
e  541  576  875
e  541  570  364
e  542  550  518
e  542  571  317
e  543  585  629
e  543  612  875
e  543  628  983
e  544  552  642
e  544  551  580
e  545  613  785
e  545  591  761
e  546  560  875
e  547  647  110
e  548  564  432
e  549  563  799
e  550  605  652
e  550  679  317
e  551  555  642
e  552  556  689
e  552  555  580
e  553  678  978
e  553  677  193
e  554  572  36
e  554  595  652
e  555  567  689
e  555  596  532
e  555  574  608
e  556  567  580
e  557  597  515
e  557  610  761
e  557  609  580
e  558  611  344
e  558  602  797
e  559  615  637
e  559  627  797
e  559  611  882
e  560  617  185
e  560  630  683
e  560  589  364
e  560  576  970
e  561  603  683
e  561  617  356
e  562  566  214
e  563  582  187
e  563  955  4
e  563  632  682
e  564  568  474
e  564  569  760
e  565  577  816
e  565  658  822
e  565  661  356
e  565  613  388
e  566  640  100
e  566  587  432
e  566  579  118
e  567  575  47
e  567  619  957
e  567  608  532
e  568  584  214
e  568  578  760
e  569  578  474
e  569  586  832
e  570  583  875
e  570  585  988
e  571  679  518
e  571  796  652
e  571  839  193
e  571  678  25
e  572  588  652
e  573  588  580
e  574  593  532
e  575  609  957
e  576  583  364
e  577  621  822
e  578  600  214
e  578  614  832
e  579  584  432
e  580  666  79
e  580  623  60
e  581  582  670
e  581  706  591
e  582  785  591
e  582  805  4
e  583  589  970
e  583  594  988
e  584  587  118
e  584  600  760
e  585  594  875
e  586  614  474
e  586  636  214
e  586  621  140
e  587  649  100
e  587  604  760
e  588  590  619
e  588  595  36
e  589  645  683
e  589  599  988
e  590  641  526
e  590  626  679
e  590  606  743
e  591  635  785
e  591  603  478
e  592  647  790
e  592  681  580
e  593  596  608
e  593  683  689
e  593  808  875
e  593  682  541
e  594  599  970
e  594  667  983
e  594  612  629
e  595  601  743
e  596  608  689
e  597  602  761
e  598  615  983
e  599  650  683
e  599  693  983
e  600  604  118
e  600  622  832
e  601  607  619
e  601  605  679
e  602  620  344
e  602  610  515
e  603  643  785
e  603  625  356
e  604  669  100
e  604  631  832
e  605  616  619
e  605  756  317
e  606  607  36
e  606  618  679
e  607  616  679
e  608  686  344
e  608  683  608
e  609  634  761
e  609  619  47
e  610  633  344
e  610  634  580
e  611  620  797
e  612  653  983
e  613  655  356
e  613  635  761
e  614  622  214
e  615  629  576
e  615  654  797
e  616  618  36
e  616  777  526
e  616  936  790
e  616  935  317
e  617  625  683
e  618  626  743
e  618  680  526
e  619  642  761
e  620  627  882
e  620  652  580
e  620  633  515
e  621  637  214
e  621  668  356
e  621  658  816
e  622  631  118
e  622  639  140
e  622  636  474
e  623  719  79
e  623  704  432
e  623  640  324
e  624  666  203
e  625  644  785
e  625  659  364
e  625  630  185
e  626  660  526
e  627  654  637
e  627  657  580
e  628  629  68
e  628  653  875
e  629  664  875
e  629  656  797
e  630  645  364
e  631  646  140
e  632  996  4
e  632  954  432
e  632  875  203
e  633  638  580
e  634  638  344
e  634  642  47
e  635  648  356
e  635  643  478
e  636  637  140
e  637  639  474
e  637  701  118
e  637  700  356
e  638  652  515
e  638  651  47
e  639  646  118
e  640  649  432
e  641  681  108
e  641  660  679
e  642  651  344
e  643  644  356
e  644  648  478
e  644  673  822
e  644  672  364
e  645  659  185
e  645  650  988
e  646  703  100
e  646  709  356
e  646  701  474
e  647  741  960
e  647  714  580
e  648  655  761
e  648  670  822
e  649  704  324
e  649  738  79
e  649  753  140
e  649  669  760
e  650  662  185
e  650  694  785
e  650  744  822
e  650  726  983
e  651  690  576
e  651  684  532
e  652  657  882
e  653  667  629
e  653  692  797
e  653  664  68
e  654  656  576
e  654  671  580
e  655  661  388
e  655  665  822
e  656  676  875
e  656  675  580
e  657  671  637
e  658  663  356
e  659  672  785
e  659  662  988
e  660  724  108
e  660  765  790
e  660  680  743
e  661  663  822
e  662  674  785
e  663  668  816
e  663  665  388
e  664  676  797
e  665  670  761
e  666  746  969
e  666  769  432
e  666  719  60
e  667  693  970
e  667  711  797
e  668  700  214
e  668  697  478
e  669  702  140
e  670  673  478
e  671  675  576
e  672  674  988
e  673  699  816
e  673  695  988
e  674  696  822
e  674  694  185
e  675  691  875
e  675  687  47
e  676  692  68
e  676  691  580
e  677  776  978
e  677  794  373
e  678  776  193
e  679  756  652
e  680  778  790
e  680  777  36
e  681  714  790
e  681  724  679
e  682  814  875
e  682  797  110
e  683  799  875
e  684  685  957
e  684  734  576
e  684  757  875
e  685  686  761
e  685  761  875
e  686  779  875
e  687  688  515
e  687  707  875
e  688  689  882
e  688  710  875
e  689  690  637
e  689  715  875
e  690  735  875
e  690  734  532
e  691  722  68
e  691  743  629
e  691  707  47
e  692  711  629
e  692  722  580
e  693  726  683
e  693  732  797
e  694  718  822
e  695  696  364
e  695  713  816
e  696  717  816
e  696  731  214
e  696  718  185
e  697  698  761
e  697  712  214
e  698  699  388
e  698  716  214
e  699  713  988
e  700  708  118
e  700  737  988
e  700  712  478
e  701  708  356
e  702  703  832
e  702  753  760
e  702  784  79
e  703  804  79
e  703  752  356
e  704  729  79
e  705  706  801
e  705  730  4
e  706  754  4
e  706  785  670
e  707  758  629
e  707  710  515
e  708  709  474
e  708  739  988
e  709  752  100
e  709  747  988
e  710  781  629
e  710  715  882
e  711  732  970
e  711  727  580
e  712  728  988
e  712  716  761
e  713  721  214
e  713  717  364
e  714  827  960
e  714  733  679
e  715  801  629
e  715  748  532
e  715  735  637
e  716  720  988
e  717  723  214
e  718  770  214
e  718  768  983
e  718  744  785
e  719  729  432
e  720  721  388
e  720  728  761
e  720  725  364
e  721  723  364
e  722  727  629
e  723  725  388
e  723  764  118
e  723  731  816
e  724  733  790
e  725  736  761
e  725  749  118
e  726  762  822
e  726  759  797
e  727  755  970
e  727  766  47
e  727  743  68
e  728  737  478
e  728  740  118
e  728  736  364
e  729  769  60
e  729  849  969
e  729  738  324
e  730  1191  140
e  730  754  801
e  731  803  118
e  731  811  983
e  731  770  185
e  732  759  683
e  732  755  580
e  733  876  960
e  733  881  875
e  733  789  743
e  733  765  108
e  734  742  875
e  735  742  532
e  736  745  118
e  737  739  118
e  738  865  969
e  738  772  140
e  739  747  474
e  739  740  478
e  740  745  364
e  741  797  642
e  741  856  875
e  741  827  580
e  742  748  637
e  742  763  957
e  742  757  576
e  743  758  47
e  744  762  983
e  745  751  474
e  745  749  761
e  746  825  690
e  746  812  432
e  747  771  100
e  747  750  364
e  748  809  629
e  748  780  957
e  749  760  474
e  749  764  388
e  750  751  478
e  750  773  100
e  751  786  100
e  751  760  761
e  752  817  79
e  752  771  988
e  753  772  79
e  754  1176  140
e  754  792  670
e  755  767  683
e  755  782  47
e  756  935  619
e  756  1101  790
e  756  991  193
e  756  796  518
e  757  761  957
e  758  766  68
e  758  802  970
e  758  781  515
e  759  774  822
e  759  767  580
e  760  793  100
e  760  783  388
e  761  763  576
e  761  779  761
e  762  768  785
e  762  774  797
e  763  780  637
e  763  800  761
e  764  783  474
e  764  823  983
e  764  803  816
e  765  778  743
e  766  782  970
e  767  787  822
e  767  790  47
e  768  788  214
e  768  791  797
e  769  812  969
e  770  788  983
e  771  838  79
e  771  773  364
e  772  867  969
e  772  899  356
e  772  784  760
e  773  850  79
e  773  786  478
e  774  791  785
e  774  787  580
e  775  934  652
e  775  1139  410
e  775  1066  963
e  776  839  25
e  776  1009  652
e  776  893  373
e  777  860  790
e  778  789  108
e  778  860  36
e  779  800  576
e  779  798  608
e  780  895  629
e  780  907  822
e  780  916  110
e  780  884  608
e  781  821  683
e  781  819  532
e  781  801  882
e  782  790  683
e  782  802  68
e  783  816  100
e  783  830  983
e  784  848  356
e  784  804  832
e  785  792  4
e  786  898  79
e  786  793  761
e  787  795  785
e  787  806  47
e  788  811  185
e  788  822  118
e  788  807  797
e  789  937  875
e  789  1010  36
e  790  806  822
e  790  810  68
e  791  807  214
e  791  795  580
e  792  1152  140
e  792  1063  432
e  792  805  591
e  793  920  79
e  793  872  983
e  793  816  388
e  794  893  978
e  794  1084  139
e  795  813  214
e  795  829  47
e  796  919  193
e  797  831  875
e  798  799  344
e  798  828  576
e  798  818  689
e  799  808  689
e  800  828  608
e  801  809  532
e  802  810  683
e  803  815  983
e  804  817  356
e  805  1026  432
e  805  955  187
e  806  829  785
e  806  870  214
e  806  845  515
e  806  826  68
e  807  833  118
e  807  813  580
e  808  818  344
e  808  814  541
e  809  819  882
e  809  842  683
e  809  869  822
e  809  895  957
e  810  826  822
e  810  820  515
e  811  815  118
e  812  874  690
e  812  889  140
e  812  849  60
e  813  836  118
e  813  835  47
e  814  824  344
e  814  831  110
e  815  823  816
e  815  822  185
e  816  837  983
e  817  848  832
e  817  838  988
e  818  824  541
e  819  834  683
e  820  821  970
e  820  832  822
e  821  834  532
e  822  833  797
e  823  830  474
e  823  846  797
e  824  841  576
e  824  857  110
e  825  875  963
e  825  874  432
e  826  832  515
e  827  861  875
e  827  876  679
e  828  885  637
e  828  840  541
e  829  835  214
e  830  837  100
e  830  851  797
e  831  857  344
e  831  882  576
e  831  868  580
e  831  856  642
e  832  845  68
e  832  843  532
e  833  847  816
e  833  836  580
e  834  844  822
e  834  842  882
e  835  878  118
e  835  887  515
e  835  870  785
e  836  853  816
e  836  877  100
e  836  878  47
e  837  872  388
e  837  855  797
e  838  911  832
e  838  850  364
e  839  919  652
e  840  841  689
e  840  894  637
e  840  883  110
e  841  862  110
e  842  852  822
e  843  844  970
e  843  886  68
e  843  891  214
e  843  863  882
e  844  852  882
e  845  879  214
e  845  886  532
e  846  847  185
e  846  851  474
e  846  854  580
e  847  853  580
e  848  899  760
e  848  911  988
e  849  873  140
e  849  865  324
e  850  949  832
e  850  1053  969
e  850  1016  580
e  850  898  478
e  851  855  100
e  851  858  580
e  852  863  970
e  852  944  214
e  852  917  957
e  852  869  683
e  853  854  185
e  853  864  474
e  853  871  100
e  854  858  474
e  855  901  388
e  855  859  580
e  856  861  580
e  857  862  576
e  858  859  100
e  858  864  185
e  859  910  388
e  859  924  47
e  859  866  185
e  860  1010  108
e  860  1045  875
e  860  936  526
e  861  868  642
e  861  880  679
e  862  883  689
e  862  915  637
e  862  904  580
e  862  882  344
e  863  914  214
e  864  866  100
e  865  867  140
e  866  912  47
e  866  888  816
e  866  871  474
e  867  873  324
e  867  953  963
e  867  928  356
e  868  902  576
e  868  913  679
e  869  903  957
e  870  879  515
e  871  877  816
e  872  925  79
e  872  901  797
e  873  889  60
e  874  892  963
e  874  918  140
e  875  892  432
e  876  880  875
e  877  888  474
e  877  897  47
e  878  897  100
e  878  929  515
e  879  887  785
e  879  890  532
e  880  913  642
e  880  938  576
e  880  881  960
e  881  968  576
e  881  937  743
e  882  902  580
e  883  900  637
e  884  885  761
e  884  905  110
e  885  894  541
e  886  890  214
e  887  929  118
e  887  896  532
e  888  909  47
e  889  918  690
e  890  896  785
e  890  891  68
e  891  908  785
e  891  914  882
e  892  954  203
e  892  922  140
e  893  1027  652
e  893  1240  139
e  894  900  110
e  895  903  822
e  896  930  118
e  896  908  68
e  897  909  474
e  897  945  532
e  898  948  983
e  898  920  761
e  899  928  969
e  899  950  988
e  900  906  761
e  900  915  689
e  901  932  79
e  901  910  580
e  902  904  344
e  902  921  679
e  903  917  683
e  903  907  629
e  904  927  637
e  904  926  679
e  905  906  541
e  905  916  608
e  906  942  822
e  906  939  580
e  907  943  683
e  907  931  110
e  908  964  118
e  908  923  882
e  909  912  816
e  909  971  532
e  910  933  79
e  911  950  760
e  911  978  969
e  911  949  364
e  912  924  185
e  912  1047  79
e  912  994  532
e  913  921  576
e  914  923  785
e  914  975  957
e  914  944  970
e  915  927  580
e  916  931  822
e  917  959  214
e  917  963  110
e  917  943  629
e  918  922  963
e  919  991  518
e  919  1036  373
e  919  1009  25
e  920  925  983
e  921  926  344
e  921  938  642
e  922  1019  203
e  922  1025  4
e  922  1002  356
e  922  951  324
e  923  976  118
e  923  1015  100
e  923  1005  957
e  924  985  79
e  925  948  761
e  925  947  580
e  925  932  797
e  926  961  637
e  926  988  822
e  926  1011  642
e  927  940  761
e  927  962  822
e  927  961  679
e  928  967  963
e  928  960  988
e  929  930  532
e  930  946  100
e  930  964  68
e  931  957  683
e  931  974  580
e  931  941  541
e  932  933  580
e  933  947  797
e  933  966  761
e  933  984  47
e  934  1084  410
e  935  1049  790
e  936  1134  875
e  936  1049  317
e  937  1034  576
e  937  1088  822
e  937  1037  36
e  938  1011  344
e  938  1023  822
e  938  968  960
e  939  940  689
e  939  956  822
e  940  958  822
e  941  942  608
e  941  970  580
e  942  956  580
e  943  957  110
e  944  959  957
e  945  946  515
e  945  971  474
e  946  977  474
e  946  972  68
e  947  965  761
e  948  965  580
e  949  990  969
e  950  960  969
e  951  952  60
e  951  995  356
e  952  953  690
e  952  973  356
e  953  967  356
e  954  1003  4
e  954  1019  140
e  955  1007  432
e  955  996  682
e  956  970  608
e  956  982  683
e  956  992  679
e  956  958  689
e  957  963  629
e  957  979  580
e  958  981  679
e  958  962  761
e  959  975  970
e  959  986  110
e  960  989  963
e  960  1001  364
e  960  978  760
e  961  969  822
e  962  969  679
e  963  986  214
e  963  987  580
e  964  972  100
e  964  976  882
e  965  1017  478
e  965  966  797
e  966  1033  478
e  966  1165  963
e  966  1107  47
e  967  973  690
e  967  989  988
e  968  1028  822
e  968  1034  743
e  969  981  761
e  969  1029  683
e  969  1103  214
e  969  1092  960
e  969  988  637
e  970  974  541
e  970  980  683
e  971  994  816
e  971  977  515
e  972  1041  474
e  972  983  882
e  973  995  60
e  973  997  988
e  974  979  683
e  975  1005  785
e  975  1014  110
e  976  983  100
e  977  1006  816
e  977  1071  882
e  977  1041  68
e  978  990  364
e  979  987  629
e  979  980  541
e  980  993  629
e  980  982  608
e  981  992  689
e  981  1004  683
e  982  1000  629
e  982  999  679
e  983  1046  474
e  983  1070  110
e  983  1052  957
e  983  1015  118
e  984  985  388
e  984  1107  761
e  984  1227  963
e  984  1148  532
e  985  1073  532
e  985  1047  185
e  986  1014  970
e  986  998  580
e  987  998  214
e  987  993  541
e  988  1067  960
e  988  1022  642
e  989  997  690
e  989  1018  364
e  990  1001  760
e  990  1024  963
e  990  1053  832
e  991  1130  790
e  991  1167  373
e  992  999  683
e  993  1008  214
e  993  1000  608
e  994  1060  79
e  994  1006  515
e  995  1002  324
e  995  1043  988
e  996  1003  432
e  997  1043  60
e  997  1042  364
e  998  1040  970
e  998  1051  679
e  998  1008  541
e  999  1012  629
e  999  1030  214
e  999  1004  689
e  1000  1013  214
e  1000  1012  679
e  1001  1018  963
e  1002  1064  4
e  1002  1057  988
e  1003  1007  682
e  1003  1021  140
e  1004  1039  214
e  1004  1029  761
e  1005  1044  100
e  1005  1032  110
e  1006  1072  79
e  1006  1106  882
e  1007  1026  187
e  1007  1035  140
e  1008  1031  679
e  1008  1013  608
e  1009  1027  373
e  1010  1037  875
e  1011  1022  822
e  1012  1020  214
e  1013  1020  679
e  1014  1032  785
e  1014  1040  580
e  1015  1044  957
e  1016  1017  983
e  1016  1094  969
e  1016  1074  797
e  1017  1033  797
e  1018  1042  690
e  1018  1024  760
e  1019  1021  4
e  1020  1031  608
e  1020  1097  100
e  1020  1050  689
e  1020  1030  629
e  1021  1035  682
e  1021  1025  203
e  1022  1038  960
e  1022  1023  344
e  1023  1028  960
e  1024  1076  690
e  1024  1136  580
e  1024  1075  832
e  1025  1054  682
e  1025  1064  356
e  1026  1063  591
e  1026  1055  140
e  1027  1036  25
e  1027  1273  875
e  1028  1038  344
e  1028  1059  743
e  1029  1061  214
e  1030  1039  689
e  1031  1051  541
e  1031  1082  785
e  1031  1093  100
e  1032  1056  100
e  1032  1048  580
e  1033  1074  983
e  1033  1115  963
e  1034  1059  822
e  1035  1055  187
e  1035  1054  203
e  1036  1167  518
e  1036  1230  875
e  1037  1158  822
e  1037  1045  108
e  1038  1067  642
e  1038  1102  637
e  1038  1085  743
e  1039  1050  629
e  1039  1061  761
e  1040  1048  785
e  1041  1046  882
e  1042  1110  60
e  1042  1121  4
e  1042  1175  580
e  1042  1076  760
e  1043  1057  324
e  1043  1095  4
e  1043  1110  364
e  1044  1052  118
e  1044  1056  110
e  1045  1181  822
e  1045  1180  317
e  1045  1134  526
e  1046  1071  68
e  1046  1126  816
e  1046  1160  79
e  1046  1146  580
e  1046  1105  110
e  1047  1060  532
e  1048  1062  100
e  1048  1068  679
e  1049  1141  875
e  1049  1140  193
e  1049  1101  619
e  1050  1129  100
e  1050  1104  761
e  1051  1069  785
e  1052  1058  110
e  1053  1075  963
e  1053  1094  580
e  1054  1077  187
e  1054  1081  356
e  1055  1078  591
e  1055  1077  203
e  1056  1058  118
e  1056  1062  580
e  1057  1080  4
e  1058  1070  957
e  1058  1065  580
e  1059  1085  344
e  1059  1156  214
e  1059  1203  36
e  1059  1088  576
e  1060  1073  185
e  1060  1072  515
e  1061  1104  629
e  1061  1143  743
e  1061  1120  960
e  1061  1103  683
e  1062  1065  118
e  1062  1079  679
e  1063  1078  140
e  1064  1081  682
e  1064  1080  988
e  1065  1090  957
e  1065  1135  474
e  1065  1083  679
e  1066  1229  410
e  1067  1092  637
e  1068  1069  970
e  1068  1079  100
e  1069  1086  100
e  1069  1082  541
e  1070  1105  474
e  1070  1090  580
e  1071  1106  816
e  1072  1127  185
e  1072  1224  580
e  1072  1137  882
e  1073  1148  388
e  1073  1127  515
e  1074  1109  963
e  1075  1096  580
e  1076  1138  580
e  1077  1091  356
e  1078  1152  432
e  1078  1190  670
e  1078  1112  356
e  1079  1083  118
e  1079  1089  541
e  1079  1086  970
e  1080  1098  682
e  1080  1150  364
e  1080  1095  324
e  1081  1091  187
e  1081  1098  988
e  1082  1087  100
e  1083  1145  474
e  1083  1100  541
e  1084  1240  978
e  1084  1139  652
e  1085  1119  637
e  1085  1131  214
e  1086  1087  541
e  1087  1089  970
e  1087  1099  608
e  1087  1093  785
e  1088  1158  36
e  1089  1100  118
e  1090  1114  474
e  1091  1113  591
e  1091  1111  988
e  1092  1117  214
e  1092  1102  642
e  1093  1097  608
e  1094  1096  963
e  1095  1116  364
e  1096  1136  832
e  1096  1149  690
e  1096  1108  797
e  1097  1099  785
e  1097  1129  689
e  1098  1111  187
e  1098  1154  364
e  1099  1125  118
e  1099  1144  689
e  1100  1192  474
e  1100  1124  608
e  1101  1130  193
e  1102  1119  743
e  1103  1117  960
e  1104  1164  100
e  1105  1114  580
e  1106  1137  79
e  1106  1126  68
e  1107  1177  963
e  1108  1109  969
e  1108  1153  690
e  1108  1118  983
e  1109  1115  983
e  1110  1116  4
e  1111  1133  591
e  1111  1163  364
e  1112  1113  203
e  1112  1207  670
e  1112  1151  988
e  1113  1133  988
e  1114  1146  110
e  1114  1168  79
e  1114  1159  679
e  1114  1135  957
e  1115  1118  969
e  1115  1165  478
e  1116  1150  324
e  1116  1162  682
e  1116  1121  60
e  1117  1120  683
e  1117  1122  743
e  1118  1161  690
e  1118  1215  47
e  1118  1188  478
e  1119  1123  214
e  1120  1128  743
e  1121  1201  682
e  1121  1178  580
e  1122  1123  642
e  1122  1128  683
e  1123  1132  683
e  1123  1131  637
e  1124  1125  970
e  1124  1220  474
e  1124  1186  689
e  1125  1155  689
e  1126  1147  79
e  1127  1214  388
e  1127  1270  580
e  1128  1143  960
e  1128  1197  100
e  1128  1132  642
e  1129  1144  785
e  1129  1185  118
e  1129  1164  761
e  1130  1140  619
e  1130  1179  875
e  1130  1202  373
e  1131  1142  683
e  1131  1156  344
e  1132  1209  100
e  1132  1142  637
e  1133  1151  203
e  1133  1174  364
e  1134  1141  317
e  1135  1145  679
e  1136  1138  690
e  1137  1194  580
e  1137  1147  68
e  1138  1175  760
e  1138  1189  4
e  1138  1157  797
e  1138  1149  832
e  1139  1229  963
e  1140  1171  875
e  1141  1180  526
e  1141  1249  822
e  1141  1171  193
e  1142  1251  100
e  1142  1182  344
e  1143  1184  100
e  1144  1155  118
e  1145  1159  957
e  1145  1198  79
e  1145  1192  541
e  1146  1166  79
e  1147  1169  580
e  1147  1160  816
e  1148  1271  963
e  1148  1214  515
e  1149  1153  797
e  1150  1154  682
e  1151  1219  670
e  1151  1236  364
e  1152  1176  670
e  1153  1157  832
e  1153  1161  983
e  1154  1163  187
e  1154  1162  324
e  1155  1186  970
e  1155  1223  743
e  1155  1212  761
e  1155  1185  785
e  1156  1182  683
e  1156  1237  36
e  1157  1193  4
e  1157  1172  983
e  1158  1203  576
e  1158  1181  108
e  1159  1187  79
e  1160  1166  580
e  1161  1172  832
e  1161  1228  4
e  1161  1232  47
e  1162  1173  187
e  1162  1201  60
e  1163  1174  591
e  1163  1173  324
e  1164  1204  118
e  1164  1183  743
e  1165  1188  969
e  1165  1177  47
e  1166  1169  816
e  1166  1168  110
e  1167  1202  790
e  1167  1222  875
e  1168  1170  816
e  1168  1187  679
e  1169  1194  68
e  1169  1170  110
e  1170  1213  68
e  1170  1199  679
e  1171  1250  822
e  1171  1266  373
e  1171  1179  619
e  1172  1205  4
e  1173  1195  591
e  1173  1216  60
e  1174  1236  203
e  1174  1265  580
e  1174  1195  324
e  1175  1178  4
e  1176  1191  801
e  1176  1190  432
e  1177  1200  969
e  1177  1227  761
e  1178  1221  682
e  1178  1206  797
e  1178  1189  760
e  1179  1208  373
e  1180  1241  822
e  1181  1278  214
e  1181  1241  317
e  1182  1261  100
e  1182  1274  36
e  1183  1184  629
e  1183  1211  118
e  1183  1210  960
e  1184  1197  960
e  1185  1204  761
e  1186  1255  474
e  1186  1263  743
e  1187  1199  816
e  1187  1198  957
e  1188  1200  47
e  1189  1193  797
e  1190  1196  801
e  1190  1207  356
e  1191  1247  356
e  1191  1196  432
e  1192  1238  79
e  1192  1220  608
e  1193  1206  760
e  1193  1205  983
e  1194  1224  882
e  1194  1213  110
e  1195  1234  580
e  1196  1217  356
e  1197  1210  629
e  1197  1209  642
e  1198  1231  816
e  1198  1238  541
e  1199  1245  68
e  1199  1231  957
e  1200  1215  478
e  1200  1246  690
e  1200  1284  761
e  1201  1216  187
e  1201  1221  580
e  1202  1208  875
e  1203  1237  214
e  1204  1212  785
e  1204  1211  743
e  1205  1233  760
e  1205  1285  682
e  1205  1291  47
e  1205  1228  832
e  1206  1242  682
e  1206  1233  983
e  1207  1217  801
e  1207  1219  988
e  1208  1266  619
e  1208  1281  822
e  1208  1244  518
e  1208  1222  790
e  1209  1254  629
e  1209  1267  118
e  1209  1251  637
e  1210  1239  118
e  1210  1254  642
e  1211  1218  785
e  1211  1239  960
e  1212  1218  743
e  1213  1257  882
e  1213  1245  679
e  1214  1302  963
e  1214  1299  580
e  1215  1232  690
e  1216  1226  580
e  1217  1247  432
e  1217  1225  988
e  1218  1223  761
e  1218  1252  960
e  1219  1225  801
e  1219  1275  364
e  1220  1256  79
e  1220  1255  689
e  1221  1226  187
e  1221  1242  797
e  1222  1230  518
e  1223  1263  970
e  1224  1270  185
e  1224  1257  110
e  1225  1269  432
e  1225  1280  364
e  1226  1235  591
e  1226  1243  797
e  1227  1284  969
e  1227  1271  532
e  1228  1258  47
e  1229  1272  313
e  1230  1244  790
e  1230  1273  25
e  1231  1290  541
e  1232  1258  4
e  1232  1246  478
e  1233  1259  682
e  1234  1235  60
e  1234  1265  324
e  1234  1264  797
e  1235  1248  797
e  1236  1275  670
e  1236  1298  580
e  1237  1274  683
e  1237  1277  108
e  1238  1290  816
e  1238  1256  608
e  1239  1252  785
e  1239  1262  642
e  1241  1303  214
e  1241  1253  193
e  1241  1249  526
e  1242  1243  187
e  1242  1259  983
e  1243  1248  591
e  1243  1260  983
e  1244  1301  822
e  1245  1283  882
e  1246  1279  4
e  1247  1269  988
e  1248  1264  60
e  1248  1268  983
e  1249  1250  193
e  1250  1253  526
e  1250  1276  373
e  1251  1261  344
e  1252  1287  642
e  1253  1309  214
e  1254  1262  118
e  1255  1282  79
e  1255  1286  743
e  1256  1282  689
e  1257  1294  185
e  1257  1283  679
e  1258  1291  832
e  1258  1279  478
e  1259  1260  187
e  1259  1285  760
e  1260  1268  591
e  1260  1288  760
e  1261  1289  36
e  1262  1287  785
e  1262  1267  629
e  1263  1286  474
e  1264  1295  324
e  1264  1293  983
e  1265  1298  203
e  1265  1295  797
e  1266  1276  822
e  1268  1293  60
e  1268  1292  760
e  1270  1299  388
e  1270  1294  110
e  1271  1300  969
e  1271  1302  515
e  1274  1289  100
e  1275  1280  801
e  1275  1306  580
e  1276  1281  619
e  1277  1278  576
e  1278  1303  317
e  1280  1307  580
e  1281  1301  518
e  1282  1296  743
e  1283  1297  185
e  1284  1300  532
e  1285  1288  187
e  1285  1304  47
e  1286  1296  79
e  1288  1292  591
e  1288  1305  47
e  1291  1304  682
e  1292  1308  47
e  1294  1297  679
e  1298  1306  670
e  1303  1309  193
e  1304  1305  187
e  1305  1308  591
e  1306  1307  801
