p   edge 1601  3050
e  0  851  556
e  0  86  877
e  1  2  114
e  1  1392  25
e  2  3  195
e  2  341  587
e  2  1335  25
e  3  4  808
e  3  267  587
e  4  5  49
e  4  120  697
e  4  163  587
e  5  6  117
e  5  101  697
e  6  7  697
e  7  8  851
e  7  101  117
e  8  9  587
e  8  109  117
e  9  10  237
e  9  130  6
e  9  126  117
e  10  11  316
e  10  106  6
e  11  12  805
e  11  104  6
e  12  13  6
e  13  14  94
e  13  104  805
e  14  15  3
e  14  95  15
e  14  172  805
e  15  16  387
e  15  90  15
e  16  17  15
e  17  18  14
e  17  90  387
e  18  19  822
e  18  93  387
e  19  20  226
e  19  142  25
e  19  132  387
e  20  21  150
e  20  133  25
e  21  22  394
e  21  121  25
e  22  23  176
e  22  105  25
e  23  24  25
e  24  25  648
e  24  105  176
e  25  26  116
e  25  110  176
e  26  27  231
e  26  290  623
e  26  270  226
e  26  116  176
e  27  28  857
e  27  141  623
e  28  29  688
e  28  96  623
e  29  30  623
e  30  31  240
e  30  96  688
e  31  32  282
e  31  107  688
e  32  33  859
e  32  143  145
e  32  123  688
e  33  34  145
e  34  35  296
e  34  97  113
e  34  211  688
e  34  143  859
e  35  36  113
e  36  37  872
e  36  97  296
e  37  38  20
e  37  111  296
e  38  39  540
e  38  202  987
e  38  212  296
e  39  40  272
e  39  144  987
e  40  41  987
e  41  42  130
e  41  151  709
e  41  144  272
e  42  43  144
e  42  100  709
e  43  44  709
e  44  45  497
e  44  117  265
e  44  100  144
e  45  46  668
e  45  98  265
e  46  47  265
e  47  48  341
e  47  98  668
e  48  49  806
e  48  190  859
e  48  154  668
e  49  50  859
e  50  51  722
e  50  145  126
e  50  196  668
e  50  190  806
e  51  52  126
e  52  53  917
e  52  146  516
e  52  145  722
e  53  54  481
e  53  135  516
e  54  55  575
e  54  118  516
e  55  56  28
e  55  87  516
e  56  57  516
e  57  58  137
e  57  87  28
e  58  59  197
e  58  91  28
e  59  60  568
e  59  112  28
e  60  61  477
e  60  165  66
e  60  122  28
e  61  62  66
e  62  63  953
e  62  119  482
e  62  165  477
e  63  64  935
e  63  92  482
e  64  65  370
e  64  88  482
e  65  66  482
e  66  67  200
e  66  88  370
e  67  68  674
e  67  114  774
e  67  94  370
e  68  69  954
e  68  113  774
e  69  70  444
e  69  103  774
e  70  71  774
e  71  72  24
e  71  103  444
e  72  73  926
e  72  108  823
e  72  139  444
e  73  74  823
e  74  75  485
e  74  108  926
e  75  76  725
e  75  128  431
e  75  115  926
e  76  77  431
e  77  78  995
e  77  128  725
e  78  79  300
e  78  124  623
e  78  180  725
e  79  80  646
e  79  89  623
e  80  81  623
e  81  82  120
e  81  89  646
e  82  83  612
e  82  125  646
e  83  84  556
e  83  131  310
e  83  193  646
e  84  85  310
e  85  86  345
e  85  131  556
e  86  227  556
e  87  91  137
e  87  118  575
e  88  94  200
e  88  92  935
e  89  125  120
e  89  278  725
e  89  124  300
e  90  93  14
e  90  95  3
e  91  112  197
e  91  137  568
e  91  136  575
e  92  102  200
e  92  119  953
e  93  132  822
e  93  99  3
e  94  138  774
e  94  102  935
e  95  99  14
e  95  201  805
e  96  107  240
e  96  141  857
e  97  111  872
e  97  219  688
e  98  154  341
e  98  117  497
e  99  148  822
e  99  220  805
e  100  158  265
e  100  151  130
e  101  109  851
e  101  120  49
e  102  155  774
e  102  152  953
e  103  139  24
e  103  113  954
e  104  172  94
e  104  106  316
e  105  110  648
e  105  121  394
e  106  188  94
e  106  215  15
e  106  230  117
e  106  130  237
e  107  123  282
e  107  157  857
e  108  115  485
e  108  159  444
e  109  126  587
e  109  129  49
e  110  116  116
e  110  127  394
e  111  212  20
e  111  255  987
e  111  244  688
e  112  122  568
e  113  156  24
e  113  114  674
e  114  161  24
e  114  138  370
e  115  169  431
e  115  162  444
e  116  173  226
e  116  134  394
e  117  184  341
e  117  158  144
e  118  136  137
e  118  135  481
e  119  152  200
e  119  187  477
e  120  129  851
e  120  147  587
e  121  127  648
e  121  133  150
e  122  199  66
e  122  246  482
e  122  137  197
e  123  175  145
e  123  174  857
e  124  182  725
e  125  193  612
e  125  370  370
e  125  337  725
e  126  171  6
e  126  140  49
e  127  134  116
e  127  149  226
e  128  180  995
e  128  186  623
e  128  169  926
e  129  140  587
e  130  171  117
e  131  227  345
e  131  279  646
e  132  183  25
e  132  148  3
e  133  142  226
e  134  153  226
e  135  164  137
e  135  146  917
e  136  177  568
e  136  164  481
e  137  177  575
e  138  166  24
e  138  191  823
e  138  155  935
e  139  159  823
e  139  156  954
e  140  200  6
e  140  147  851
e  141  157  240
e  141  325  387
e  141  290  231
e  142  150  648
e  142  183  387
e  143  175  688
e  144  231  709
e  144  263  296
e  144  202  540
e  145  213  516
e  146  176  137
e  146  213  722
e  147  342  6
e  147  458  15
e  147  163  697
e  148  198  25
e  148  250  805
e  149  150  150
e  149  153  116
e  150  160  116
e  150  189  387
e  151  245  265
e  151  302  296
e  151  231  272
e  152  224  774
e  152  259  28
e  152  223  477
e  153  173  394
e  153  216  387
e  153  160  150
e  154  194  859
e  154  184  497
e  155  197  823
e  155  292  28
e  155  224  953
e  156  167  823
e  156  161  674
e  157  174  282
e  157  258  145
e  157  373  387
e  158  209  341
e  158  245  130
e  159  162  485
e  159  167  954
e  160  195  387
e  161  168  823
e  161  166  370
e  162  217  431
e  162  192  370
e  162  179  954
e  163  479  15
e  163  267  808
e  164  214  568
e  164  176  917
e  165  187  482
e  165  199  28
e  166  170  823
e  167  179  485
e  167  178  370
e  167  168  674
e  168  170  370
e  169  204  623
e  169  217  444
e  170  178  674
e  170  185  485
e  170  203  935
e  170  191  24
e  171  230  237
e  171  240  15
e  171  200  49
e  172  201  15
e  172  188  316
e  173  270  176
e  173  242  387
e  174  208  145
e  175  211  859
e  175  221  113
e  175  208  857
e  176  222  568
e  176  238  722
e  177  319  482
e  177  286  722
e  177  214  481
e  178  181  485
e  179  181  370
e  180  182  623
e  181  192  954
e  181  237  431
e  181  185  674
e  182  278  300
e  182  233  926
e  182  186  995
e  183  189  648
e  183  198  3
e  184  236  859
e  184  209  144
e  185  247  431
e  185  210  935
e  186  204  926
e  187  223  200
e  187  205  28
e  188  206  15
e  189  195  116
e  189  207  3
e  190  194  668
e  191  197  935
e  192  226  431
e  193  279  310
e  193  402  370
e  194  196  806
e  194  236  497
e  195  216  150
e  195  218  3
e  196  275  516
e  196  273  497
e  197  203  24
e  197  225  485
e  197  294  28
e  198  207  648
e  198  281  805
e  199  205  482
e  200  266  15
e  200  342  851
e  201  220  14
e  201  206  316
e  202  234  296
e  203  210  485
e  204  233  995
e  204  249  370
e  204  229  444
e  205  235  200
e  205  394  722
e  205  345  575
e  205  246  66
e  206  228  14
e  206  215  94
e  207  218  116
e  207  288  805
e  208  243  113
e  208  258  282
e  209  253  859
e  209  381  296
e  209  364  130
e  210  261  623
e  210  225  24
e  211  219  113
e  212  234  987
e  213  238  137
e  213  274  668
e  214  276  722
e  214  222  917
e  215  241  14
e  215  239  117
e  216  242  394
e  216  254  3
e  217  229  623
e  217  226  370
e  218  254  150
e  218  300  805
e  219  244  872
e  219  262  857
e  219  221  859
e  220  250  822
e  220  228  316
e  221  243  857
e  222  251  722
e  223  235  28
e  224  264  28
e  225  304  623
e  225  307  28
e  226  232  623
e  226  237  954
e  227  851  877
e  227  1247  370
e  227  591  646
e  228  256  822
e  228  269  117
e  228  241  94
e  229  232  370
e  230  239  15
e  231  272  296
e  232  249  444
e  232  287  995
e  232  248  954
e  233  299  300
e  233  277  370
e  234  263  540
e  234  284  709
e  234  255  20
e  235  259  477
e  235  265  774
e  235  414  722
e  236  273  806
e  236  253  144
e  237  248  623
e  237  247  674
e  238  251  568
e  238  301  668
e  239  257  14
e  239  240  237
e  240  268  14
e  240  266  49
e  241  257  117
e  242  297  176
e  242  326  623
e  242  296  3
e  243  262  859
e  243  291  872
e  243  424  387
e  243  363  282
e  244  308  987
e  244  271  857
e  245  364  341
e  245  314  296
e  246  318  575
e  247  252  623
e  248  336  995
e  248  321  935
e  248  252  674
e  249  277  995
e  250  281  25
e  250  256  316
e  251  276  917
e  251  303  668
e  252  260  935
e  253  285  806
e  253  339  516
e  253  400  296
e  254  296  394
e  254  410  623
e  254  387  805
e  255  329  709
e  255  308  688
e  256  283  25
e  256  280  117
e  257  269  94
e  257  282  822
e  257  268  237
e  258  363  113
e  258  378  387
e  259  264  774
e  260  261  431
e  260  321  674
e  260  369  995
e  260  348  28
e  261  335  28
e  261  304  24
e  262  271  872
e  263  272  709
e  264  292  953
e  264  298  823
e  264  265  477
e  265  320  823
e  265  422  623
e  265  449  722
e  266  289  14
e  266  409  851
e  267  579  15
e  267  341  195
e  268  305  822
e  268  289  49
e  269  280  822
e  270  297  387
e  271  327  987
e  271  291  859
e  272  302  272
e  272  333  265
e  272  284  540
e  273  285  144
e  274  275  126
e  274  301  137
e  274  317  568
e  275  344  568
e  275  315  144
e  276  286  481
e  276  366  668
e  277  322  300
e  277  287  444
e  278  337  120
e  278  299  926
e  279  591  345
e  279  494  370
e  280  295  25
e  280  282  94
e  281  288  648
e  281  283  316
e  282  311  25
e  282  305  237
e  283  293  648
e  283  295  117
e  284  392  265
e  284  380  688
e  284  329  20
e  285  316  516
e  286  338  482
e  286  382  668
e  287  350  300
e  287  396  935
e  287  336  954
e  288  300  116
e  288  293  316
e  289  310  822
e  289  437  25
e  290  312  387
e  291  391  987
e  291  457  387
e  292  294  823
e  293  306  116
e  293  309  117
e  294  307  485
e  294  298  953
e  295  309  648
e  295  311  94
e  296  358  623
e  297  313  623
e  298  334  485
e  298  320  477
e  299  322  370
e  300  387  150
e  300  386  117
e  300  306  316
e  301  303  568
e  302  314  265
e  303  366  917
e  303  411  482
e  303  360  144
e  303  317  137
e  304  323  28
e  305  330  25
e  305  310  49
e  306  324  117
e  307  323  623
e  307  334  953
e  308  354  709
e  308  327  857
e  309  324  116
e  309  332  94
e  310  331  25
e  311  332  648
e  311  343  49
e  311  330  237
e  312  313  226
e  312  325  231
e  313  328  231
e  313  326  176
e  314  374  341
e  314  432  688
e  314  333  272
e  315  316  497
e  315  355  568
e  316  359  568
e  316  339  806
e  317  357  144
e  317  344  126
e  318  319  197
e  318  345  66
e  319  367  66
e  319  338  722
e  320  340  485
e  320  368  623
e  321  349  995
e  322  352  120
e  322  350  444
e  323  335  24
e  323  395  431
e  323  346  477
e  324  386  316
e  324  403  150
e  324  385  49
e  324  361  94
e  325  373  240
e  325  328  226
e  326  362  231
e  326  358  3
e  327  379  709
e  327  391  859
e  328  390  145
e  328  362  176
e  329  354  688
e  330  331  49
e  331  343  237
e  331  356  648
e  331  545  851
e  331  437  822
e  332  361  116
e  332  353  49
e  333  405  688
e  333  392  540
e  334  340  477
e  335  348  431
e  336  349  935
e  337  351  370
e  338  372  66
e  338  384  668
e  339  406  568
e  339  420  296
e  340  347  623
e  341  758  15
e  341  1035  25
e  342  409  15
e  343  353  648
e  344  355  144
e  345  376  722
e  345  367  197
e  346  347  953
e  346  407  431
e  347  440  431
e  347  588  668
e  347  537  722
e  347  368  485
e  348  441  995
e  348  415  477
e  348  395  24
e  349  396  954
e  349  416  300
e  349  369  674
e  350  397  120
e  350  413  935
e  351  352  926
e  351  370  725
e  352  398  725
e  352  444  612
e  352  397  444
e  353  377  116
e  353  356  237
e  354  380  20
e  354  379  857
e  355  357  126
e  355  365  137
e  355  359  497
e  356  383  116
e  356  564  851
e  357  360  137
e  358  388  231
e  358  468  145
e  358  453  117
e  358  410  394
e  359  371  137
e  359  406  806
e  360  430  482
e  360  375  497
e  360  365  126
e  361  377  49
e  362  418  145
e  362  388  3
e  363  408  387
e  364  374  296
e  365  371  497
e  366  382  481
e  366  393  482
e  367  372  722
e  368  497  722
e  368  422  823
e  369  442  300
e  369  441  28
e  370  402  612
e  370  398  926
e  371  375  126
e  371  492  296
e  371  427  806
e  372  376  197
e  372  412  668
e  373  378  145
e  374  381  130
e  374  439  859
e  374  446  688
e  375  447  482
e  376  394  575
e  376  428  200
e  376  433  668
e  377  385  94
e  377  383  237
e  378  408  113
e  378  389  226
e  379  404  20
e  379  426  265
e  379  538  387
e  379  465  859
e  380  399  265
e  380  404  857
e  381  400  859
e  382  384  482
e  383  508  94
e  383  555  623
e  383  635  851
e  384  412  66
e  384  466  144
e  384  393  481
e  385  490  150
e  385  509  623
e  385  508  237
e  386  401  150
e  387  435  623
e  387  401  117
e  388  419  145
e  389  390  240
e  389  434  113
e  389  423  3
e  390  421  3
e  390  418  176
e  391  465  709
e  391  460  387
e  392  399  688
e  393  451  144
e  393  411  917
e  394  414  200
e  395  407  477
e  396  413  300
e  397  463  612
e  397  443  935
e  398  429  612
e  399  405  540
e  399  417  857
e  400  420  516
e  400  439  130
e  401  436  623
e  401  403  316
e  402  494  310
e  402  429  926
e  403  445  623
e  403  490  49
e  404  417  265
e  405  432  272
e  405  431  857
e  406  427  137
e  406  450  296
e  407  415  24
e  407  440  953
e  408  424  282
e  408  434  226
e  409  507  25
e  409  505  697
e  409  458  6
e  410  438  117
e  410  435  805
e  411  430  144
e  412  433  197
e  412  475  200
e  412  467  144
e  413  443  120
e  413  416  954
e  414  449  774
e  414  462  668
e  414  428  575
e  415  651  995
e  415  717  668
e  415  528  953
e  416  452  120
e  416  442  674
e  417  431  540
e  417  517  341
e  417  426  20
e  418  419  3
e  419  421  176
e  419  425  240
e  419  482  117
e  419  468  231
e  420  450  568
e  420  491  688
e  420  455  130
e  421  423  240
e  422  477  722
e  423  456  113
e  423  425  176
e  424  457  872
e  424  470  987
e  424  485  226
e  425  469  113
e  425  501  117
e  426  547  341
e  426  558  516
e  426  549  387
e  427  464  296
e  428  448  668
e  429  590  310
e  429  531  444
e  429  444  725
e  430  451  917
e  430  447  497
e  431  454  272
e  431  471  341
e  432  446  341
e  432  454  857
e  433  448  200
e  434  485  282
e  434  456  3
e  435  436  117
e  436  438  805
e  436  459  394
e  436  445  316
e  437  506  851
e  438  453  394
e  439  455  516
e  440  528  24
e  440  594  668
e  441  478  300
e  441  651  477
e  442  481  120
e  442  478  28
e  443  530  612
e  443  452  954
e  444  463  444
e  445  484  394
e  445  510  145
e  445  499  49
e  446  473  516
e  446  461  857
e  447  486  917
e  447  523  66
e  447  521  296
e  448  462  575
e  448  487  774
e  448  541  144
e  448  475  197
e  449  477  623
e  449  476  668
e  450  464  137
e  450  504  688
e  451  466  481
e  451  474  66
e  451  486  497
e  452  548  612
e  452  529  28
e  452  481  674
e  453  480  145
e  453  459  805
e  454  461  341
e  455  472  688
e  456  515  987
e  456  469  176
e  457  460  987
e  458  479  697
e  459  488  145
e  459  484  316
e  460  503  709
e  460  516  226
e  460  470  872
e  461  483  516
e  461  471  272
e  462  476  774
e  463  531  725
e  463  652  28
e  463  530  935
e  464  492  806
e  464  539  482
e  464  532  688
e  465  503  387
e  466  467  66
e  467  525  200
e  467  524  497
e  467  474  481
e  468  480  117
e  469  546  987
e  469  513  117
e  470  502  226
e  471  518  516
e  471  517  540
e  472  473  859
e  472  491  130
e  472  489  857
e  473  483  857
e  474  496  497
e  475  525  144
e  476  493  623
e  476  487  575
e  477  497  823
e  477  493  668
e  478  498  120
e  478  723  477
e  479  505  6
e  479  633  25
e  479  579  808
e  480  482  231
e  480  488  805
e  481  498  28
e  482  501  240
e  482  495  805
e  483  489  859
e  483  518  272
e  484  500  145
e  485  502  987
e  486  496  66
e  487  526  623
e  487  543  144
e  488  495  231
e  488  500  316
e  489  520  568
e  489  559  272
e  490  499  623
e  491  504  568
e  492  522  482
e  493  527  823
e  493  526  575
e  494  902  345
e  494  765  28
e  494  590  926
e  495  512  240
e  495  511  316
e  496  524  481
e  496  612  200
e  496  586  296
e  496  523  917
e  497  537  485
e  497  527  668
e  498  529  674
e  498  589  612
e  498  733  477
e  499  556  145
e  499  580  237
e  499  509  150
e  500  511  231
e  500  510  394
e  501  513  113
e  501  512  805
e  502  516  872
e  502  514  3
e  503  538  859
e  503  567  265
e  503  562  226
e  504  532  137
e  504  519  857
e  505  599  25
e  506  507  14
e  506  545  822
e  506  634  648
e  506  669  697
e  507  599  697
e  508  551  623
e  509  551  237
e  510  581  231
e  510  556  49
e  511  534  240
e  511  582  113
e  511  581  394
e  512  533  113
e  512  534  316
e  513  557  987
e  513  533  805
e  514  515  282
e  514  535  872
e  514  576  117
e  515  565  117
e  515  546  176
e  516  562  709
e  516  535  3
e  517  536  516
e  517  547  20
e  518  559  859
e  518  536  540
e  519  520  130
e  519  540  137
e  520  568  137
e  520  575  272
e  521  522  126
e  521  570  66
e  521  605  688
e  522  597  688
e  522  539  806
e  523  570  296
e  524  553  200
e  525  541  197
e  525  560  774
e  525  571  623
e  525  553  497
e  526  574  823
e  526  550  144
e  527  544  485
e  527  621  144
e  527  574  575
e  528  667  668
e  529  554  612
e  530  561  28
e  530  548  954
e  531  622  310
e  531  665  28
e  532  569  482
e  532  540  857
e  533  572  987
e  533  542  316
e  534  542  113
e  535  566  709
e  535  577  117
e  536  585  859
e  536  611  568
e  536  552  20
e  537  544  668
e  538  549  265
e  539  569  688
e  540  573  482
e  540  568  130
e  541  543  774
e  542  583  987
e  542  604  49
e  542  582  240
e  543  550  623
e  543  560  197
e  544  588  722
e  544  598  431
e  544  650  144
e  545  564  648
e  546  557  117
e  547  552  516
e  548  554  28
e  549  592  516
e  549  567  859
e  550  593  823
e  550  620  497
e  550  563  197
e  551  580  150
e  551  555  94
e  552  614  568
e  552  606  387
e  552  558  341
e  553  578  623
e  553  616  296
e  553  612  481
e  554  561  954
e  554  776  310
e  554  589  674
e  555  607  150
e  555  661  145
e  555  923  851
e  556  595  231
e  556  608  113
e  556  626  237
e  557  565  176
e  557  602  872
e  557  572  805
e  558  592  387
e  559  575  568
e  559  585  540
e  560  563  623
e  561  652  935
e  561  683  310
e  562  628  265
e  562  566  3
e  563  587  497
e  563  571  774
e  564  635  116
e  564  691  697
e  564  634  822
e  565  576  282
e  565  584  872
e  566  629  265
e  566  603  117
e  567  643  516
e  567  642  3
e  567  628  226
e  568  645  482
e  568  663  387
e  568  658  272
e  569  597  806
e  569  573  857
e  570  586  917
e  570  632  688
e  571  578  497
e  572  617  872
e  572  583  316
e  573  615  806
e  573  646  126
e  573  698  66
e  573  728  387
e  573  645  130
e  574  593  144
e  575  658  137
e  575  654  387
e  575  596  540
e  576  577  872
e  577  603  709
e  577  610  176
e  577  584  282
e  578  587  774
e  578  624  296
e  579  689  25
e  579  758  195
e  580  626  145
e  580  607  94
e  581  595  49
e  582  600  49
e  583  639  872
e  583  670  709
e  583  638  49
e  584  602  176
e  585  596  568
e  586  613  200
e  587  620  197
e  587  649  296
e  588  594  431
e  589  849  310
e  589  988  668
e  589  848  477
e  590  747  28
e  590  622  444
e  591  902  370
e  592  606  341
e  592  643  859
e  593  621  575
e  593  664  485
e  593  655  497
e  594  667  24
e  594  598  722
e  595  601  113
e  596  644  387
e  596  618  20
e  596  611  859
e  597  605  126
e  597  615  857
e  598  703  24
e  598  702  144
e  599  669  14
e  599  690  648
e  599  633  6
e  600  601  394
e  600  604  240
e  601  609  240
e  601  608  231
e  602  610  282
e  602  617  805
e  603  657  265
e  603  641  805
e  603  627  176
e  604  638  987
e  604  609  394
e  605  632  66
e  605  619  857
e  606  625  568
e  607  636  145
e  608  637  240
e  608  718  987
e  608  687  237
e  609  666  987
e  609  637  231
e  610  627  709
e  610  623  805
e  611  614  20
e  612  613  296
e  613  616  481
e  613  648  623
e  614  618  859
e  614  625  387
e  615  619  126
e  616  624  623
e  617  623  282
e  617  640  709
e  617  639  316
e  618  631  387
e  619  647  66
e  619  646  806
e  620  655  823
e  620  678  296
e  621  650  485
e  622  668  28
e  623  630  709
e  624  649  774
e  624  648  481
e  625  631  859
e  625  695  3
e  626  687  113
e  626  636  94
e  627  630  805
e  628  629  3
e  629  642  226
e  629  662  516
e  629  657  117
e  630  641  176
e  630  656  316
e  630  640  282
e  631  644  20
e  631  686  137
e  631  729  3
e  632  674  623
e  632  647  857
e  633  759  648
e  633  689  808
e  634  680  697
e  635  923  623
e  635  781  697
e  636  711  113
e  636  661  150
e  637  692  987
e  638  693  709
e  638  666  394
e  639  653  709
e  640  653  316
e  641  688  265
e  641  694  316
e  642  659  516
e  643  659  3
e  644  654  540
e  644  671  137
e  645  684  387
e  646  681  66
e  647  677  623
e  647  681  806
e  648  672  688
e  649  678  197
e  649  701  823
e  649  699  688
e  650  702  431
e  650  763  296
e  650  664  575
e  651  723  300
e  651  807  668
e  652  665  725
e  652  675  310
e  653  656  282
e  653  707  49
e  653  670  872
e  654  660  137
e  655  714  485
e  655  685  296
e  656  694  176
e  656  719  265
e  656  736  49
e  657  676  516
e  657  688  805
e  658  660  387
e  659  697  568
e  659  662  226
e  660  663  272
e  660  713  482
e  660  671  540
e  661  782  113
e  661  822  987
e  661  1000  851
e  662  705  568
e  662  676  117
e  663  684  482
e  664  714  497
e  665  668  310
e  666  768  709
e  666  738  237
e  666  692  231
e  667  717  953
e  667  703  722
e  668  747  444
e  668  850  926
e  668  704  935
e  668  675  725
e  669  680  648
e  670  693  49
e  671  722  482
e  671  686  20
e  672  673  917
e  672  700  774
e  672  682  857
e  673  674  200
e  673  679  857
e  674  677  857
e  675  683  935
e  676  710  568
e  676  712  805
e  677  679  200
e  677  743  806
e  678  685  823
e  679  682  917
e  679  762  774
e  679  791  387
e  680  691  822
e  680  690  14
e  681  743  623
e  681  698  126
e  682  706  774
e  683  704  725
e  683  776  954
e  684  728  130
e  684  798  66
e  684  794  117
e  684  713  272
e  685  730  485
e  685  752  688
e  685  701  197
e  686  727  482
e  686  746  117
e  686  740  3
e  687  724  987
e  687  711  94
e  688  712  516
e  688  716  316
e  689  787  648
e  689  818  195
e  690  759  6
e  691  781  116
e  691  819  808
e  692  725  237
e  692  718  240
e  693  707  872
e  693  768  394
e  694  716  265
e  695  696  859
e  695  729  859
e  695  720  117
e  696  697  341
e  696  708  226
e  697  705  226
e  698  761  623
e  698  748  387
e  699  700  481
e  699  737  823
e  699  709  857
e  700  706  857
e  701  737  688
e  702  804  24
e  702  770  296
e  703  775  953
e  703  804  144
e  704  1163  926
e  704  1417  857
e  704  1273  668
e  704  1162  954
e  705  708  341
e  705  710  117
e  706  709  481
e  706  812  387
e  706  762  917
e  707  736  282
e  707  779  516
e  708  715  117
e  709  741  823
e  710  715  341
e  710  739  805
e  711  734  987
e  711  782  150
e  712  739  568
e  712  726  316
e  713  790  117
e  713  722  540
e  714  730  296
e  715  721  859
e  715  745  859
e  715  749  805
e  716  726  516
e  716  719  176
e  717  807  995
e  717  775  722
e  718  724  237
e  719  731  516
e  719  755  49
e  720  721  226
e  720  732  859
e  721  735  859
e  722  785  117
e  722  727  20
e  723  733  120
e  724  725  240
e  724  734  94
e  725  738  231
e  725  744  94
e  726  753  568
e  726  731  176
e  727  751  117
e  728  748  66
e  729  740  137
e  729  732  117
e  730  764  575
e  730  784  431
e  730  778  688
e  731  771  568
e  731  756  49
e  732  742  137
e  732  735  226
e  733  848  612
e  733  846  668
e  734  744  240
e  734  899  709
e  734  799  150
e  735  750  137
e  735  745  859
e  736  755  265
e  736  760  516
e  737  752  197
e  737  741  857
e  738  793  709
e  738  783  94
e  739  749  341
e  739  753  316
e  740  742  117
e  741  757  197
e  741  843  485
e  741  841  387
e  742  746  3
e  742  754  482
e  742  750  226
e  743  769  387
e  743  761  126
e  744  783  231
e  744  823  709
e  745  773  137
e  745  777  805
e  746  751  482
e  747  765  926
e  748  767  623
e  748  798  130
e  749  777  859
e  749  772  316
e  750  766  482
e  750  773  859
e  751  785  20
e  751  754  3
e  752  778  485
e  752  757  857
e  753  772  341
e  753  771  176
e  754  801  20
e  754  766  226
e  755  756  516
e  756  795  568
e  756  788  282
e  756  760  265
e  757  780  485
e  758  818  25
e  759  787  808
e  760  779  282
e  761  767  387
e  762  806  387
e  763  764  497
e  763  770  431
e  764  774  431
e  765  1095  345
e  765  1457  117
e  765  850  444
e  766  835  272
e  766  860  623
e  766  800  805
e  766  789  859
e  767  769  126
e  767  839  200
e  767  838  117
e  767  810  130
e  768  793  237
e  769  792  200
e  770  861  24
e  770  885  857
e  770  774  497
e  771  808  341
e  771  795  49
e  772  797  859
e  772  808  176
e  773  789  482
e  773  786  805
e  774  844  857
e  774  784  575
e  775  882  995
e  775  881  144
e  776  1162  725
e  776  1193  668
e  776  849  674
e  777  786  137
e  777  797  316
e  778  814  431
e  778  780  857
e  779  788  265
e  779  824  237
e  780  815  431
e  780  880  387
e  780  843  197
e  781  1092  623
e  781  889  808
e  782  799  987
e  783  811  709
e  784  814  688
e  785  790  540
e  785  801  3
e  786  796  482
e  786  802  316
e  787  821  822
e  787  962  195
e  788  827  568
e  788  857  237
e  789  796  805
e  790  794  272
e  790  803  3
e  791  792  806
e  791  806  774
e  792  840  774
e  792  855  117
e  792  839  126
e  793  826  516
e  793  811  94
e  794  816  66
e  794  805  3
e  795  813  341
e  795  890  482
e  795  827  282
e  796  800  859
e  796  809  316
e  797  802  137
e  798  810  623
e  798  816  117
e  799  914  709
e  799  1001  516
e  799  1074  851
e  799  822  113
e  800  862  623
e  800  832  316
e  801  803  540
e  802  809  482
e  803  805  272
e  804  881  953
e  804  861  296
e  805  837  623
e  805  833  226
e  806  812  917
e  806  879  117
e  806  840  806
e  807  847  120
e  807  882  722
e  808  813  49
e  809  832  859
e  809  903  623
e  809  828  49
e  810  817  117
e  811  854  516
e  811  823  231
e  812  842  823
e  812  891  117
e  813  831  482
e  814  815  857
e  815  845  575
e  815  906  387
e  816  817  623
e  817  838  130
e  817  836  3
e  818  962  648
e  818  1516  516
e  818  1035  15
e  819  820  6
e  819  889  116
e  820  821  14
e  820  922  116
e  821  1036  116
e  821  1099  195
e  822  1028  851
e  823  894  516
e  823  899  240
e  824  825  394
e  824  857  265
e  825  826  872
e  825  870  265
e  825  874  94
e  826  854  94
e  827  919  482
e  827  872  237
e  828  829  176
e  828  907  623
e  829  830  859
e  829  932  623
e  829  967  237
e  830  831  137
e  830  942  237
e  831  941  237
e  831  890  341
e  832  878  623
e  833  834  20
e  833  853  623
e  834  835  540
e  834  858  623
e  835  859  623
e  836  837  66
e  836  867  130
e  836  877  200
e  836  856  226
e  837  853  226
e  838  852  200
e  838  867  3
e  839  852  117
e  840  864  117
e  841  842  481
e  841  869  485
e  841  913  117
e  842  896  117
e  843  869  387
e  844  845  688
e  844  885  497
e  845  892  497
e  845  930  24
e  845  969  387
e  846  847  300
e  846  897  612
e  846  931  722
e  847  918  722
e  848  897  668
e  849  1046  668
e  850  1451  117
e  850  1163  935
e  851  1499  370
e  852  855  126
e  852  873  3
e  853  856  66
e  853  866  805
e  853  858  20
e  854  874  872
e  854  915  568
e  854  894  231
e  855  864  774
e  855  884  3
e  856  898  200
e  856  868  805
e  857  872  568
e  857  870  394
e  858  865  805
e  858  859  540
e  859  863  805
e  859  860  272
e  860  862  805
e  861  940  953
e  861  908  857
e  862  863  272
e  862  876  66
e  862  878  316
e  863  865  540
e  863  875  66
e  864  879  806
e  864  888  3
e  865  866  20
e  865  871  66
e  866  868  66
e  867  873  200
e  868  905  200
e  868  904  316
e  868  871  20
e  869  880  197
e  869  936  117
e  870  883  568
e  870  887  94
e  871  900  316
e  871  875  540
e  872  925  482
e  872  946  94
e  872  883  394
e  873  884  126
e  873  901  774
e  873  877  130
e  874  887  265
e  874  909  568
e  875  895  316
e  875  876  272
e  876  886  316
e  877  898  226
e  878  886  66
e  878  910  49
e  878  903  859
e  879  891  917
e  879  911  823
e  879  929  3
e  880  906  431
e  880  957  117
e  881  952  995
e  881  940  296
e  882  918  120
e  882  952  144
e  883  893  94
e  884  888  774
e  885  908  24
e  885  892  688
e  886  895  272
e  886  920  49
e  887  893  568
e  888  929  806
e  888  938  823
e  888  951  805
e  888  928  226
e  888  901  126
e  889  1185  623
e  889  1209  987
e  889  1262  516
e  889  922  6
e  890  937  237
e  890  919  282
e  891  896  823
e  892  912  24
e  893  946  394
e  893  954  482
e  893  924  872
e  893  909  265
e  894  963  568
e  894  944  150
e  895  900  540
e  895  956  200
e  895  955  49
e  896  913  481
e  896  939  3
e  896  911  917
e  897  988  477
e  897  1087  310
e  897  1113  296
e  897  1012  722
e  898  917  774
e  898  905  805
e  899  914  150
e  900  904  20
e  900  949  200
e  901  916  226
e  902  1247  646
e  902  1095  28
e  903  907  49
e  904  926  200
e  905  921  774
e  905  926  316
e  906  969  575
e  906  970  117
e  907  910  859
e  907  935  66
e  907  932  176
e  908  985  953
e  908  912  688
e  909  915  872
e  910  920  66
e  911  933  3
e  912  989  953
e  912  1065  387
e  912  930  497
e  913  936  485
e  913  968  3
e  914  945  516
e  915  924  265
e  915  963  231
e  916  917  130
e  916  928  126
e  916  927  805
e  917  921  805
e  918  931  300
e  918  973  144
e  919  925  237
e  920  955  272
e  920  971  200
e  920  935  859
e  921  927  130
e  921  950  126
e  921  943  316
e  922  1276  516
e  922  1141  195
e  922  1036  14
e  923  1000  145
e  923  1073  987
e  923  1092  697
e  924  1025  482
e  924  992  231
e  925  937  282
e  925  948  137
e  925  953  94
e  926  943  774
e  926  972  49
e  926  949  20
e  927  934  126
e  928  934  805
e  929  933  823
e  930  1010  387
e  931  1012  612
e  931  987  144
e  932  958  66
e  932  1004  237
e  933  939  917
e  933  974  805
e  933  938  806
e  934  951  226
e  934  966  823
e  934  965  316
e  934  950  130
e  935  995  200
e  935  958  176
e  936  957  197
e  936  1009  431
e  936  977  3
e  937  941  341
e  938  961  805
e  939  968  481
e  939  976  805
e  940  986  995
e  940  985  857
e  941  942  137
e  942  967  859
e  942  947  282
e  943  959  126
e  943  978  49
e  944  945  240
e  944  1002  568
e  945  1024  568
e  945  1115  851
e  945  1001  709
e  946  953  482
e  947  948  341
e  947  993  859
e  947  980  94
e  948  975  94
e  949  964  49
e  949  956  540
e  950  959  316
e  951  961  823
e  952  973  120
e  952  986  296
e  953  975  137
e  953  954  394
e  954  979  137
e  954  1076  231
e  954  1025  872
e  955  960  200
e  956  960  49
e  957  970  431
e  958  1013  200
e  958  1048  237
e  959  965  130
e  959  1006  823
e  959  996  49
e  960  964  540
e  960  991  774
e  960  971  272
e  961  974  806
e  961  966  226
e  962  1099  822
e  962  1140  116
e  962  1401  516
e  963  992  265
e  963  1002  150
e  964  972  20
e  964  981  774
e  965  982  823
e  966  984  917
e  966  982  316
e  967  1004  623
e  967  1017  94
e  967  993  282
e  968  977  485
e  968  998  805
e  969  1010  24
e  969  1043  117
e  970  1043  575
e  970  1021  3
e  970  1009  197
e  971  1005  774
e  971  995  859
e  972  978  774
e  973  987  300
e  973  994  296
e  974  976  917
e  975  980  341
e  975  979  394
e  976  998  481
e  976  1008  485
e  976  983  226
e  977  1020  431
e  977  999  805
e  978  996  126
e  978  1040  823
e  978  981  20
e  979  990  341
e  979  1100  623
e  979  1090  231
e  980  1003  859
e  980  990  394
e  981  1052  823
e  981  991  540
e  982  997  917
e  982  1018  49
e  982  1006  130
e  983  984  806
e  983  1016  485
e  983  1007  316
e  984  997  316
e  985  1014  995
e  985  989  688
e  986  994  120
e  986  1014  857
e  987  1045  612
e  987  1011  296
e  988  1046  310
e  989  1022  995
e  989  1070  387
e  990  1026  859
e  990  1067  623
e  991  1063  823
e  991  1056  176
e  991  1005  272
e  992  1037  482
e  992  1054  150
e  993  1003  94
e  994  1011  300
e  994  1023  857
e  995  1029  774
e  995  1013  176
e  996  1015  823
e  997  1007  806
e  997  1041  49
e  998  999  485
e  999  1042  431
e  999  1019  226
e  999  1008  481
e  1000  1028  987
e  1001  1089  851
e  1002  1054  265
e  1002  1075  482
e  1002  1024  240
e  1003  1017  282
e  1003  1038  623
e  1003  1026  394
e  1004  1048  66
e  1004  1034  94
e  1005  1039  176
e  1005  1029  859
e  1006  1015  49
e  1007  1027  485
e  1007  1050  49
e  1008  1016  226
e  1009  1020  3
e  1010  1065  497
e  1010  1084  953
e  1010  1059  117
e  1011  1051  612
e  1011  1033  857
e  1012  1086  296
e  1012  1045  144
e  1013  1030  774
e  1013  1078  237
e  1014  1023  120
e  1014  1022  688
e  1015  1018  130
e  1015  1103  485
e  1015  1111  176
e  1015  1064  20
e  1015  1040  126
e  1016  1019  481
e  1016  1027  316
e  1017  1034  623
e  1018  1041  917
e  1019  1055  431
e  1019  1031  316
e  1020  1021  197
e  1020  1042  805
e  1021  1119  575
e  1021  1049  805
e  1022  1032  120
e  1022  1085  387
e  1023  1033  300
e  1023  1032  688
e  1024  1098  482
e  1024  1126  851
e  1025  1037  231
e  1026  1047  623
e  1027  1031  481
e  1027  1053  49
e  1028  1074  113
e  1028  1093  516
e  1028  1142  697
e  1028  1073  145
e  1029  1030  176
e  1030  1039  859
e  1030  1080  823
e  1030  1096  237
e  1031  1058  431
e  1031  1060  49
e  1032  1044  300
e  1032  1088  387
e  1033  1061  612
e  1033  1044  688
e  1034  1072  66
e  1034  1077  394
e  1034  1038  282
e  1035  1529  516
e  1035  1335  587
e  1036  1108  195
e  1037  1076  872
e  1037  1094  137
e  1037  1062  150
e  1038  1047  394
e  1039  1056  272
e  1040  1052  20
e  1041  1050  806
e  1041  1057  485
e  1042  1049  197
e  1042  1055  226
e  1043  1059  24
e  1043  1119  3
e  1044  1071  612
e  1044  1097  387
e  1045  1051  296
e  1046  1193  674
e  1046  1202  857
e  1046  1087  477
e  1047  1077  282
e  1047  1110  66
e  1047  1188  231
e  1047  1067  859
e  1048  1078  200
e  1048  1072  94
e  1049  1137  575
e  1049  1154  24
e  1049  1083  316
e  1049  1066  226
e  1050  1053  485
e  1051  1086  144
e  1051  1061  857
e  1052  1064  126
e  1052  1081  176
e  1052  1063  540
e  1053  1060  481
e  1053  1057  806
e  1054  1062  482
e  1055  1066  197
e  1055  1058  316
e  1056  1068  823
e  1057  1153  431
e  1057  1151  176
e  1057  1102  130
e  1058  1069  197
e  1058  1082  49
e  1059  1117  953
e  1059  1156  120
e  1059  1127  3
e  1060  1082  431
e  1061  1112  144
e  1061  1071  688
e  1062  1116  137
e  1062  1109  240
e  1062  1075  265
e  1063  1068  176
e  1064  1091  176
e  1065  1070  953
e  1066  1069  316
e  1067  1145  231
e  1067  1100  341
e  1068  1081  540
e  1068  1101  126
e  1068  1079  859
e  1069  1083  226
e  1069  1190  24
e  1069  1104  49
e  1070  1085  995
e  1070  1084  497
e  1071  1159  722
e  1071  1184  310
e  1071  1120  387
e  1072  1114  200
e  1072  1106  394
e  1073  1133  697
e  1074  1089  516
e  1075  1098  240
e  1076  1090  137
e  1077  1106  66
e  1078  1096  774
e  1078  1114  94
e  1079  1080  272
e  1079  1118  126
e  1080  1147  126
e  1080  1130  237
e  1081  1091  126
e  1082  1104  197
e  1082  1183  176
e  1082  1152  806
e  1083  1166  24
e  1084  1105  995
e  1084  1117  117
e  1085  1088  120
e  1085  1105  497
e  1086  1113  722
e  1086  1112  857
e  1087  1160  857
e  1088  1097  300
e  1088  1107  497
e  1089  1115  709
e  1089  1143  568
e  1089  1093  113
e  1090  1123  623
e  1090  1094  872
e  1091  1111  20
e  1091  1131  485
e  1091  1101  540
e  1092  1133  987
e  1092  1185  808
e  1093  1187  568
e  1093  1167  697
e  1094  1135  623
e  1094  1116  150
e  1095  1395  646
e  1095  1461  117
e  1096  1130  823
e  1096  1128  94
e  1097  1120  612
e  1097  1136  117
e  1097  1129  497
e  1098  1109  265
e  1098  1164  851
e  1099  1108  116
e  1100  1123  231
e  1101  1118  859
e  1102  1103  917
e  1102  1134  176
e  1103  1124  176
e  1104  1192  24
e  1104  1243  176
e  1105  1107  120
e  1105  1121  117
e  1106  1146  200
e  1106  1110  282
e  1107  1129  300
e  1107  1122  117
e  1108  1141  14
e  1108  1353  516
e  1108  1140  822
e  1109  1179  137
e  1109  1197  623
e  1109  1212  851
e  1110  1173  200
e  1110  1240  231
e  1111  1124  485
e  1112  1125  722
e  1113  1125  857
e  1114  1128  774
e  1114  1146  394
e  1115  1126  568
e  1116  1138  623
e  1116  1179  240
e  1117  1121  995
e  1118  1149  485
e  1118  1176  237
e  1118  1147  272
e  1119  1127  24
e  1119  1137  805
e  1120  1203  310
e  1120  1157  117
e  1121  1122  120
e  1122  1132  300
e  1122  1222  3
e  1122  1155  953
e  1123  1145  341
e  1123  1144  150
e  1123  1135  872
e  1124  1134  917
e  1124  1131  20
e  1125  1161  310
e  1125  1158  688
e  1126  1164  482
e  1126  1237  697
e  1126  1143  709
e  1127  1207  120
e  1127  1139  805
e  1128  1165  823
e  1128  1170  394
e  1129  1132  117
e  1130  1172  126
e  1130  1198  485
e  1130  1165  94
e  1131  1150  917
e  1131  1148  859
e  1132  1136  497
e  1132  1177  612
e  1132  1225  3
e  1133  1142  145
e  1133  1186  516
e  1133  1194  808
e  1134  1151  130
e  1134  1182  431
e  1134  1150  20
e  1135  1138  150
e  1136  1157  612
e  1137  1139  24
e  1138  1144  872
e  1138  1213  341
e  1138  1291  851
e  1138  1191  240
e  1139  1217  120
e  1139  1171  316
e  1139  1154  575
e  1140  1383  516
e  1141  1306  516
e  1142  1167  516
e  1143  1187  113
e  1144  1180  341
e  1145  1188  859
e  1145  1180  150
e  1146  1170  774
e  1146  1173  282
e  1147  1172  237
e  1148  1149  540
e  1148  1189  917
e  1149  1199  917
e  1149  1178  237
e  1150  1200  431
e  1150  1189  859
e  1151  1168  431
e  1152  1153  481
e  1152  1174  176
e  1153  1168  176
e  1154  1166  316
e  1155  1156  995
e  1155  1208  3
e  1156  1207  3
e  1157  1232  310
e  1157  1310  805
e  1157  1177  497
e  1158  1159  144
e  1158  1169  310
e  1159  1175  310
e  1160  1161  296
e  1160  1202  477
e  1161  1218  477
e  1161  1169  688
e  1162  1255  668
e  1163  1430  117
e  1164  1212  265
e  1164  1239  623
e  1164  1253  697
e  1165  1224  485
e  1165  1221  394
e  1166  1171  575
e  1166  1190  226
e  1167  1211  568
e  1167  1236  808
e  1167  1186  145
e  1168  1174  481
e  1168  1182  130
e  1169  1231  477
e  1169  1246  387
e  1169  1175  144
e  1170  1221  823
e  1170  1195  282
e  1171  1244  120
e  1171  1216  49
e  1171  1196  226
e  1172  1176  272
e  1172  1181  485
e  1173  1195  774
e  1173  1293  150
e  1174  1183  806
e  1174  1251  237
e  1174  1215  130
e  1175  1223  387
e  1175  1184  722
e  1176  1178  485
e  1177  1301  805
e  1177  1249  3
e  1178  1204  917
e  1178  1181  272
e  1179  1191  623
e  1180  1205  859
e  1180  1213  872
e  1181  1233  94
e  1181  1198  126
e  1182  1215  481
e  1182  1200  20
e  1183  1243  197
e  1183  1258  237
e  1184  1203  387
e  1185  1194  987
e  1186  1210  808
e  1187  1211  697
e  1188  1240  66
e  1188  1205  150
e  1189  1214  431
e  1189  1206  237
e  1189  1199  540
e  1190  1196  575
e  1190  1192  49
e  1191  1234  851
e  1191  1197  137
e  1192  1201  575
e  1192  1347  176
e  1193  1255  725
e  1193  1304  857
e  1194  1210  516
e  1194  1209  623
e  1195  1257  823
e  1195  1307  150
e  1196  1201  49
e  1197  1226  851
e  1198  1224  94
e  1199  1204  237
e  1200  1227  237
e  1200  1214  859
e  1201  1216  226
e  1201  1271  120
e  1201  1404  176
e  1202  1304  674
e  1202  1303  688
e  1202  1218  296
e  1203  1223  722
e  1203  1232  117
e  1204  1206  540
e  1204  1229  431
e  1205  1250  66
e  1205  1264  872
e  1206  1219  431
e  1207  1208  995
e  1207  1217  805
e  1208  1222  953
e  1208  1220  805
e  1209  1235  516
e  1210  1236  145
e  1210  1277  568
e  1210  1235  623
e  1211  1238  709
e  1211  1272  482
e  1211  1259  808
e  1212  1226  623
e  1213  1264  859
e  1213  1308  851
e  1214  1219  237
e  1215  1241  237
e  1216  1261  120
e  1217  1220  995
e  1217  1244  316
e  1218  1231  688
e  1219  1227  859
e  1219  1254  481
e  1219  1229  540
e  1220  1228  953
e  1220  1245  300
e  1220  1248  316
e  1221  1282  485
e  1221  1257  282
e  1222  1225  300
e  1222  1228  805
e  1223  1246  144
e  1223  1268  117
e  1224  1233  126
e  1224  1321  431
e  1224  1282  394
e  1225  1249  612
e  1225  1230  805
e  1226  1234  137
e  1226  1239  265
e  1227  1242  481
e  1228  1230  300
e  1229  1265  94
e  1230  1252  612
e  1230  1260  316
e  1230  1245  953
e  1231  1303  296
e  1231  1269  387
e  1232  1268  722
e  1232  1415  477
e  1232  1326  805
e  1233  1267  431
e  1234  1291  240
e  1234  1319  341
e  1234  1376  66
e  1234  1337  697
e  1234  1290  265
e  1235  1311  568
e  1235  1280  6
e  1235  1262  987
e  1236  1259  568
e  1237  1238  113
e  1237  1253  482
e  1238  1263  482
e  1239  1290  137
e  1239  1289  697
e  1240  1250  150
e  1241  1242  20
e  1241  1251  130
e  1242  1254  859
e  1243  1347  24
e  1243  1283  237
e  1244  1248  995
e  1244  1261  49
e  1245  1256  316
e  1246  1269  477
e  1246  1281  117
e  1247  1499  877
e  1247  1395  28
e  1248  1256  300
e  1248  1270  49
e  1249  1252  805
e  1250  1294  200
e  1250  1360  851
e  1250  1292  872
e  1251  1258  806
e  1252  1301  3
e  1252  1313  497
e  1252  1349  310
e  1252  1275  316
e  1253  1289  623
e  1253  1312  808
e  1253  1263  113
e  1254  1299  806
e  1254  1295  94
e  1255  1273  954
e  1255  1316  857
e  1256  1260  953
e  1256  1274  49
e  1257  1339  485
e  1257  1359  150
e  1258  1283  197
e  1258  1297  859
e  1259  1286  482
e  1259  1277  145
e  1260  1275  612
e  1260  1279  49
e  1261  1270  995
e  1261  1271  226
e  1262  1276  6
e  1263  1288  808
e  1263  1272  709
e  1264  1292  66
e  1264  1315  851
e  1265  1266  272
e  1265  1296  481
e  1266  1267  917
e  1266  1379  481
e  1266  1364  394
e  1267  1331  394
e  1267  1321  126
e  1268  1281  144
e  1268  1302  477
e  1269  1323  296
e  1269  1334  674
e  1269  1285  117
e  1270  1274  300
e  1270  1278  226
e  1271  1278  995
e  1271  1406  176
e  1272  1286  808
e  1273  1344  857
e  1274  1279  953
e  1274  1284  226
e  1275  1358  310
e  1275  1287  49
e  1276  1280  987
e  1276  1306  195
e  1277  1330  482
e  1277  1318  6
e  1277  1311  623
e  1278  1284  300
e  1278  1423  176
e  1279  1287  612
e  1279  1300  226
e  1280  1314  568
e  1280  1317  195
e  1281  1285  477
e  1282  1328  431
e  1282  1339  282
e  1283  1370  24
e  1283  1356  94
e  1283  1341  859
e  1284  1300  953
e  1284  1342  612
e  1284  1432  176
e  1285  1345  674
e  1285  1302  144
e  1286  1288  709
e  1286  1374  623
e  1286  1373  6
e  1286  1330  145
e  1287  1371  310
e  1287  1305  226
e  1288  1312  113
e  1288  1336  623
e  1289  1327  137
e  1289  1325  808
e  1290  1327  697
e  1291  1308  341
e  1292  1320  851
e  1293  1294  231
e  1293  1307  774
e  1294  1309  774
e  1294  1369  851
e  1295  1296  540
e  1295  1322  806
e  1296  1411  197
e  1296  1427  394
e  1296  1379  272
e  1297  1298  20
e  1297  1341  197
e  1297  1340  94
e  1298  1299  130
e  1298  1332  94
e  1299  1322  94
e  1300  1305  612
e  1301  1310  497
e  1302  1445  674
e  1302  1429  805
e  1302  1415  722
e  1303  1324  674
e  1303  1323  387
e  1304  1316  725
e  1304  1343  387
e  1304  1324  688
e  1305  1396  310
e  1305  1479  237
e  1305  1342  953
e  1306  1317  987
e  1306  1393  568
e  1306  1353  14
e  1307  1359  823
e  1307  1309  231
e  1308  1315  859
e  1308  1338  66
e  1308  1319  240
e  1309  1367  823
e  1309  1378  851
e  1310  1326  310
e  1310  1313  3
e  1311  1314  6
e  1312  1325  623
e  1313  1333  310
e  1314  1318  623
e  1314  1363  482
e  1314  1350  195
e  1315  1320  66
e  1316  1344  954
e  1316  1352  387
e  1317  1350  568
e  1318  1351  482
e  1319  1348  66
e  1320  1360  872
e  1320  1377  200
e  1320  1354  240
e  1320  1338  859
e  1321  1328  394
e  1322  1332  130
e  1322  1380  197
e  1323  1329  674
e  1324  1329  387
e  1325  1375  137
e  1325  1336  113
e  1326  1424  477
e  1326  1333  3
e  1327  1337  265
e  1327  1375  808
e  1328  1331  126
e  1328  1391  282
e  1329  1343  688
e  1329  1357  725
e  1329  1361  117
e  1329  1334  296
e  1330  1351  6
e  1331  1364  917
e  1331  1441  282
e  1332  1340  20
e  1332  1355  197
e  1333  1444  477
e  1333  1365  316
e  1333  1349  497
e  1334  1345  117
e  1335  1544  516
e  1335  1392  114
e  1336  1439  137
e  1336  1394  6
e  1336  1374  709
e  1337  1408  66
e  1337  1390  808
e  1338  1348  240
e  1339  1391  431
e  1339  1419  150
e  1340  1346  197
e  1341  1346  94
e  1342  1442  237
e  1343  1352  725
e  1344  1417  668
e  1344  1416  117
e  1344  1368  387
e  1345  1361  296
e  1345  1366  725
e  1345  1445  144
e  1346  1356  859
e  1346  1454  24
e  1346  1355  20
e  1347  1404  575
e  1347  1370  237
e  1348  1354  859
e  1348  1426  697
e  1348  1376  341
e  1349  1358  316
e  1350  1372  482
e  1350  1399  14
e  1350  1393  987
e  1351  1373  145
e  1351  1389  623
e  1351  1388  195
e  1351  1363  623
e  1352  1368  954
e  1352  1357  688
e  1353  1397  568
e  1353  1383  822
e  1354  1402  200
e  1354  1435  697
e  1355  1493  24
e  1355  1538  394
e  1355  1380  130
e  1356  1412  24
e  1357  1362  117
e  1358  1365  497
e  1358  1371  49
e  1359  1419  485
e  1359  1367  231
e  1360  1369  200
e  1361  1362  725
e  1362  1382  954
e  1362  1366  296
e  1363  1372  195
e  1364  1403  481
e  1364  1473  282
e  1365  1467  477
e  1365  1384  49
e  1366  1387  954
e  1366  1511  805
e  1366  1475  144
e  1367  1436  485
e  1367  1400  851
e  1368  1381  117
e  1369  1378  774
e  1369  1377  872
e  1370  1414  120
e  1370  1412  94
e  1371  1384  497
e  1371  1396  226
e  1372  1388  623
e  1372  1405  623
e  1372  1418  14
e  1373  1385  623
e  1374  1385  6
e  1375  1390  265
e  1375  1459  6
e  1375  1439  113
e  1376  1408  697
e  1377  1386  774
e  1377  1402  240
e  1378  1400  823
e  1378  1386  872
e  1379  1403  394
e  1380  1522  394
e  1380  1410  540
e  1381  1382  688
e  1381  1416  387
e  1381  1422  668
e  1381  1446  926
e  1382  1476  926
e  1382  1387  296
e  1383  1425  568
e  1383  1401  116
e  1384  1480  477
e  1384  1474  226
e  1385  1394  709
e  1385  1407  195
e  1385  1389  145
e  1386  1440  823
e  1386  1409  240
e  1387  1512  926
e  1387  1524  805
e  1388  1398  623
e  1389  1398  195
e  1390  1449  66
e  1390  1517  6
e  1391  1441  126
e  1391  1466  150
e  1392  1548  516
e  1393  1397  14
e  1394  1453  137
e  1394  1420  195
e  1395  1541  877
e  1395  1598  117
e  1396  1474  497
e  1396  1542  237
e  1397  1399  987
e  1397  1437  482
e  1397  1425  822
e  1398  1407  145
e  1398  1438  709
e  1398  1405  623
e  1399  1418  482
e  1400  1462  485
e  1400  1554  697
e  1400  1440  872
e  1401  1463  568
e  1401  1516  648
e  1402  1409  774
e  1402  1450  697
e  1403  1427  272
e  1403  1508  197
e  1403  1550  282
e  1404  1406  120
e  1405  1488  709
e  1405  1448  14
e  1406  1423  995
e  1406  1413  237
e  1407  1420  709
e  1408  1426  341
e  1408  1449  808
e  1409  1472  823
e  1409  1456  697
e  1410  1411  806
e  1410  1483  394
e  1411  1464  394
e  1412  1469  120
e  1412  1454  859
e  1413  1414  575
e  1413  1428  995
e  1414  1469  94
e  1415  1424  805
e  1416  1421  668
e  1417  1421  117
e  1418  1448  623
e  1418  1458  822
e  1418  1437  987
e  1419  1466  431
e  1419  1436  231
e  1420  1471  137
e  1420  1438  145
e  1421  1431  926
e  1421  1422  387
e  1422  1433  926
e  1423  1432  300
e  1423  1428  237
e  1424  1429  722
e  1424  1444  3
e  1425  1452  482
e  1425  1463  116
e  1426  1435  859
e  1426  1486  808
e  1427  1464  197
e  1428  1434  300
e  1428  1494  94
e  1429  1484  674
e  1429  1455  3
e  1430  1431  857
e  1430  1451  935
e  1430  1447  387
e  1431  1433  387
e  1432  1434  237
e  1433  1447  857
e  1433  1465  935
e  1433  1498  345
e  1433  1446  668
e  1434  1443  612
e  1434  1502  94
e  1435  1450  200
e  1436  1492  431
e  1436  1462  851
e  1437  1452  822
e  1438  1545  137
e  1438  1488  623
e  1439  1453  6
e  1440  1537  697
e  1440  1472  240
e  1441  1473  917
e  1441  1563  150
e  1442  1443  176
e  1442  1479  953
e  1443  1487  953
e  1443  1505  94
e  1444  1455  722
e  1444  1467  316
e  1445  1475  725
e  1445  1484  805
e  1446  1476  688
e  1447  1460  935
e  1448  1552  709
e  1448  1482  822
e  1449  1486  341
e  1449  1506  200
e  1449  1549  6
e  1450  1456  774
e  1450  1490  808
e  1451  1457  444
e  1451  1460  387
e  1452  1458  987
e  1452  1503  623
e  1452  1485  116
e  1453  1459  113
e  1453  1471  195
e  1454  1536  120
e  1454  1493  20
e  1455  1510  674
e  1455  1481  316
e  1456  1501  823
e  1456  1500  808
e  1457  1461  345
e  1457  1468  387
e  1458  1482  623
e  1459  1517  265
e  1459  1489  195
e  1460  1468  444
e  1460  1465  857
e  1461  1598  646
e  1461  1470  387
e  1462  1504  431
e  1462  1562  697
e  1463  1485  482
e  1463  1568  648
e  1464  1483  806
e  1464  1508  272
e  1465  1478  345
e  1466  1563  126
e  1466  1521  851
e  1466  1492  231
e  1467  1481  722
e  1467  1480  49
e  1468  1470  345
e  1469  1495  995
e  1469  1536  859
e  1470  1477  857
e  1471  1489  113
e  1471  1545  145
e  1472  1501  697
e  1473  1550  481
e  1473  1567  150
e  1474  1575  477
e  1475  1497  805
e  1476  1514  345
e  1476  1512  296
e  1477  1478  444
e  1477  1526  688
e  1478  1518  688
e  1478  1498  935
e  1479  1542  310
e  1479  1487  176
e  1480  1496  722
e  1480  1575  226
e  1481  1523  674
e  1481  1496  49
e  1482  1530  116
e  1482  1503  987
e  1483  1522  540
e  1483  1555  24
e  1484  1497  725
e  1484  1510  3
e  1485  1515  623
e  1485  1577  648
e  1486  1491  200
e  1487  1559  310
e  1487  1551  94
e  1488  1553  137
e  1488  1552  14
e  1489  1531  265
e  1490  1491  859
e  1490  1500  774
e  1491  1507  774
e  1491  1506  341
e  1492  1504  851
e  1493  1569  120
e  1493  1543  394
e  1494  1495  575
e  1494  1502  300
e  1495  1509  300
e  1495  1572  859
e  1496  1527  674
e  1497  1511  144
e  1497  1539  954
e  1497  1519  3
e  1498  1513  688
e  1499  1541  28
e  1500  1534  823
e  1500  1507  859
e  1501  1537  240
e  1501  1571  485
e  1501  1534  808
e  1502  1505  612
e  1502  1509  575
e  1503  1515  116
e  1504  1521  231
e  1504  1595  697
e  1505  1551  953
e  1505  1532  575
e  1506  1520  774
e  1506  1585  6
e  1507  1520  341
e  1509  1532  612
e  1509  1574  859
e  1510  1519  725
e  1510  1523  316
e  1511  1524  954
e  1512  1540  345
e  1512  1590  805
e  1513  1514  668
e  1513  1518  935
e  1514  1525  935
e  1514  1540  296
e  1515  1530  987
e  1515  1583  648
e  1516  1568  568
e  1516  1529  15
e  1517  1549  66
e  1517  1531  195
e  1518  1526  444
e  1518  1525  668
e  1519  1547  954
e  1519  1528  316
e  1520  1588  6
e  1521  1578  126
e  1522  1538  130
e  1522  1546  24
e  1523  1528  725
e  1523  1527  49
e  1524  1590  926
e  1524  1557  3
e  1524  1539  144
e  1525  1533  444
e  1525  1561  296
e  1526  1533  668
e  1527  1535  725
e  1528  1556  954
e  1528  1535  49
e  1529  1576  568
e  1529  1544  587
e  1531  1558  66
e  1532  1579  859
e  1533  1564  296
e  1534  1594  485
e  1535  1560  954
e  1536  1572  995
e  1536  1569  20
e  1537  1554  872
e  1537  1565  485
e  1538  1543  24
e  1539  1547  3
e  1540  1561  935
e  1540  1600  805
e  1542  1559  176
e  1543  1586  120
e  1543  1546  130
e  1544  1582  568
e  1544  1548  114
e  1545  1553  623
e  1546  1555  540
e  1547  1557  144
e  1547  1556  316
e  1548  1584  568
e  1549  1585  200
e  1549  1558  195
e  1551  1597  310
e  1552  1573  137
e  1553  1573  14
e  1554  1562  485
e  1556  1566  144
e  1556  1560  49
e  1557  1566  316
e  1558  1592  200
e  1559  1597  94
e  1560  1570  144
e  1561  1564  444
e  1562  1595  431
e  1562  1565  872
e  1563  1567  917
e  1563  1578  851
e  1565  1571  240
e  1566  1570  49
e  1567  1581  851
e  1568  1577  482
e  1568  1576  15
e  1569  1586  394
e  1571  1594  808
e  1572  1574  300
e  1574  1579  612
e  1576  1580  482
e  1576  1582  587
e  1577  1583  623
e  1577  1580  15
e  1578  1581  917
e  1580  1589  623
e  1580  1587  587
e  1582  1587  482
e  1582  1584  114
e  1583  1589  15
e  1584  1591  482
e  1585  1588  774
e  1585  1592  195
e  1587  1596  623
e  1587  1591  114
e  1588  1593  195
e  1589  1596  587
e  1590  1600  345
e  1591  1599  623
e  1592  1593  774
e  1596  1599  114
