p   edge 506  953
e  0  454  280
e  0  61  727
e  0  43  169
e  1  2  195
e  2  3  784
e  2  55  352
e  2  188  958
e  3  4  352
e  4  5  922
e  4  88  300
e  4  100  958
e  4  55  784
e  5  6  198
e  5  77  300
e  6  7  969
e  6  50  300
e  7  8  300
e  8  9  502
e  8  46  958
e  8  50  969
e  9  10  958
e  10  11  150
e  10  46  502
e  11  12  393
e  11  76  969
e  11  70  502
e  12  13  249
e  12  89  969
e  13  14  152
e  13  47  426
e  13  79  253
e  13  92  969
e  14  15  426
e  15  16  253
e  15  47  152
e  16  17  947
e  16  67  784
e  16  54  152
e  17  18  280
e  17  44  784
e  18  19  784
e  19  20  48
e  19  64  98
e  19  44  280
e  20  21  586
e  20  56  98
e  21  22  875
e  21  51  98
e  22  23  98
e  23  24  669
e  23  51  875
e  24  25  872
e  24  78  875
e  25  26  939
e  25  72  878
e  25  93  875
e  26  27  676
e  26  53  75
e  26  71  878
e  27  28  75
e  28  29  265
e  28  48  878
e  28  53  676
e  29  30  878
e  30  31  399
e  30  75  676
e  30  48  265
e  31  32  253
e  31  85  676
e  32  33  785
e  32  52  740
e  32  62  302
e  32  96  676
e  33  34  740
e  34  35  302
e  34  52  785
e  35  36  942
e  35  57  785
e  36  37  902
e  36  58  538
e  36  83  785
e  37  38  538
e  38  39  378
e  38  58  902
e  39  40  263
e  39  60  902
e  40  41  727
e  40  45  773
e  40  65  902
e  41  42  773
e  42  43  485
e  42  45  727
e  43  49  727
e  44  66  98
e  44  67  947
e  45  49  485
e  45  69  169
e  45  74  902
e  46  70  150
e  46  59  969
e  47  54  253
e  48  63  676
e  49  61  169
e  50  59  958
e  50  77  198
e  51  78  669
e  51  82  280
e  51  56  586
e  52  57  302
e  53  63  878
e  54  117  784
e  54  125  98
e  54  141  969
e  54  79  426
e  55  122  958
e  56  68  280
e  56  64  48
e  57  83  942
e  57  113  676
e  57  62  740
e  58  60  378
e  58  105  785
e  59  73  150
e  59  81  198
e  60  65  263
e  60  104  169
e  60  114  785
e  61  437  280
e  61  371  676
e  61  97  902
e  61  69  485
e  62  98  676
e  63  75  265
e  63  90  939
e  63  71  75
e  64  66  280
e  65  74  773
e  65  95  169
e  66  68  48
e  66  101  669
e  66  86  947
e  67  86  98
e  67  117  152
e  68  82  586
e  68  87  669
e  69  80  902
e  70  73  969
e  71  72  939
e  72  90  75
e  72  112  265
e  72  133  302
e  72  126  280
e  72  108  875
e  73  76  502
e  73  107  249
e  73  106  198
e  74  80  169
e  75  85  399
e  75  102  939
e  76  89  393
e  76  94  249
e  77  81  958
e  77  88  922
e  78  93  872
e  78  84  280
e  79  124  969
e  80  97  485
e  80  193  676
e  80  143  785
e  80  129  263
e  80  95  773
e  81  106  150
e  81  91  922
e  82  84  669
e  83  105  538
e  83  130  676
e  84  99  872
e  84  87  586
e  85  96  253
e  85  103  302
e  86  111  669
e  86  120  152
e  87  109  872
e  87  136  947
e  87  101  48
e  88  91  958
e  89  92  249
e  90  102  265
e  91  123  150
e  91  204  249
e  91  131  784
e  91  100  300
e  92  124  253
e  92  135  198
e  92  94  393
e  93  108  878
e  93  99  280
e  94  132  198
e  94  107  502
e  95  104  263
e  96  98  302
e  97  210  676
e  98  113  740
e  98  128  939
e  98  103  253
e  99  110  878
e  99  109  586
e  100  122  784
e  101  111  947
e  102  116  302
e  102  112  75
e  103  115  939
e  104  129  773
e  104  119  785
e  105  114  378
e  105  138  169
e  105  140  676
e  106  118  249
e  106  123  922
e  107  118  198
e  108  110  280
e  109  121  878
e  110  126  875
e  110  154  302
e  110  121  586
e  111  136  48
e  111  150  878
e  111  144  152
e  112  127  302
e  113  130  942
e  113  155  939
e  114  119  169
e  115  116  399
e  115  128  253
e  115  137  75
e  116  127  75
e  117  120  98
e  118  132  502
e  118  134  922
e  119  139  773
e  119  149  676
e  119  138  378
e  120  144  669
e  120  125  784
e  121  173  302
e  121  145  947
e  122  131  300
e  122  188  352
e  123  134  249
e  124  141  426
e  124  153  198
e  125  179  669
e  125  176  969
e  126  152  302
e  127  137  399
e  127  147  253
e  127  156  280
e  127  133  265
e  128  155  740
e  128  177  280
e  128  142  75
e  129  139  785
e  130  140  538
e  130  171  169
e  130  170  939
e  131  218  249
e  131  323  253
e  131  380  878
e  131  231  352
e  132  135  393
e  132  157  922
e  133  152  280
e  134  157  502
e  134  165  253
e  134  223  784
e  134  204  150
e  135  153  253
e  135  160  922
e  136  146  878
e  137  142  253
e  138  148  676
e  139  143  263
e  139  158  676
e  140  148  169
e  141  176  98
e  141  166  198
e  142  161  280
e  142  147  399
e  143  162  676
e  144  167  878
e  144  197  969
e  144  179  784
e  145  146  872
e  145  190  302
e  145  151  48
e  146  150  48
e  147  159  280
e  148  149  378
e  148  174  939
e  148  171  538
e  149  158  773
e  149  186  939
e  150  151  872
e  150  167  152
e  151  213  302
e  151  180  152
e  152  156  265
e  152  154  875
e  153  166  426
e  153  163  922
e  154  169  253
e  154  173  586
e  155  170  942
e  155  182  169
e  155  178  280
e  156  159  253
e  157  160  393
e  158  162  263
e  158  217  280
e  158  209  939
e  159  161  399
e  159  168  875
e  160  163  253
e  161  177  75
e  161  181  740
e  161  175  875
e  162  193  785
e  162  234  485
e  162  222  280
e  163  184  426
e  163  164  502
e  164  165  393
e  164  232  426
e  165  246  426
e  165  259  98
e  165  243  784
e  166  194  98
e  166  184  922
e  167  180  872
e  167  211  969
e  168  169  265
e  168  175  399
e  168  219  169
e  168  225  586
e  169  203  586
e  170  172  169
e  171  172  939
e  172  174  538
e  172  185  280
e  172  182  942
e  173  203  253
e  173  190  947
e  174  186  378
e  174  187  280
e  175  192  740
e  175  200  169
e  176  191  669
e  176  194  198
e  177  178  740
e  178  183  169
e  178  181  75
e  179  191  969
e  180  214  302
e  180  238  969
e  181  189  169
e  181  192  875
e  182  183  280
e  183  185  942
e  183  189  75
e  184  205  98
e  184  232  502
e  185  187  538
e  185  196  75
e  186  209  773
e  186  198  280
e  187  198  378
e  187  208  875
e  187  199  75
e  188  231  300
e  188  460  878
e  189  196  942
e  189  195  875
e  190  229  253
e  190  216  152
e  190  213  48
e  191  197  784
e  191  206  198
e  192  195  169
e  193  210  485
e  194  206  669
e  194  205  922
e  195  201  942
e  195  207  538
e  195  200  740
e  196  199  538
e  196  201  875
e  197  211  878
e  197  224  198
e  198  212  773
e  198  215  875
e  199  202  875
e  200  233  586
e  200  219  399
e  201  202  538
e  202  208  75
e  202  220  378
e  202  245  586
e  202  207  942
e  203  225  265
e  203  227  169
e  203  229  947
e  204  218  784
e  205  221  669
e  205  244  502
e  206  224  784
e  206  235  878
e  206  221  922
e  207  240  586
e  208  215  378
e  209  212  280
e  210  371  902
e  210  288  280
e  210  234  785
e  211  238  872
e  211  230  198
e  212  217  939
e  212  228  263
e  212  236  875
e  213  214  152
e  214  216  48
e  214  267  169
e  214  255  969
e  215  236  773
e  215  220  75
e  216  250  253
e  216  260  169
e  217  222  263
e  218  223  150
e  218  272  253
e  219  226  586
e  220  249  773
e  220  262  586
e  221  239  878
e  221  263  502
e  222  269  485
e  222  228  939
e  223  243  253
e  224  230  878
e  225  226  169
e  226  233  399
e  226  248  947
e  226  227  265
e  227  237  947
e  228  306  485
e  228  247  875
e  229  237  169
e  229  250  152
e  230  257  872
e  230  242  922
e  230  235  784
e  231  392  878
e  232  244  98
e  232  246  393
e  233  241  538
e  233  251  947
e  234  269  280
e  235  239  922
e  236  247  263
e  236  249  75
e  237  248  265
e  237  261  538
e  237  254  152
e  238  255  302
e  238  257  198
e  239  242  784
e  239  274  502
e  240  241  740
e  240  245  942
e  240  258  947
e  241  252  947
e  242  270  872
e  242  292  302
e  242  328  502
e  243  285  98
e  243  272  150
e  244  263  669
e  244  253  393
e  245  262  378
e  245  264  947
e  246  253  98
e  247  307  485
e  247  344  947
e  247  282  75
e  248  251  399
e  248  256  538
e  249  282  263
e  249  281  586
e  250  254  169
e  251  252  538
e  252  258  740
e  252  256  399
e  253  266  669
e  253  259  426
e  254  271  538
e  254  276  48
e  254  260  253
e  255  283  169
e  255  265  198
e  256  261  265
e  257  265  302
e  257  270  922
e  258  264  942
e  259  273  669
e  259  285  784
e  260  267  48
e  261  271  152
e  262  281  773
e  262  268  947
e  263  274  878
e  263  266  393
e  264  268  378
e  264  277  152
e  265  291  169
e  265  275  922
e  266  286  878
e  266  273  426
e  267  276  253
e  267  283  969
e  268  287  773
e  268  284  152
e  269  288  785
e  269  312  875
e  269  306  939
e  270  275  302
e  271  280  942
e  271  302  969
e  271  293  48
e  272  336  98
e  272  338  669
e  272  323  249
e  273  297  878
e  273  290  784
e  274  328  784
e  274  332  302
e  274  286  393
e  275  299  169
e  275  350  502
e  275  292  872
e  276  293  538
e  276  289  969
e  277  278  265
e  277  284  378
e  278  279  399
e  278  294  378
e  279  280  740
e  279  303  378
e  279  310  969
e  280  308  969
e  281  296  263
e  281  287  947
e  282  296  586
e  283  289  253
e  283  291  198
e  284  295  773
e  284  318  969
e  284  294  265
e  285  290  669
e  285  336  150
e  286  339  302
e  286  304  784
e  286  297  426
e  287  305  263
e  287  295  152
e  288  394  902
e  288  480  198
e  288  375  875
e  289  298  538
e  289  301  198
e  290  300  878
e  290  337  150
e  291  301  253
e  291  299  922
e  292  329  502
e  293  298  969
e  294  315  969
e  294  303  399
e  295  316  263
e  295  326  969
e  296  305  947
e  297  300  784
e  298  302  48
e  298  314  942
e  298  309  198
e  299  313  253
e  299  360  538
e  299  357  502
e  300  304  426
e  300  378  302
e  300  349  150
e  301  309  538
e  301  313  922
e  302  308  942
e  303  311  969
e  304  347  302
e  305  345  75
e  305  316  152
e  306  307  875
e  307  312  939
e  307  425  785
e  307  428  198
e  307  385  152
e  307  373  947
e  308  310  740
e  308  320  198
e  308  314  48
e  309  317  942
e  309  319  922
e  310  311  378
e  310  321  198
e  311  315  399
e  311  322  198
e  312  375  785
e  313  319  538
e  314  317  198
e  315  318  265
e  315  327  198
e  316  356  75
e  316  343  969
e  317  320  48
e  317  325  378
e  317  331  922
e  318  326  773
e  318  330  198
e  319  331  942
e  319  382  378
e  319  399  784
e  319  396  502
e  319  360  253
e  320  321  740
e  321  322  378
e  322  327  399
e  322  324  48
e  323  364  669
e  324  325  740
e  324  335  922
e  325  333  922
e  326  343  263
e  326  334  198
e  327  330  265
e  327  342  773
e  327  340  922
e  328  329  302
e  329  350  872
e  329  358  784
e  329  332  784
e  330  334  773
e  331  333  378
e  332  353  784
e  332  339  393
e  333  335  740
e  333  408  773
e  333  409  784
e  333  382  942
e  334  352  263
e  334  348  922
e  334  342  265
e  335  341  399
e  335  354  773
e  336  337  669
e  337  349  878
e  337  338  98
e  338  365  878
e  338  364  249
e  339  347  784
e  340  341  48
e  340  346  773
e  341  351  773
e  342  346  922
e  343  384  75
e  343  352  198
e  344  345  586
e  344  373  485
e  344  367  152
e  345  356  152
e  346  348  265
e  346  351  48
e  347  353  393
e  347  359  784
e  347  372  169
e  347  378  426
e  348  361  263
e  348  355  48
e  349  402  302
e  349  374  249
e  349  365  98
e  350  357  169
e  350  362  784
e  351  355  265
e  351  413  263
e  351  354  399
e  352  387  75
e  352  391  485
e  352  361  922
e  353  358  784
e  354  419  784
e  354  408  740
e  355  383  263
e  356  367  586
e  356  377  485
e  356  384  969
e  357  389  538
e  357  363  784
e  358  362  872
e  358  366  169
e  358  359  393
e  359  368  169
e  360  389  502
e  361  400  485
e  361  383  48
e  362  363  169
e  363  390  538
e  363  369  393
e  363  366  872
e  364  370  878
e  365  370  249
e  366  368  393
e  367  376  485
e  368  369  872
e  368  372  784
e  369  405  538
e  369  381  784
e  370  374  98
e  370  379  253
e  371  394  280
e  372  381  872
e  372  393  426
e  373  376  152
e  374  427  302
e  374  411  352
e  374  398  253
e  375  441  198
e  375  425  939
e  376  385  947
e  376  401  969
e  376  377  586
e  377  386  969
e  378  393  169
e  378  402  150
e  379  380  669
e  379  398  98
e  379  395  352
e  380  392  352
e  381  429  538
e  381  440  426
e  382  407  784
e  383  468  485
e  383  446  784
e  383  413  265
e  384  386  485
e  384  387  198
e  385  424  198
e  385  416  969
e  386  401  586
e  386  388  198
e  387  388  485
e  388  404  586
e  388  403  922
e  388  391  75
e  389  396  253
e  389  390  784
e  390  397  253
e  390  405  393
e  391  400  922
e  392  395  669
e  392  460  300
e  393  440  872
e  393  414  150
e  394  437  676
e  394  466  727
e  394  486  198
e  395  406  98
e  395  477  169
e  395  476  300
e  396  397  784
e  397  399  502
e  397  410  378
e  397  415  393
e  398  406  352
e  399  407  378
e  400  403  75
e  400  484  784
e  400  468  48
e  401  416  947
e  401  404  198
e  402  414  169
e  402  427  249
e  403  423  586
e  403  489  785
e  404  418  947
e  404  423  922
e  405  415  253
e  405  458  378
e  405  429  784
e  406  411  253
e  406  452  302
e  406  469  169
e  407  409  942
e  407  410  502
e  408  417  784
e  409  417  773
e  409  412  502
e  410  412  942
e  410  421  393
e  411  430  302
e  412  420  773
e  412  426  393
e  413  433  784
e  414  461  872
e  414  464  538
e  414  453  352
e  414  431  249
e  415  421  378
e  416  418  198
e  417  419  740
e  417  420  502
e  418  424  969
e  418  435  152
e  418  439  785
e  418  443  922
e  419  434  263
e  419  422  502
e  420  422  740
e  420  432  393
e  421  426  942
e  421  470  784
e  421  458  253
e  422  447  263
e  422  445  393
e  423  443  947
e  423  456  785
e  424  428  152
e  425  436  198
e  426  432  773
e  426  474  784
e  427  431  169
e  427  430  352
e  428  436  785
e  428  435  969
e  429  467  378
e  429  451  426
e  430  442  169
e  430  452  253
e  431  442  352
e  432  445  740
e  432  482  784
e  433  434  399
e  433  446  265
e  433  450  502
e  434  447  502
e  435  438  785
e  436  441  939
e  436  438  969
e  437  454  727
e  438  444  939
e  438  439  152
e  439  448  939
e  439  449  922
e  440  451  538
e  440  461  150
e  441  480  875
e  441  444  969
e  442  453  249
e  442  492  538
e  442  457  253
e  443  449  785
e  444  496  902
e  444  465  922
e  444  448  152
e  445  463  263
e  446  472  485
e  446  459  502
e  447  450  399
e  447  463  393
e  448  455  922
e  449  455  939
e  449  456  947
e  450  459  265
e  450  471  393
e  451  473  378
e  451  462  150
e  452  457  169
e  453  478  538
e  454  466  676
e  455  465  152
e  455  475  947
e  456  475  939
e  456  489  586
e  457  487  98
e  457  469  302
e  458  467  784
e  459  497  485
e  459  483  393
e  460  476  669
e  461  462  538
e  462  481  378
e  462  490  352
e  462  464  872
e  463  471  399
e  464  478  352
e  465  499  902
e  467  470  253
e  467  473  426
e  468  472  784
e  469  477  98
e  470  474  942
e  470  479  426
e  471  483  265
e  472  484  48
e  472  497  502
e  473  479  253
e  473  481  150
e  474  482  773
e  474  485  426
e  476  498  169
e  477  487  302
e  477  498  300
e  478  490  872
e  478  492  249
e  479  485  942
e  479  488  150
e  480  486  902
e  481  488  253
e  481  500  352
e  482  491  426
e  485  491  773
e  485  493  150
e  486  495  969
e  487  502  300
e  488  493  942
e  488  503  352
e  490  500  378
e  491  494  150
e  493  494  773
e  493  504  352
e  494  505  352
e  495  496  875
e  495  501  922
e  496  499  922
e  498  502  302
e  499  501  875
e  500  503  253
e  503  504  942
e  504  505  773
