p   edge 935  1803
e  0  842  36
e  0  455  7
e  0  237  908
e  0  44  755
e  1  2  36
e  1  61  906
e  1  478  352
e  1  499  798
e  1  748  114
e  1  867  517
e  2  3  920
e  2  48  345
e  2  54  906
e  3  4  345
e  4  5  906
e  4  48  920
e  5  6  144
e  5  50  920
e  6  7  731
e  6  64  265
e  6  68  920
e  7  8  7
e  7  51  265
e  8  9  265
e  9  10  639
e  9  51  7
e  10  11  785
e  10  49  352
e  10  53  7
e  11  12  352
e  12  13  764
e  12  62  7
e  12  49  785
e  13  14  567
e  13  69  7
e  14  15  479
e  14  109  378
e  14  94  7
e  15  16  909
e  15  101  378
e  16  17  378
e  17  18  906
e  17  99  985
e  17  101  909
e  18  19  742
e  19  20  861
e  19  55  985
e  20  21  985
e  21  22  543
e  21  55  861
e  22  23  407
e  22  80  658
e  22  142  470
e  22  141  906
e  22  79  861
e  23  24  658
e  24  25  470
e  24  80  407
e  25  26  255
e  25  81  83
e  25  158  798
e  25  112  407
e  26  27  83
e  27  28  412
e  27  100  830
e  27  124  798
e  27  81  255
e  28  29  830
e  29  30  46
e  29  100  412
e  30  31  110
e  30  63  798
e  30  103  412
e  31  32  417
e  31  60  798
e  32  33  798
e  33  34  666
e  33  73  114
e  33  65  110
e  33  60  417
e  34  35  655
e  34  56  114
e  35  36  535
e  35  46  114
e  36  37  114
e  37  38  470
e  37  46  535
e  38  39  705
e  38  47  535
e  39  40  908
e  39  45  279
e  39  57  535
e  40  41  279
e  41  42  372
e  41  45  908
e  42  43  517
e  42  52  908
e  43  44  895
e  43  118  908
e  44  155  908
e  45  52  372
e  45  87  655
e  45  77  535
e  46  47  470
e  46  56  655
e  47  57  705
e  47  58  655
e  48  50  906
e  49  59  7
e  50  68  144
e  50  67  36
e  50  54  345
e  51  53  639
e  51  70  352
e  51  64  731
e  52  118  517
e  52  114  655
e  53  59  352
e  54  61  36
e  55  79  543
e  55  98  906
e  56  58  470
e  56  73  666
e  57  77  279
e  57  66  655
e  58  66  705
e  58  104  110
e  58  76  666
e  59  62  785
e  59  74  764
e  59  72  731
e  59  70  639
e  60  63  110
e  61  67  345
e  61  116  352
e  62  69  764
e  63  65  417
e  63  95  114
e  63  110  412
e  64  71  352
e  64  75  920
e  65  84  114
e  66  82  279
e  66  107  110
e  67  85  144
e  67  91  265
e  67  96  352
e  68  75  265
e  68  85  36
e  69  94  567
e  69  108  920
e  69  74  785
e  70  71  731
e  71  72  639
e  71  78  920
e  72  86  764
e  72  83  920
e  73  76  470
e  73  84  110
e  74  106  920
e  74  86  731
e  75  78  352
e  75  88  36
e  76  89  110
e  77  82  655
e  78  83  639
e  78  90  36
e  79  121  906
e  80  112  470
e  81  143  798
e  82  87  535
e  82  131  372
e  82  115  110
e  83  92  764
e  83  97  36
e  84  89  470
e  84  95  417
e  85  88  265
e  86  92  920
e  87  114  372
e  88  90  352
e  88  91  144
e  89  104  666
e  89  113  705
e  89  102  417
e  90  97  639
e  90  93  144
e  91  93  352
e  92  106  731
e  92  111  785
e  92  105  36
e  93  120  764
e  93  122  345
e  93  96  265
e  94  128  378
e  94  147  985
e  94  136  920
e  95  102  470
e  95  133  412
e  96  116  345
e  97  105  764
e  98  99  742
e  98  121  543
e  98  126  909
e  99  123  909
e  100  103  46
e  100  117  798
e  101  123  985
e  101  109  479
e  102  129  705
e  102  137  412
e  103  110  798
e  104  107  705
e  105  125  785
e  105  204  985
e  105  119  144
e  106  108  785
e  107  115  279
e  107  113  666
e  108  136  567
e  108  135  36
e  108  111  731
e  109  127  985
e  109  128  7
e  110  133  114
e  110  117  46
e  111  125  36
e  112  167  798
e  112  189  906
e  112  142  658
e  113  130  279
e  113  129  417
e  114  159  517
e  114  154  110
e  114  131  535
e  115  145  372
e  115  153  417
e  115  130  666
e  116  122  265
e  116  179  764
e  116  474  798
e  116  478  906
e  117  152  255
e  117  124  830
e  118  155  895
e  118  159  655
e  119  120  639
e  119  255  985
e  119  150  345
e  120  138  345
e  121  141  861
e  121  144  909
e  122  138  764
e  123  126  742
e  123  127  479
e  124  143  255
e  125  135  731
e  125  164  567
e  125  177  985
e  126  144  543
e  126  132  479
e  127  132  742
e  127  134  7
e  128  134  985
e  129  139  279
e  129  166  412
e  130  139  417
e  131  145  110
e  132  146  543
e  132  140  7
e  133  137  470
e  133  161  255
e  134  140  742
e  134  156  920
e  134  147  378
e  135  148  567
e  136  151  985
e  136  148  36
e  137  166  705
e  137  235  279
e  137  175  255
e  138  150  639
e  138  370  985
e  138  408  798
e  138  179  265
e  139  153  666
e  139  169  412
e  140  149  543
e  140  163  920
e  141  178  470
e  141  157  909
e  142  178  906
e  143  152  830
e  143  174  114
e  143  176  407
e  143  158  83
e  144  157  861
e  144  165  7
e  144  146  479
e  145  154  535
e  145  206  517
e  145  314  7
e  145  267  417
e  146  149  7
e  147  151  920
e  148  160  985
e  148  164  731
e  149  165  479
e  149  171  861
e  149  182  920
e  150  282  985
e  151  156  378
e  151  160  36
e  152  162  114
e  153  267  372
e  153  236  412
e  154  181  517
e  155  237  755
e  155  414  7
e  155  298  110
e  155  283  655
e  156  163  742
e  156  170  36
e  157  183  470
e  157  168  7
e  158  167  407
e  159  283  895
e  159  181  110
e  160  170  378
e  160  180  742
e  160  172  731
e  161  162  46
e  161  175  470
e  162  185  470
e  162  196  407
e  162  174  830
e  163  182  543
e  163  173  36
e  164  172  985
e  165  168  861
e  166  169  279
e  167  176  83
e  167  202  114
e  167  198  7
e  167  190  906
e  168  184  470
e  168  171  479
e  169  236  666
e  169  253  7
e  169  246  255
e  169  235  705
e  170  173  742
e  171  188  470
e  171  215  798
e  171  217  920
e  172  187  742
e  172  177  567
e  173  191  543
e  173  197  731
e  173  180  378
e  174  186  407
e  175  245  279
e  175  242  7
e  175  205  407
e  175  185  46
e  176  186  114
e  177  211  742
e  177  204  785
e  178  189  658
e  178  183  909
e  179  435  798
e  180  187  731
e  181  286  895
e  181  347  7
e  181  206  535
e  182  217  861
e  182  222  798
e  182  191  36
e  183  193  798
e  183  184  7
e  184  194  798
e  184  188  479
e  185  200  407
e  186  196  830
e  186  203  470
e  186  210  7
e  186  202  83
e  187  197  378
e  187  211  567
e  188  201  798
e  189  190  798
e  190  192  909
e  191  228  798
e  191  227  731
e  192  193  658
e  192  195  7
e  193  194  7
e  194  195  658
e  194  201  479
e  195  199  906
e  195  212  114
e  195  208  479
e  196  200  470
e  197  227  543
e  197  284  798
e  197  275  567
e  198  199  909
e  198  207  114
e  199  209  114
e  200  205  46
e  200  216  7
e  200  203  830
e  201  208  658
e  201  230  114
e  201  223  920
e  201  215  470
e  202  207  7
e  203  214  7
e  204  265  742
e  204  255  144
e  205  226  7
e  206  315  7
e  207  210  83
e  207  209  909
e  208  218  114
e  209  213  83
e  209  212  906
e  210  214  470
e  210  213  909
e  211  275  378
e  211  290  798
e  211  265  785
e  212  220  83
e  212  218  479
e  213  219  470
e  213  220  906
e  214  216  830
e  214  219  909
e  215  221  920
e  216  226  46
e  216  224  909
e  217  221  798
e  218  232  470
e  218  247  920
e  218  230  658
e  219  224  830
e  219  225  906
e  220  225  470
e  221  223  470
e  221  222  861
e  222  229  470
e  222  228  36
e  223  241  114
e  223  243  36
e  223  229  861
e  224  234  46
e  224  233  906
e  225  233  830
e  225  231  479
e  226  242  407
e  226  234  909
e  227  257  798
e  228  239  470
e  228  270  114
e  228  257  731
e  229  239  36
e  230  241  920
e  231  232  83
e  231  238  830
e  231  256  920
e  232  249  920
e  233  240  46
e  233  238  479
e  234  258  407
e  234  262  279
e  234  240  906
e  235  245  255
e  236  297  372
e  236  296  7
e  237  415  7
e  238  244  46
e  238  260  920
e  239  243  861
e  239  254  114
e  240  273  279
e  240  244  479
e  241  247  658
e  241  252  470
e  241  248  36
e  242  250  279
e  242  258  909
e  243  248  114
e  244  274  279
e  244  268  920
e  245  246  705
e  245  250  7
e  246  251  7
e  247  249  470
e  248  259  470
e  248  254  861
e  249  256  83
e  249  266  36
e  249  252  658
e  250  251  705
e  250  261  909
e  251  253  255
e  251  263  909
e  252  259  36
e  253  296  666
e  253  269  909
e  254  276  470
e  254  289  731
e  254  270  470
e  255  329  798
e  255  282  345
e  256  260  830
e  256  271  36
e  257  281  114
e  257  292  567
e  257  284  543
e  258  261  279
e  259  266  658
e  259  285  830
e  259  276  861
e  260  268  46
e  260  272  36
e  261  263  705
e  261  262  407
e  262  264  705
e  262  273  906
e  263  269  255
e  263  264  407
e  264  278  479
e  265  305  798
e  266  271  83
e  266  277  830
e  267  311  7
e  267  297  412
e  268  288  279
e  268  280  36
e  269  312  666
e  269  294  479
e  270  281  731
e  271  272  830
e  272  280  46
e  272  293  658
e  272  277  83
e  273  274  479
e  274  279  705
e  274  288  920
e  275  287  798
e  276  308  830
e  276  299  731
e  277  285  658
e  278  279  906
e  278  295  255
e  279  300  255
e  279  291  920
e  280  301  279
e  280  339  731
e  280  309  658
e  281  289  470
e  281  304  470
e  281  313  567
e  282  346  798
e  282  370  639
e  283  286  110
e  284  287  567
e  285  293  83
e  285  308  861
e  286  298  655
e  286  374  7
e  287  292  543
e  287  290  378
e  288  291  705
e  288  301  36
e  289  299  470
e  290  307  543
e  290  323  114
e  290  305  785
e  291  310  255
e  291  302  36
e  292  313  114
e  292  307  378
e  293  309  46
e  293  319  861
e  294  295  407
e  294  335  666
e  294  334  920
e  294  303  906
e  295  300  906
e  296  306  372
e  296  312  909
e  297  306  7
e  298  397  7
e  299  316  830
e  299  360  567
e  299  304  470
e  300  303  407
e  300  310  920
e  301  302  705
e  301  344  731
e  302  325  255
e  302  351  731
e  303  317  920
e  304  331  567
e  305  330  114
e  305  328  144
e  306  311  412
e  306  321  517
e  306  327  909
e  307  320  114
e  308  319  83
e  308  316  731
e  309  333  731
e  309  322  861
e  310  317  407
e  310  325  36
e  311  314  417
e  311  318  517
e  312  327  372
e  312  335  479
e  313  331  470
e  313  320  378
e  314  315  517
e  315  347  535
e  315  348  909
e  315  336  412
e  315  318  417
e  316  324  83
e  316  332  46
e  316  377  567
e  317  334  906
e  317  345  666
e  317  338  36
e  318  321  412
e  319  322  46
e  319  324  731
e  320  341  470
e  320  343  785
e  320  323  543
e  321  336  417
e  321  337  909
e  322  326  731
e  323  330  785
e  324  326  46
e  325  338  407
e  325  373  666
e  325  411  731
e  326  333  861
e  326  353  279
e  326  332  83
e  327  337  517
e  327  349  479
e  328  329  742
e  328  359  114
e  328  365  345
e  329  346  345
e  330  343  543
e  330  357  470
e  330  359  144
e  331  360  470
e  331  380  785
e  331  341  378
e  332  386  279
e  332  384  567
e  333  339  658
e  333  350  279
e  334  340  666
e  335  349  372
e  335  340  920
e  336  342  909
e  337  342  417
e  337  356  479
e  338  355  666
e  339  344  279
e  340  354  372
e  340  345  906
e  341  352  785
e  342  348  412
e  342  368  479
e  343  352  470
e  344  351  705
e  344  350  658
e  345  363  372
e  345  355  36
e  346  365  742
e  346  375  114
e  346  391  639
e  347  374  895
e  347  382  909
e  348  382  535
e  348  381  920
e  348  376  479
e  349  356  517
e  349  354  920
e  350  353  861
e  351  411  255
e  351  443  517
e  351  361  861
e  352  380  378
e  352  395  470
e  352  402  830
e  352  410  144
e  352  357  543
e  353  362  705
e  353  399  567
e  353  386  83
e  354  358  517
e  354  363  906
e  355  364  372
e  355  373  407
e  356  368  417
e  356  358  920
e  357  379  144
e  358  369  417
e  358  372  36
e  358  366  906
e  359  379  470
e  359  371  345
e  360  377  830
e  360  389  785
e  361  362  658
e  361  473  517
e  361  462  567
e  362  403  567
e  363  366  517
e  363  364  36
e  364  367  517
e  364  390  407
e  365  371  114
e  366  367  36
e  367  372  906
e  367  387  417
e  367  392  407
e  368  376  412
e  368  369  920
e  369  378  412
e  369  383  36
e  370  391  798
e  371  385  470
e  371  375  742
e  372  383  417
e  373  390  372
e  373  404  517
e  373  421  731
e  374  397  655
e  374  406  909
e  375  401  470
e  375  418  639
e  376  378  920
e  377  384  46
e  377  393  785
e  378  381  479
e  378  400  535
e  378  388  36
e  379  410  543
e  379  385  345
e  380  389  470
e  381  396  535
e  382  406  895
e  382  396  920
e  383  388  412
e  383  387  906
e  384  394  279
e  384  407  785
e  385  437  830
e  385  481  279
e  385  401  742
e  386  394  567
e  387  405  412
e  387  467  731
e  387  460  407
e  388  409  535
e  388  405  906
e  389  393  830
e  389  395  378
e  390  392  517
e  391  418  114
e  391  408  985
e  392  460  417
e  392  426  731
e  392  404  372
e  393  407  46
e  393  398  378
e  394  399  83
e  394  413  705
e  394  412  785
e  395  398  830
e  396  417  895
e  396  400  479
e  397  414  110
e  397  422  755
e  397  448  909
e  398  416  46
e  398  430  279
e  398  432  144
e  398  402  470
e  399  403  705
e  400  427  895
e  400  409  36
e  401  502  279
e  401  441  639
e  402  425  144
e  403  462  658
e  403  423  785
e  403  413  83
e  404  424  731
e  405  429  535
e  406  448  655
e  406  417  920
e  407  412  279
e  407  416  378
e  408  450  114
e  408  435  265
e  409  428  895
e  409  429  906
e  410  425  830
e  411  421  666
e  411  439  517
e  412  420  705
e  412  419  378
e  413  420  785
e  414  415  755
e  415  455  908
e  415  493  920
e  415  471  909
e  415  422  110
e  416  419  279
e  417  454  655
e  417  440  36
e  417  427  479
e  418  441  470
e  418  450  985
e  419  431  705
e  419  434  144
e  419  430  46
e  420  423  83
e  420  431  378
e  421  424  517
e  422  458  909
e  423  485  658
e  423  503  517
e  423  484  144
e  423  442  378
e  424  426  372
e  424  446  255
e  424  439  666
e  425  432  470
e  425  438  279
e  425  436  345
e  426  465  417
e  426  533  567
e  426  522  861
e  426  457  255
e  427  428  36
e  428  440  479
e  428  475  655
e  428  491  755
e  428  451  906
e  429  451  895
e  429  489  731
e  430  433  144
e  431  442  83
e  431  445  144
e  432  433  279
e  433  434  46
e  433  438  470
e  434  445  705
e  434  453  345
e  434  444  470
e  435  466  114
e  435  474  764
e  436  437  543
e  436  447  279
e  437  452  279
e  438  444  46
e  438  447  345
e  439  443  255
e  440  468  655
e  441  505  279
e  441  479  265
e  442  459  144
e  443  446  666
e  443  473  861
e  444  449  345
e  445  459  83
e  445  456  345
e  446  457  372
e  447  449  46
e  447  452  543
e  448  458  755
e  448  454  920
e  449  453  470
e  449  461  705
e  449  464  543
e  450  466  265
e  451  509  755
e  451  494  731
e  452  464  46
e  452  482  705
e  452  507  742
e  452  481  830
e  453  456  705
e  454  463  755
e  454  468  36
e  455  758  36
e  455  504  920
e  456  472  83
e  456  483  543
e  456  461  470
e  457  487  861
e  458  471  110
e  458  463  920
e  459  484  378
e  459  524  517
e  459  472  345
e  460  465  731
e  461  469  543
e  462  486  517
e  462  485  785
e  463  476  110
e  463  470  36
e  464  469  705
e  465  467  407
e  465  508  535
e  465  547  895
e  465  554  567
e  466  480  470
e  466  498  764
e  467  490  535
e  468  470  755
e  468  475  479
e  469  483  470
e  469  530  639
e  469  482  46
e  470  492  110
e  470  477  479
e  471  476  920
e  472  525  517
e  472  521  543
e  473  488  372
e  473  486  567
e  474  498  114
e  474  496  906
e  475  477  755
e  476  493  909
e  476  511  908
e  476  492  36
e  477  501  110
e  477  516  906
e  477  491  655
e  478  496  798
e  479  480  985
e  479  550  279
e  480  578  279
e  480  526  764
e  481  502  742
e  482  519  639
e  483  521  83
e  483  560  639
e  484  514  517
e  485  495  517
e  486  497  372
e  486  495  785
e  487  488  666
e  487  522  255
e  487  500  567
e  488  497  567
e  489  490  412
e  489  494  895
e  490  512  895
e  490  508  407
e  491  509  906
e  492  515  908
e  492  501  479
e  493  504  908
e  494  545  755
e  494  534  407
e  494  512  412
e  495  506  372
e  495  529  144
e  495  503  658
e  496  517  114
e  496  499  352
e  497  500  666
e  497  506  785
e  498  526  470
e  498  517  906
e  499  523  114
e  500  528  255
e  500  510  785
e  501  537  908
e  501  555  906
e  502  507  830
e  502  505  639
e  503  514  144
e  504  538  36
e  504  511  909
e  505  513  830
e  505  551  705
e  505  550  265
e  506  510  666
e  506  531  144
e  507  513  639
e  508  518  895
e  509  516  655
e  509  545  731
e  510  540  255
e  510  536  144
e  511  515  36
e  512  518  407
e  513  520  705
e  514  529  658
e  514  532  372
e  514  527  345
e  514  524  378
e  515  538  909
e  515  828  731
e  515  537  479
e  516  555  110
e  516  553  731
e  517  542  470
e  517  523  352
e  518  534  412
e  518  568  567
e  518  547  535
e  519  520  742
e  519  530  46
e  520  535  46
e  520  562  265
e  520  551  830
e  521  565  517
e  521  561  639
e  522  528  567
e  523  548  470
e  523  748  798
e  524  525  345
e  525  527  378
e  525  543  372
e  525  565  543
e  526  579  279
e  526  542  906
e  527  539  372
e  528  533  861
e  528  540  785
e  529  531  372
e  530  560  470
e  530  564  83
e  530  596  517
e  530  535  742
e  531  536  666
e  531  532  658
e  532  541  666
e  532  539  345
e  533  554  417
e  533  552  785
e  534  589  755
e  534  593  567
e  535  598  517
e  535  571  265
e  536  557  255
e  536  546  345
e  536  541  658
e  537  645  731
e  537  575  906
e  538  758  920
e  538  851  7
e  538  919  345
e  538  847  731
e  539  544  666
e  539  543  378
e  540  552  861
e  540  566  417
e  540  557  144
e  541  544  345
e  542  584  279
e  542  548  352
e  543  549  666
e  543  600  639
e  543  592  543
e  544  546  658
e  544  549  378
e  545  553  655
e  545  589  407
e  546  569  255
e  546  556  378
e  547  563  567
e  548  602  279
e  548  836  517
e  548  835  798
e  549  556  658
e  549  628  895
e  549  609  639
e  550  559  705
e  550  585  764
e  550  578  985
e  551  559  265
e  552  558  417
e  553  576  110
e  553  667  908
e  553  642  785
e  554  563  895
e  554  558  785
e  555  575  908
e  555  576  731
e  556  597  255
e  556  612  895
e  557  574  417
e  557  569  345
e  558  567  895
e  558  566  861
e  559  562  830
e  559  595  764
e  560  561  83
e  561  573  517
e  561  564  470
e  562  571  46
e  562  608  764
e  563  568  535
e  563  567  785
e  564  586  517
e  565  592  372
e  565  573  639
e  566  572  895
e  566  574  144
e  567  570  535
e  567  572  861
e  568  593  412
e  568  570  785
e  569  580  417
e  569  587  895
e  569  597  378
e  570  601  412
e  570  588  144
e  570  582  861
e  571  611  517
e  571  637  906
e  571  623  764
e  572  582  535
e  572  577  144
e  573  594  372
e  573  621  742
e  573  586  470
e  574  577  895
e  574  580  345
e  575  591  731
e  576  591  908
e  577  583  535
e  577  581  345
e  578  579  764
e  579  585  985
e  579  603  705
e  579  584  906
e  580  581  895
e  581  590  535
e  581  613  378
e  581  587  417
e  582  583  144
e  583  588  861
e  583  590  345
e  584  604  705
e  584  602  352
e  585  595  705
e  586  599  742
e  586  596  83
e  587  605  378
e  588  618  412
e  588  607  345
e  589  610  567
e  590  607  861
e  590  633  755
e  590  624  378
e  591  645  906
e  591  756  345
e  591  676  785
e  591  667  110
e  592  594  639
e  593  610  755
e  593  601  785
e  594  600  543
e  594  616  666
e  594  639  265
e  594  632  742
e  595  608  830
e  595  606  906
e  595  603  985
e  596  598  742
e  597  605  895
e  598  599  83
e  598  611  265
e  599  621  470
e  599  620  265
e  600  609  666
e  601  614  755
e  601  618  144
e  602  617  705
e  602  807  517
e  603  604  906
e  604  606  985
e  604  619  830
e  604  617  352
e  605  613  417
e  605  612  255
e  606  615  830
e  607  625  412
e  607  630  755
e  608  623  46
e  608  615  906
e  609  647  895
e  609  616  543
e  610  614  785
e  611  620  83
e  611  664  372
e  611  646  906
e  612  640  417
e  612  628  658
e  613  624  535
e  613  640  255
e  614  644  655
e  614  622  144
e  615  626  46
e  615  619  985
e  616  661  895
e  616  650  265
e  617  629  830
e  617  713  517
e  618  622  755
e  618  625  345
e  619  629  352
e  620  631  470
e  620  638  372
e  621  632  372
e  621  631  265
e  622  649  655
e  622  627  345
e  623  626  906
e  624  653  755
e  624  665  639
e  624  655  255
e  625  627  755
e  626  637  764
e  626  648  517
e  626  635  352
e  627  652  655
e  627  641  861
e  627  630  412
e  628  651  417
e  628  647  639
e  629  636  46
e  629  691  517
e  630  633  861
e  631  634  372
e  632  634  265
e  633  641  412
e  633  653  378
e  634  639  742
e  634  654  666
e  634  638  470
e  635  636  985
e  635  656  517
e  636  660  517
e  637  646  517
e  638  675  666
e  638  669  906
e  638  664  83
e  639  650  666
e  640  655  535
e  640  651  658
e  641  684  655
e  641  671  378
e  642  643  567
e  642  674  908
e  643  644  407
e  643  677  908
e  643  657  144
e  644  649  144
e  645  828  479
e  645  822  345
e  646  668  372
e  646  648  764
e  647  659  417
e  647  683  535
e  647  661  543
e  648  670  372
e  648  656  352
e  649  657  407
e  649  652  345
e  650  672  895
e  650  654  742
e  651  658  535
e  651  659  639
e  652  663  407
e  652  705  908
e  652  684  861
e  653  671  412
e  653  680  639
e  654  688  895
e  654  689  906
e  654  675  470
e  655  658  658
e  656  681  372
e  656  660  985
e  657  679  908
e  657  663  345
e  658  662  639
e  659  662  535
e  660  704  372
e  660  691  46
e  661  694  535
e  661  672  265
e  662  666  255
e  662  702  755
e  662  699  265
e  662  683  417
e  663  685  908
e  664  668  906
e  665  666  658
e  665  680  755
e  666  693  755
e  667  674  785
e  668  669  83
e  668  670  764
e  669  682  666
e  669  673  764
e  670  673  83
e  670  681  352
e  671  697  655
e  671  709  639
e  672  695  535
e  672  719  906
e  672  688  742
e  673  690  666
e  673  692  352
e  674  676  110
e  674  677  567
e  675  682  906
e  676  706  144
e  676  678  567
e  677  678  110
e  677  679  144
e  678  686  144
e  679  686  110
e  679  685  345
e  680  709  412
e  680  726  265
e  680  693  658
e  681  692  83
e  681  723  666
e  681  704  985
e  682  689  470
e  682  690  764
e  683  696  265
e  683  694  543
e  684  722  908
e  684  697  378
e  685  687  110
e  685  705  407
e  686  706  567
e  686  687  345
e  687  715  567
e  687  861  906
e  687  780  639
e  687  773  378
e  687  717  407
e  688  698  906
e  689  698  895
e  689  700  764
e  690  700  470
e  690  710  895
e  690  703  352
e  691  800  372
e  691  713  830
e  692  703  666
e  693  714  265
e  693  702  255
e  694  695  265
e  695  696  543
e  695  701  417
e  695  720  906
e  696  699  417
e  697  728  908
e  697  718  639
e  698  719  742
e  698  721  535
e  698  707  764
e  699  708  755
e  699  701  543
e  700  707  895
e  701  711  755
e  701  724  906
e  702  708  265
e  703  712  895
e  703  734  985
e  703  723  83
e  704  730  666
e  704  749  895
e  704  800  46
e  705  717  110
e  705  722  861
e  706  715  345
e  707  731  535
e  707  716  352
e  707  710  470
e  708  714  255
e  708  711  543
e  709  718  655
e  709  745  265
e  710  712  352
e  711  733  255
e  711  725  906
e  712  716  470
e  712  759  755
e  712  736  985
e  713  810  372
e  713  826  895
e  713  807  705
e  714  726  658
e  714  752  906
e  714  733  543
e  715  757  785
e  715  841  906
e  716  739  535
e  716  750  755
e  717  755  378
e  717  741  861
e  718  740  908
e  718  747  265
e  719  720  535
e  720  724  417
e  720  721  742
e  721  727  417
e  721  732  755
e  721  731  764
e  722  741  110
e  722  728  378
e  723  730  985
e  724  725  755
e  724  727  742
e  725  744  255
e  725  751  764
e  725  729  742
e  726  745  412
e  726  753  655
e  726  761  906
e  727  729  755
e  728  743  110
e  728  740  639
e  729  737  764
e  729  732  417
e  730  734  83
e  730  738  895
e  731  735  755
e  731  739  352
e  732  735  764
e  733  744  906
e  734  736  895
e  735  737  417
e  735  742  352
e  736  772  755
e  736  738  83
e  737  751  742
e  737  767  255
e  737  746  352
e  738  797  755
e  738  749  666
e  739  742  755
e  740  754  110
e  740  763  265
e  741  743  378
e  742  746  417
e  742  765  470
e  742  750  535
e  743  755  861
e  743  754  639
e  744  752  543
e  744  771  655
e  744  760  764
e  745  747  655
e  746  769  255
e  746  804  655
e  746  801  985
e  746  784  470
e  747  763  908
e  747  766  906
e  747  753  412
e  748  835  470
e  748  862  517
e  749  824  755
e  749  811  46
e  750  759  470
e  751  760  255
e  752  761  658
e  752  764  655
e  753  762  906
e  754  768  861
e  754  791  407
e  754  778  265
e  755  773  407
e  755  768  639
e  756  757  144
e  756  822  906
e  757  827  906
e  758  842  7
e  759  765  535
e  759  772  985
e  760  776  655
e  760  770  352
e  760  767  742
e  761  762  655
e  762  766  412
e  762  764  658
e  763  778  110
e  763  777  906
e  764  774  412
e  764  771  543
e  765  784  417
e  765  779  985
e  766  777  908
e  766  787  764
e  766  774  658
e  767  769  352
e  768  775  407
e  769  770  742
e  769  785  655
e  770  782  655
e  771  781  412
e  771  776  764
e  772  779  535
e  772  797  83
e  773  775  639
e  774  786  764
e  774  781  543
e  775  780  378
e  775  814  265
e  775  791  861
e  776  783  412
e  776  782  352
e  777  792  110
e  777  790  764
e  778  809  407
e  778  792  906
e  779  794  417
e  779  812  83
e  780  874  906
e  780  850  906
e  780  830  265
e  781  783  764
e  782  788  412
e  782  785  742
e  783  786  543
e  783  789  658
e  783  795  908
e  783  788  352
e  784  794  985
e  785  802  412
e  785  805  908
e  785  804  255
e  786  787  658
e  787  790  908
e  787  789  543
e  788  796  908
e  788  802  742
e  789  793  908
e  790  806  110
e  790  799  352
e  790  793  543
e  791  809  265
e  792  815  407
e  792  806  764
e  793  798  352
e  793  795  658
e  794  801  470
e  794  825  655
e  794  848  908
e  794  838  83
e  795  796  352
e  796  798  658
e  796  803  742
e  797  812  535
e  797  858  46
e  797  824  666
e  798  799  543
e  798  813  110
e  799  808  110
e  800  811  895
e  800  810  830
e  801  816  655
e  802  803  908
e  803  820  110
e  803  832  985
e  803  805  412
e  804  818  908
e  804  816  985
e  805  829  985
e  805  818  255
e  806  833  407
e  806  808  352
e  807  863  895
e  807  871  798
e  807  836  279
e  808  834  407
e  808  866  742
e  808  813  543
e  809  814  861
e  809  815  906
e  810  817  895
e  811  837  755
e  811  817  830
e  812  838  417
e  812  869  908
e  812  872  46
e  813  819  742
e  814  830  378
e  814  821  906
e  815  821  861
e  815  839  352
e  815  833  764
e  816  823  908
e  816  825  470
e  817  844  755
e  817  826  372
e  818  823  985
e  819  820  658
e  819  866  543
e  819  883  407
e  819  870  985
e  820  843  985
e  821  840  378
e  821  845  352
e  822  875  479
e  822  827  144
e  823  829  255
e  823  849  412
e  823  831  470
e  824  837  46
e  825  831  908
e  826  864  755
e  826  863  705
e  827  886  479
e  827  841  785
e  828  847  909
e  828  875  345
e  829  832  412
e  830  840  906
e  831  855  412
e  831  859  110
e  831  854  83
e  831  848  655
e  832  843  110
e  832  849  255
e  833  834  352
e  834  839  764
e  834  846  861
e  834  878  742
e  835  853  517
e  836  853  798
e  837  858  666
e  837  844  830
e  838  852  908
e  839  845  861
e  840  850  265
e  840  885  906
e  840  868  352
e  841  910  479
e  841  890  906
e  841  861  567
e  842  851  920
e  843  870  658
e  843  860  470
e  843  856  255
e  844  865  666
e  844  902  535
e  844  918  908
e  844  904  798
e  844  864  372
e  845  868  378
e  845  846  764
e  846  873  378
e  847  884  345
e  848  852  83
e  849  856  110
e  849  855  470
e  850  879  906
e  851  932  345
e  852  854  655
e  852  869  417
e  853  871  279
e  853  880  895
e  853  862  470
e  854  894  110
e  854  920  46
e  854  882  417
e  855  857  110
e  856  857  470
e  857  860  255
e  857  921  83
e  857  859  412
e  858  872  535
e  858  865  830
e  859  894  83
e  861  889  906
e  861  874  639
e  862  887  895
e  862  867  114
e  863  881  755
e  863  876  798
e  864  899  798
e  864  881  705
e  865  877  535
e  866  878  407
e  867  892  895
e  868  903  906
e  868  873  764
e  869  882  655
e  869  893  46
e  870  906  407
e  871  876  895
e  872  893  908
e  872  877  830
e  873  908  906
e  874  879  906
e  875  884  909
e  875  886  144
e  876  888  755
e  876  880  279
e  877  896  908
e  877  902  666
e  878  883  543
e  879  889  639
e  879  895  567
e  879  885  265
e  880  897  755
e  880  887  470
e  881  888  798
e  882  905  46
e  883  906  985
e  884  919  731
e  884  891  144
e  885  909  567
e  885  903  352
e  886  891  909
e  886  910  785
e  887  898  755
e  887  892  114
e  888  899  705
e  888  912  372
e  888  901  470
e  888  897  279
e  889  890  567
e  890  913  479
e  890  895  639
e  891  917  906
e  891  915  785
e  892  900  755
e  893  905  655
e  893  896  830
e  894  921  412
e  895  922  479
e  895  909  265
e  896  907  655
e  896  914  666
e  897  898  470
e  898  901  279
e  898  900  114
e  899  904  372
e  900  911  279
e  901  926  372
e  901  911  114
e  902  914  908
e  903  930  567
e  903  908  764
e  904  929  908
e  904  912  705
e  905  920  417
e  905  907  830
e  907  923  417
e  909  925  479
e  909  930  352
e  910  915  909
e  910  913  906
e  911  928  372
e  912  926  470
e  913  916  909
e  913  922  639
e  914  931  798
e  914  918  535
e  915  916  906
e  916  917  785
e  916  924  639
e  918  929  798
e  919  932  7
e  920  923  830
e  922  924  909
e  922  925  265
e  924  927  265
e  925  927  909
e  925  933  352
e  926  928  114
e  927  934  352
e  929  931  535
e  930  933  479
e  933  934  909
