p   edge 1517  2892
e  0  1143  159
e  0  852  643
e  0  561  898
e  0  80  897
e  1  2  671
e  1  381  987
e  2  3  224
e  2  119  723
e  2  214  37
e  2  237  987
e  3  4  723
e  4  5  285
e  4  120  37
e  4  119  224
e  5  6  385
e  5  95  37
e  6  7  586
e  6  84  37
e  7  8  37
e  8  9  666
e  8  103  987
e  8  84  586
e  9  10  987
e  10  11  311
e  10  114  586
e  10  103  666
e  11  12  264
e  11  134  586
e  12  13  977
e  12  83  130
e  12  148  586
e  13  14  130
e  14  15  984
e  14  83  977
e  15  16  863
e  15  100  972
e  15  85  977
e  16  17  972
e  17  18  425
e  17  100  863
e  18  19  633
e  18  115  559
e  18  107  863
e  19  20  559
e  20  21  432
e  20  115  633
e  21  22  93
e  21  143  633
e  22  23  918
e  22  195  872
e  22  254  828
e  22  174  977
e  23  24  819
e  23  135  872
e  24  25  872
e  25  26  828
e  25  135  819
e  26  27  157
e  26  271  49
e  26  196  819
e  27  28  247
e  27  136  49
e  28  29  249
e  28  133  49
e  29  30  741
e  29  87  49
e  30  31  126
e  30  81  49
e  31  32  49
e  32  33  98
e  32  81  126
e  33  34  287
e  33  96  126
e  34  35  657
e  34  101  126
e  35  36  244
e  35  118  126
e  36  37  159
e  36  86  302
e  36  178  126
e  37  38  302
e  38  39  683
e  38  86  159
e  39  40  687
e  39  113  482
e  39  127  159
e  40  41  839
e  40  112  482
e  41  42  482
e  42  43  927
e  42  112  839
e  43  44  807
e  43  116  233
e  43  141  839
e  44  45  233
e  45  46  919
e  45  116  807
e  46  47  542
e  46  82  841
e  46  137  807
e  47  48  841
e  48  49  730
e  48  82  542
e  49  50  549
e  49  88  542
e  50  51  94
e  50  108  811
e  50  92  542
e  51  52  811
e  52  53  830
e  52  181  629
e  52  108  94
e  53  54  705
e  53  138  629
e  54  55  140
e  54  117  629
e  55  56  629
e  56  57  181
e  56  152  877
e  56  117  140
e  57  58  802
e  57  104  877
e  58  59  863
e  58  97  877
e  59  60  771
e  59  89  877
e  60  61  877
e  61  62  159
e  61  90  160
e  61  89  771
e  62  63  160
e  63  64  115
e  63  90  159
e  64  65  353
e  64  109  159
e  65  66  617
e  65  93  467
e  65  145  159
e  66  67  467
e  67  68  643
e  67  128  258
e  67  93  617
e  68  69  258
e  69  70  898
e  69  94  824
e  69  128  643
e  70  71  824
e  71  72  350
e  71  94  898
e  72  73  816
e  72  105  592
e  72  110  898
e  73  74  406
e  73  91  592
e  74  75  592
e  75  76  421
e  75  91  406
e  76  77  334
e  76  99  762
e  76  98  406
e  77  78  762
e  78  79  818
e  78  99  334
e  79  80  748
e  79  335  898
e  79  183  406
e  79  102  334
e  80  382  898
e  81  96  98
e  81  87  741
e  82  88  730
e  82  208  839
e  82  180  807
e  83  85  984
e  83  206  586
e  84  106  987
e  84  95  385
e  85  121  972
e  85  222  586
e  86  127  683
e  86  210  482
e  86  198  126
e  87  111  98
e  87  133  249
e  88  92  549
e  88  240  839
e  89  157  160
e  89  163  115
e  89  97  863
e  90  109  115
e  90  157  771
e  91  98  421
e  91  105  816
e  92  142  811
e  92  255  839
e  93  235  258
e  93  164  159
e  94  110  350
e  94  139  592
e  94  170  643
e  95  125  987
e  95  120  285
e  96  101  287
e  96  111  741
e  97  186  115
e  97  104  802
e  98  124  762
e  98  129  816
e  99  102  818
e  99  124  406
e  100  107  425
e  100  121  977
e  101  118  657
e  101  122  741
e  102  126  406
e  103  106  586
e  104  205  115
e  104  152  181
e  105  129  421
e  105  123  898
e  106  114  666
e  106  125  385
e  107  140  559
e  107  130  977
e  108  188  629
e  108  142  542
e  109  145  353
e  109  159  771
e  110  123  592
e  111  122  287
e  111  155  657
e  112  141  927
e  112  113  687
e  113  144  927
e  113  217  233
e  113  171  159
e  114  134  311
e  114  160  385
e  115  143  432
e  115  140  863
e  116  137  919
e  116  156  839
e  117  166  877
e  117  138  705
e  118  178  244
e  118  216  302
e  118  131  741
e  119  151  37
e  120  154  987
e  120  151  224
e  121  130  425
e  121  238  559
e  121  250  586
e  122  131  657
e  123  132  421
e  123  182  762
e  123  139  350
e  124  126  818
e  124  146  898
e  125  160  666
e  125  173  264
e  125  215  224
e  125  154  285
e  126  183  334
e  126  150  898
e  127  171  482
e  128  170  824
e  128  245  592
e  128  235  617
e  129  132  898
e  130  149  559
e  131  227  302
e  131  191  249
e  131  155  287
e  132  147  762
e  133  177  657
e  133  136  247
e  134  148  264
e  134  167  385
e  135  196  828
e  135  195  918
e  136  184  657
e  136  304  819
e  136  271  157
e  137  180  841
e  137  169  839
e  138  192  877
e  138  200  94
e  138  181  830
e  139  190  762
e  139  189  643
e  140  149  977
e  141  156  233
e  141  144  687
e  142  204  629
e  142  241  877
e  142  315  839
e  143  161  977
e  144  158  233
e  145  164  467
e  145  212  771
e  146  147  816
e  146  150  818
e  147  153  818
e  147  182  421
e  148  206  130
e  148  168  385
e  149  162  432
e  149  269  586
e  149  238  425
e  150  231  334
e  150  284  643
e  150  153  816
e  151  165  987
e  151  214  723
e  152  229  115
e  152  166  140
e  153  221  643
e  153  202  350
e  154  165  224
e  155  176  249
e  156  169  919
e  156  158  687
e  157  159  115
e  158  179  919
e  158  228  159
e  158  217  927
e  159  212  353
e  159  201  863
e  159  163  160
e  160  167  311
e  161  162  863
e  161  175  93
e  162  187  93
e  162  286  586
e  163  186  863
e  164  262  258
e  164  233  771
e  165  215  285
e  165  234  264
e  165  225  723
e  166  232  115
e  166  192  705
e  167  168  264
e  168  236  130
e  168  172  666
e  169  193  841
e  169  179  687
e  170  189  592
e  171  224  233
e  171  210  683
e  172  173  311
e  172  265  130
e  172  249  224
e  173  226  224
e  174  175  633
e  174  325  828
e  174  194  863
e  175  187  863
e  176  177  98
e  176  191  287
e  176  185  247
e  177  184  247
e  178  198  302
e  179  199  841
e  179  247  159
e  180  193  839
e  181  188  94
e  182  190  350
e  183  231  898
e  184  185  98
e  184  437  302
e  184  399  918
e  184  365  819
e  185  197  287
e  185  374  302
e  186  201  160
e  186  205  802
e  187  194  633
e  187  318  586
e  188  200  830
e  188  204  542
e  189  207  762
e  189  245  824
e  190  203  818
e  190  207  643
e  191  246  302
e  191  197  247
e  192  253  115
e  192  242  542
e  192  211  94
e  193  208  807
e  193  199  687
e  194  391  828
e  194  373  586
e  195  223  828
e  196  282  49
e  196  223  918
e  197  251  302
e  198  264  482
e  198  288  249
e  198  239  741
e  198  216  244
e  199  218  807
e  199  290  730
e  199  252  159
e  200  211  877
e  201  244  353
e  201  230  802
e  202  203  421
e  202  213  643
e  203  209  643
e  204  220  877
e  205  230  160
e  205  243  140
e  205  229  181
e  206  222  984
e  206  236  385
e  207  209  818
e  207  276  824
e  208  240  730
e  208  218  687
e  209  213  421
e  209  312  159
e  209  297  824
e  210  289  233
e  210  264  126
e  211  219  542
e  212  233  467
e  212  244  863
e  213  221  350
e  213  337  159
e  214  225  987
e  215  226  264
e  216  227  741
e  217  224  159
e  218  248  730
e  219  220  830
e  219  242  94
e  219  260  115
e  220  278  115
e  220  241  629
e  221  284  816
e  221  378  159
e  222  250  972
e  222  258  385
e  223  300  49
e  223  360  977
e  223  254  872
e  224  228  927
e  224  328  841
e  224  289  683
e  225  371  264
e  225  491  671
e  225  237  37
e  226  249  311
e  226  234  285
e  227  239  244
e  227  246  249
e  228  247  919
e  228  273  841
e  229  232  140
e  230  268  353
e  230  256  140
e  231  335  406
e  231  409  748
e  231  346  643
e  232  243  181
e  232  261  160
e  232  274  542
e  232  253  705
e  233  358  258
e  233  406  542
e  233  259  863
e  234  270  311
e  234  322  130
e  234  371  723
e  235  285  592
e  235  262  159
e  236  258  984
e  236  265  666
e  237  381  671
e  238  263  586
e  239  266  249
e  240  255  549
e  240  248  687
e  241  344  115
e  241  336  839
e  242  257  115
e  243  256  160
e  244  259  467
e  244  268  802
e  245  276  762
e  245  285  617
e  246  266  244
e  246  251  247
e  247  252  841
e  248  267  549
e  248  329  159
e  248  290  807
e  249  277  130
e  249  270  285
e  250  263  559
e  250  287  385
e  251  272  244
e  251  339  482
e  251  374  287
e  252  317  730
e  252  351  126
e  252  273  919
e  253  257  542
e  254  325  977
e  255  315  811
e  255  267  687
e  256  275  353
e  256  261  181
e  257  274  705
e  257  291  160
e  257  260  94
e  258  287  972
e  258  323  224
e  258  313  666
e  259  294  140
e  259  280  802
e  260  303  160
e  260  331  353
e  260  278  830
e  261  279  353
e  261  283  542
e  262  295  592
e  262  334  762
e  262  358  771
e  263  269  425
e  263  310  385
e  264  320  233
e  264  298  249
e  265  313  984
e  265  277  224
e  266  288  741
e  266  301  482
e  266  272  247
e  267  330  811
e  267  375  877
e  267  338  159
e  268  280  467
e  268  275  140
e  269  286  432
e  269  324  385
e  270  302  130
e  271  282  819
e  272  305  482
e  273  347  126
e  273  328  927
e  274  283  160
e  275  281  467
e  275  279  181
e  276  297  818
e  276  296  617
e  277  316  984
e  277  302  285
e  278  349  353
e  278  403  467
e  278  388  839
e  278  344  629
e  279  293  467
e  279  292  542
e  280  281  140
e  281  294  802
e  281  333  542
e  281  293  181
e  282  304  157
e  282  300  918
e  283  292  353
e  283  291  705
e  284  346  334
e  284  503  159
e  285  296  762
e  285  295  159
e  286  318  93
e  286  356  385
e  287  310  559
e  287  355  224
e  288  298  482
e  289  340  841
e  289  320  126
e  290  317  159
e  291  306  353
e  291  303  94
e  292  307  467
e  292  306  705
e  293  307  542
e  294  345  542
e  295  299  762
e  296  299  159
e  297  308  159
e  298  353  233
e  298  327  247
e  298  301  741
e  299  309  818
e  299  384  771
e  299  334  592
e  300  326  157
e  300  431  657
e  300  379  977
e  301  305  247
e  302  352  984
e  302  322  311
e  303  311  353
e  304  365  657
e  304  326  918
e  305  327  741
e  305  369  233
e  305  339  244
e  306  319  467
e  306  311  94
e  307  333  181
e  307  332  94
e  307  319  705
e  308  309  617
e  308  312  824
e  309  314  824
e  309  387  771
e  310  324  425
e  310  359  224
e  311  321  467
e  311  331  160
e  312  337  421
e  312  314  617
e  313  316  224
e  314  354  421
e  314  417  771
e  315  336  877
e  315  330  687
e  316  323  666
e  316  366  972
e  316  352  285
e  317  329  807
e  317  363  549
e  317  429  126
e  318  373  633
e  318  492  828
e  318  390  385
e  319  321  94
e  320  341  841
e  320  353  249
e  321  332  705
e  321  470  762
e  321  364  830
e  321  350  160
e  322  435  984
e  322  446  723
e  323  355  972
e  324  356  432
e  324  389  224
e  325  360  872
e  325  398  49
e  325  391  863
e  326  368  657
e  327  361  233
e  328  342  126
e  328  340  683
e  329  338  549
e  330  343  877
e  331  350  467
e  331  349  830
e  332  405  802
e  333  345  802
e  334  377  771
e  335  382  748
e  336  367  115
e  336  343  687
e  337  378  350
e  337  354  617
e  338  386  877
e  338  363  807
e  339  467  233
e  339  500  918
e  339  466  287
e  340  341  126
e  341  342  683
e  341  348  927
e  341  370  249
e  342  347  927
e  343  376  115
e  343  392  159
e  343  375  811
e  344  367  839
e  345  407  863
e  345  419  258
e  345  441  762
e  345  404  94
e  346  475  748
e  346  524  159
e  347  351  919
e  347  348  683
e  348  362  919
e  348  383  249
e  349  357  467
e  350  357  830
e  351  429  730
e  351  401  249
e  351  362  683
e  352  397  559
e  352  435  311
e  353  370  841
e  353  361  247
e  354  474  350
e  354  443  771
e  355  359  559
e  355  366  666
e  356  390  93
e  356  415  224
e  357  364  160
e  357  412  839
e  357  403  353
e  358  377  762
e  358  413  542
e  359  389  425
e  359  372  666
e  360  379  49
e  361  380  841
e  361  369  741
e  362  385  249
e  363  438  877
e  363  455  126
e  364  522  762
e  364  440  839
e  365  368  918
e  366  372  559
e  367  388  629
e  367  376  687
e  368  399  819
e  368  454  302
e  368  444  977
e  368  431  157
e  369  393  841
e  369  467  244
e  370  383  927
e  370  380  247
e  371  446  130
e  371  540  671
e  372  426  425
e  372  396  285
e  373  421  828
e  374  466  482
e  374  452  918
e  374  437  98
e  375  386  159
e  376  402  629
e  376  439  467
e  376  410  159
e  377  384  592
e  377  408  818
e  377  420  542
e  378  503  816
e  378  630  542
e  378  474  617
e  379  436  657
e  379  498  586
e  379  398  872
e  380  394  927
e  380  400  919
e  380  393  741
e  381  491  37
e  381  663  130
e  382  561  897
e  382  560  643
e  382  409  406
e  383  385  919
e  383  394  247
e  384  387  818
e  385  401  683
e  385  395  247
e  386  392  811
e  386  449  115
e  386  438  807
e  387  417  824
e  387  430  542
e  387  408  592
e  388  411  467
e  388  402  687
e  389  415  432
e  389  426  666
e  390  508  828
e  390  464  224
e  391  447  49
e  391  421  586
e  392  410  115
e  393  416  919
e  393  501  244
e  394  395  919
e  395  422  683
e  395  418  741
e  395  400  927
e  396  397  972
e  396  462  425
e  396  541  311
e  397  514  311
e  398  482  586
e  398  447  863
e  399  448  302
e  400  416  741
e  401  457  730
e  401  422  247
e  402  423  467
e  403  411  839
e  404  405  181
e  404  445  762
e  405  458  762
e  406  407  140
e  406  413  258
e  407  414  258
e  408  428  542
e  409  475  643
e  410  453  467
e  410  516  126
e  410  449  811
e  411  412  353
e  411  423  687
e  412  440  160
e  412  425  687
e  413  420  762
e  413  414  140
e  414  424  762
e  414  419  863
e  415  464  93
e  415  463  666
e  416  418  927
e  416  585  244
e  417  443  421
e  417  473  542
e  418  509  683
e  418  545  730
e  418  601  877
e  418  670  115
e  418  669  918
e  418  635  244
e  419  427  762
e  420  428  818
e  420  424  140
e  421  461  49
e  421  519  385
e  421  492  633
e  422  477  730
e  422  509  741
e  423  425  353
e  423  439  629
e  424  432  818
e  424  427  863
e  425  456  160
e  425  468  159
e  425  450  629
e  426  463  432
e  426  462  285
e  427  434  818
e  427  451  94
e  427  441  258
e  428  430  592
e  428  432  140
e  429  455  549
e  429  457  249
e  430  473  824
e  430  433  140
e  431  436  977
e  432  433  592
e  432  434  863
e  433  485  824
e  433  442  863
e  434  442  592
e  434  460  94
e  435  514  559
e  435  593  723
e  436  444  157
e  436  523  586
e  437  448  918
e  438  488  115
e  438  476  126
e  439  450  353
e  439  453  159
e  440  527  762
e  440  456  687
e  441  445  94
e  442  511  824
e  442  472  94
e  443  559  350
e  443  487  542
e  444  513  302
e  444  569  586
e  445  451  258
e  445  458  181
e  446  593  984
e  446  664  559
e  446  580  671
e  447  461  586
e  448  452  98
e  448  454  819
e  449  502  126
e  449  488  807
e  450  459  159
e  451  460  818
e  451  471  181
e  452  486  482
e  452  465  819
e  453  459  353
e  453  526  126
e  454  465  98
e  454  520  482
e  454  513  977
e  455  476  877
e  455  489  249
e  456  537  762
e  456  505  159
e  457  489  549
e  457  477  247
e  458  471  258
e  458  469  705
e  459  468  629
e  459  536  126
e  460  472  592
e  460  478  181
e  461  482  863
e  461  515  872
e  461  583  657
e  461  535  385
e  462  499  432
e  462  741  311
e  463  542  93
e  463  499  285
e  464  568  828
e  464  542  666
e  465  493  482
e  466  486  918
e  467  501  841
e  467  566  918
e  468  505  160
e  468  589  126
e  469  470  802
e  469  479  258
e  470  480  258
e  470  496  818
e  470  522  830
e  471  478  818
e  471  479  705
e  472  517  824
e  472  484  181
e  473  487  421
e  473  485  140
e  474  603  542
e  474  559  771
e  475  560  406
e  475  675  897
e  475  609  159
e  476  495  115
e  476  494  249
e  477  504  549
e  477  510  877
e  477  528  741
e  478  484  592
e  478  481  705
e  479  481  818
e  479  480  802
e  480  483  818
e  481  490  592
e  481  483  802
e  482  498  872
e  483  497  592
e  483  496  258
e  484  490  705
e  485  506  421
e  485  511  863
e  486  500  287
e  486  493  819
e  487  570  350
e  487  506  140
e  488  495  126
e  489  494  877
e  489  504  247
e  490  557  824
e  490  497  802
e  491  540  264
e  492  508  385
e  493  521  287
e  493  531  977
e  493  520  98
e  494  512  115
e  494  507  247
e  495  502  807
e  495  512  249
e  496  533  830
e  497  578  824
e  497  553  839
e  498  523  657
e  498  515  863
e  499  581  93
e  499  783  49
e  499  757  311
e  500  566  233
e  500  521  819
e  501  585  919
e  501  579  918
e  502  516  811
e  502  529  249
e  503  524  334
e  503  712  542
e  504  507  877
e  505  562  762
e  505  596  126
e  506  608  350
e  506  558  94
e  506  530  863
e  507  518  115
e  507  510  549
e  508  519  633
e  508  543  49
e  508  568  224
e  509  528  730
e  510  547  115
e  510  546  741
e  511  530  421
e  511  517  94
e  512  529  807
e  512  518  247
e  513  525  482
e  513  584  586
e  514  541  972
e  514  606  723
e  515  544  657
e  516  526  467
e  516  532  249
e  517  534  421
e  517  556  705
e  518  550  467
e  518  576  741
e  518  547  549
e  519  535  49
e  520  525  977
e  521  582  233
e  521  571  977
e  522  533  818
e  522  527  839
e  523  569  157
e  523  617  482
e  523  544  863
e  524  609  748
e  524  716  542
e  525  531  98
e  525  592  586
e  526  536  353
e  526  539  249
e  527  538  818
e  527  537  687
e  528  546  877
e  528  545  683
e  529  532  811
e  530  534  94
e  531  571  287
e  531  643  233
e  531  618  586
e  532  539  467
e  533  538  839
e  534  558  863
e  534  694  350
e  534  572  705
e  535  611  657
e  535  641  224
e  535  543  633
e  536  589  629
e  536  551  249
e  537  552  818
e  537  562  159
e  538  555  592
e  538  552  687
e  539  551  353
e  539  548  247
e  540  580  130
e  541  741  425
e  541  665  723
e  542  650  828
e  542  581  285
e  543  590  224
e  544  625  482
e  544  633  385
e  544  583  872
e  545  575  877
e  546  565  115
e  546  575  683
e  547  565  741
e  548  549  807
e  548  563  353
e  549  550  811
e  549  577  353
e  550  586  353
e  550  600  741
e  551  599  629
e  551  563  247
e  552  564  592
e  552  574  159
e  553  554  830
e  553  605  824
e  553  594  687
e  554  555  258
e  554  567  687
e  555  564  687
e  556  557  181
e  556  572  421
e  557  573  421
e  557  578  802
e  558  654  350
e  559  570  542
e  560  607  897
e  561  607  643
e  562  574  818
e  562  615  126
e  563  610  629
e  563  620  160
e  563  672  762
e  563  684  741
e  563  577  807
e  564  567  258
e  564  587  159
e  565  576  549
e  565  626  467
e  565  588  683
e  566  579  841
e  566  582  819
e  567  594  830
e  567  638  824
e  567  591  159
e  568  590  49
e  568  650  666
e  569  584  302
e  570  603  771
e  570  674  617
e  570  608  140
e  571  597  233
e  572  722  350
e  572  711  839
e  572  573  181
e  573  646  839
e  573  598  802
e  574  587  592
e  574  624  126
e  575  588  115
e  575  601  730
e  576  600  467
e  577  637  741
e  577  586  811
e  578  598  421
e  578  605  839
e  579  623  919
e  579  634  977
e  579  595  819
e  580  705  559
e  580  662  37
e  581  666  828
e  581  706  49
e  582  595  841
e  582  597  977
e  583  611  385
e  584  592  482
e  585  635  927
e  585  623  918
e  586  612  741
e  587  591  258
e  587  644  126
e  588  632  467
e  588  619  730
e  589  596  160
e  589  599  249
e  590  641  633
e  590  689  657
e  590  667  666
e  591  639  824
e  591  673  249
e  591  658  126
e  592  618  98
e  592  642  863
e  592  616  157
e  593  606  559
e  594  622  824
e  595  604  977
e  596  615  762
e  596  602  249
e  597  604  841
e  597  657  586
e  597  643  287
e  598  614  839
e  599  602  160
e  599  610  247
e  600  612  353
e  600  636  683
e  600  626  549
e  601  619  115
e  602  621  762
e  602  613  247
e  603  630  617
e  604  634  819
e  604  655  919
e  604  660  586
e  605  614  421
e  605  622  687
e  606  665  972
e  606  725  671
e  606  664  984
e  607  852  898
e  607  776  159
e  607  675  406
e  608  770  617
e  608  654  94
e  609  736  897
e  609  780  542
e  610  613  160
e  611  633  872
e  611  696  482
e  611  678  224
e  612  637  811
e  612  745  762
e  612  671  683
e  613  627  762
e  613  620  629
e  614  646  802
e  614  629  687
e  615  624  818
e  615  621  249
e  616  617  302
e  616  631  863
e  617  625  863
e  618  651  233
e  618  719  863
e  619  692  467
e  619  695  918
e  619  670  877
e  620  652  762
e  621  628  818
e  621  627  247
e  622  629  421
e  622  645  159
e  622  638  830
e  623  656  927
e  623  648  977
e  624  644  592
e  624  628  249
e  625  631  302
e  625  676  385
e  626  632  683
e  627  640  818
e  627  652  629
e  628  647  592
e  628  640  247
e  629  685  802
e  629  649  159
e  630  712  816
e  630  674  771
e  631  642  157
e  631  682  385
e  632  636  549
e  632  683  353
e  632  744  977
e  632  737  918
e  632  692  730
e  633  676  482
e  634  648  919
e  635  656  918
e  636  671  353
e  637  684  807
e  637  690  762
e  638  639  159
e  639  645  830
e  639  653  421
e  639  699  249
e  640  661  592
e  640  681  629
e  641  678  657
e  642  719  98
e  642  726  233
e  642  707  385
e  643  651  586
e  644  658  258
e  644  647  249
e  645  649  421
e  646  711  181
e  646  753  350
e  646  685  687
e  647  659  258
e  647  661  247
e  648  679  927
e  648  655  819
e  649  710  802
e  649  768  249
e  649  653  830
e  650  667  49
e  650  666  285
e  651  657  287
e  651  668  841
e  651  724  863
e  652  681  818
e  652  672  160
e  653  704  249
e  654  849  617
e  654  775  839
e  654  694  863
e  655  686  927
e  655  697  586
e  656  669  244
e  656  679  977
e  657  660  841
e  658  659  249
e  659  673  126
e  659  702  824
e  659  677  247
e  660  697  919
e  660  794  863
e  660  668  287
e  661  677  258
e  661  735  741
e  661  721  629
e  662  663  264
e  662  912  559
e  663  1116  559
e  663  1428  49
e  664  705  671
e  665  824  432
e  665  782  671
e  666  680  49
e  667  777  657
e  667  680  285
e  668  731  863
e  669  691  115
e  669  687  977
e  670  691  918
e  671  752  762
e  671  771  977
e  671  683  549
e  672  693  818
e  672  688  741
e  673  699  824
e  674  789  816
e  674  770  140
e  675  736  159
e  676  682  302
e  676  733  224
e  676  696  872
e  677  714  824
e  677  756  741
e  678  713  482
e  678  689  633
e  679  687  244
e  679  715  115
e  679  686  819
e  680  784  657
e  680  936  482
e  680  825  93
e  680  706  828
e  681  721  592
e  681  701  741
e  681  693  160
e  682  707  157
e  682  793  233
e  682  739  224
e  683  747  977
e  684  688  762
e  685  761  350
e  685  710  159
e  686  720  115
e  686  727  586
e  687  700  115
e  688  698  818
e  688  690  807
e  689  758  482
e  689  777  666
e  690  708  818
e  690  745  811
e  691  695  877
e  691  700  977
e  692  717  918
e  693  698  741
e  694  762  839
e  694  722  705
e  695  717  467
e  695  703  977
e  696  713  224
e  697  727  927
e  697  785  115
e  697  809  863
e  698  701  160
e  698  708  807
e  699  704  421
e  699  702  126
e  700  703  877
e  700  728  819
e  700  715  244
e  701  730  592
e  701  729  807
e  702  709  421
e  702  714  247
e  703  723  467
e  703  732  819
e  704  768  830
e  704  709  126
e  705  725  984
e  705  912  37
e  706  783  93
e  707  748  233
e  708  729  160
e  708  774  592
e  708  766  683
e  709  795  830
e  709  718  247
e  710  765  350
e  710  807  249
e  711  738  350
e  712  716  334
e  712  789  771
e  713  733  872
e  713  742  302
e  713  758  633
e  714  718  421
e  714  814  741
e  715  720  819
e  716  780  748
e  716  791  771
e  717  737  730
e  717  723  977
e  718  802  830
e  718  886  350
e  718  816  741
e  719  724  233
e  720  728  244
e  720  734  877
e  720  746  586
e  721  730  741
e  722  738  839
e  723  740  730
e  723  749  819
e  724  731  841
e  724  726  98
e  725  782  972
e  725  1157  49
e  725  1117  37
e  726  743  841
e  726  748  385
e  727  746  115
e  728  732  877
e  729  755  592
e  730  735  629
e  730  787  258
e  730  755  807
e  731  794  287
e  731  759  385
e  731  743  98
e  732  749  467
e  732  734  244
e  733  739  302
e  734  760  467
e  734  751  586
e  735  756  258
e  736  776  406
e  736  895  542
e  737  740  977
e  738  762  705
e  738  769  687
e  738  753  181
e  739  798  233
e  739  827  841
e  739  742  872
e  740  744  918
e  740  750  353
e  741  757  432
e  742  870  841
e  742  799  633
e  743  754  385
e  744  747  353
e  745  752  683
e  746  751  877
e  746  785  927
e  747  771  549
e  747  750  918
e  748  754  841
e  748  793  157
e  749  773  353
e  749  764  586
e  749  760  244
e  750  779  549
e  750  804  762
e  750  790  586
e  750  772  819
e  751  763  467
e  752  767  818
e  752  786  977
e  753  761  687
e  754  759  98
e  754  803  224
e  754  797  157
e  755  801  258
e  755  839  977
e  755  774  160
e  756  814  824
e  756  842  421
e  756  889  977
e  756  841  807
e  756  787  629
e  757  869  49
e  757  823  723
e  758  799  302
e  758  826  285
e  758  812  666
e  759  808  287
e  759  829  919
e  759  828  224
e  760  763  586
e  761  769  181
e  761  765  159
e  762  775  863
e  763  764  244
e  763  805  353
e  763  860  385
e  763  832  927
e  764  778  353
e  765  788  181
e  765  818  249
e  766  767  811
e  766  810  592
e  766  813  977
e  767  796  977
e  768  807  802
e  768  795  126
e  769  788  159
e  770  851  334
e  770  849  94
e  771  786  762
e  771  779  918
e  772  773  730
e  772  781  586
e  773  778  586
e  774  810  683
e  775  927  617
e  775  939  334
e  775  846  159
e  776  1027  898
e  776  1026  542
e  777  812  482
e  777  784  285
e  778  781  730
e  778  805  244
e  779  792  762
e  780  895  897
e  780  880  771
e  781  790  819
e  781  820  762
e  781  834  244
e  782  946  432
e  782  962  49
e  783  825  828
e  783  869  311
e  784  815  482
e  785  833  467
e  785  830  385
e  786  796  818
e  786  792  918
e  787  801  807
e  788  848  863
e  788  873  249
e  789  791  334
e  790  811  762
e  791  880  748
e  791  850  140
e  792  806  818
e  792  819  586
e  792  804  549
e  793  797  841
e  793  798  224
e  794  809  919
e  794  808  385
e  795  802  247
e  796  813  811
e  796  806  918
e  797  800  224
e  798  800  841
e  799  888  841
e  799  863  285
e  800  803  157
e  800  958  115
e  800  965  633
e  800  875  872
e  800  827  233
e  801  841  629
e  801  855  977
e  802  845  350
e  803  828  98
e  803  942  115
e  804  811  586
e  805  834  730
e  805  871  762
e  805  883  385
e  806  838  592
e  806  822  586
e  807  818  350
e  808  817  919
e  809  817  385
e  810  821  977
e  811  819  549
e  811  820  819
e  812  815  285
e  813  821  592
e  814  816  421
e  815  826  666
e  815  864  302
e  815  1120  723
e  815  1080  311
e  815  936  657
e  816  995  350
e  816  899  977
e  816  842  824
e  817  831  115
e  817  829  287
e  818  873  181
e  818  843  247
e  819  822  818
e  820  836  818
e  820  861  244
e  821  840  160
e  821  837  918
e  822  853  592
e  822  835  819
e  823  824  425
e  823  897  49
e  824  947  49
e  824  946  671
e  825  1031  482
e  825  935  311
e  826  863  302
e  827  870  872
e  828  877  919
e  828  901  115
e  829  867  115
e  829  877  224
e  830  831  863
e  830  854  467
e  831  857  467
e  831  867  287
e  832  833  877
e  832  856  385
e  833  854  385
e  834  861  762
e  835  836  549
e  835  872  592
e  836  915  592
e  836  884  244
e  837  838  811
e  837  862  160
e  837  858  586
e  838  853  586
e  839  840  683
e  839  855  258
e  840  866  258
e  840  862  918
e  841  881  977
e  842  896  977
e  843  844  126
e  843  907  181
e  844  845  802
e  844  926  181
e  844  1135  334
e  844  1131  586
e  845  886  830
e  846  847  687
e  846  953  334
e  847  848  705
e  847  972  334
e  847  917  249
e  848  904  249
e  849  876  334
e  849  927  839
e  850  851  816
e  850  908  748
e  850  879  94
e  851  876  94
e  852  1027  159
e  853  858  811
e  853  872  819
e  854  856  877
e  854  857  863
e  855  881  629
e  855  894  586
e  855  885  918
e  855  866  683
e  856  860  927
e  856  859  863
e  857  859  877
e  857  892  224
e  858  868  160
e  858  898  819
e  859  865  927
e  859  902  224
e  860  883  353
e  860  865  863
e  861  884  818
e  861  871  730
e  862  874  258
e  862  868  586
e  863  919  841
e  863  864  666
e  864  923  841
e  864  1160  723
e  865  890  353
e  865  925  224
e  866  874  918
e  867  882  224
e  868  878  258
e  868  909  819
e  869  935  828
e  869  897  723
e  870  875  233
e  870  888  633
e  871  905  818
e  871  900  385
e  872  898  811
e  872  951  258
e  872  974  385
e  872  915  549
e  873  904  863
e  873  907  247
e  874  885  683
e  874  878  586
e  875  891  633
e  876  879  816
e  876  929  839
e  877  882  115
e  878  887  683
e  878  959  421
e  878  916  819
e  879  944  748
e  879  940  839
e  880  1076  897
e  880  908  140
e  881  889  807
e  881  903  421
e  881  910  586
e  882  893  467
e  882  901  919
e  883  900  762
e  883  890  863
e  884  941  592
e  884  920  385
e  884  905  730
e  885  887  586
e  886  995  741
e  887  894  918
e  887  921  629
e  887  938  421
e  888  891  233
e  888  919  285
e  889  896  421
e  890  911  762
e  890  933  224
e  891  965  872
e  891  924  285
e  892  893  287
e  892  902  877
e  893  913  877
e  893  987  98
e  893  948  919
e  894  910  629
e  895  1026  406
e  895  1141  249
e  895  1076  771
e  896  899  824
e  896  903  807
e  897  964  828
e  897  963  671
e  897  947  425
e  898  909  160
e  898  937  258
e  899  1037  350
e  899  931  586
e  899  906  807
e  900  914  818
e  900  911  863
e  901  948  467
e  901  942  98
e  902  925  927
e  902  949  353
e  902  913  287
e  903  906  824
e  903  918  586
e  904  917  705
e  904  943  247
e  905  914  385
e  906  922  586
e  907  943  863
e  907  926  126
e  908  1087  897
e  908  1104  249
e  908  944  94
e  909  916  258
e  910  918  421
e  910  921  918
e  911  934  818
e  911  945  224
e  912  1117  984
e  912  1190  49
e  912  1116  264
e  913  977  353
e  913  1016  762
e  913  1014  157
e  914  920  730
e  914  934  863
e  915  967  385
e  915  941  244
e  916  981  421
e  916  1021  385
e  916  968  811
e  916  937  160
e  917  975  334
e  917  971  247
e  918  922  824
e  918  928  918
e  919  924  233
e  919  923  666
e  920  954  592
e  920  950  863
e  921  928  421
e  922  931  807
e  922  932  918
e  923  930  233
e  923  1168  723
e  924  993  872
e  924  1004  115
e  924  930  666
e  925  933  353
e  926  970  863
e  926  1098  334
e  927  929  334
e  928  932  824
e  928  938  629
e  929  940  816
e  929  956  159
e  929  939  617
e  930  1008  115
e  930  1121  467
e  930  1186  723
e  931  1051  350
e  931  955  918
e  932  955  807
e  932  1022  819
e  932  990  683
e  932  952  629
e  933  945  762
e  933  949  927
e  934  950  730
e  934  961  224
e  935  1038  482
e  935  964  723
e  936  1057  311
e  936  1031  93
e  937  951  811
e  938  952  824
e  938  959  683
e  939  953  159
e  940  985  748
e  940  960  159
e  941  954  385
e  942  966  467
e  942  958  157
e  943  971  705
e  943  970  126
e  944  1086  249
e  944  985  839
e  945  961  818
e  945  978  927
e  946  957  49
e  947  957  671
e  948  966  98
e  949  978  762
e  949  977  287
e  950  979  592
e  950  992  224
e  951  968  160
e  951  998  385
e  952  969  683
e  953  956  617
e  953  973  816
e  953  972  687
e  954  967  244
e  954  989  549
e  954  979  863
e  955  1107  350
e  955  1075  819
e  956  960  816
e  957  963  425
e  957  1118  828
e  957  1158  482
e  957  962  432
e  958  976  467
e  958  999  633
e  959  969  824
e  959  981  819
e  960  997  748
e  960  991  249
e  960  983  687
e  960  973  617
e  961  992  730
e  961  1019  592
e  961  1017  287
e  962  1171  482
e  962  1191  37
e  962  1157  972
e  963  1030  828
e  964  1045  482
e  964  1030  671
e  965  999  115
e  965  993  285
e  966  987  919
e  966  976  157
e  967  974  549
e  968  1009  385
e  969  990  629
e  969  986  819
e  970  996  705
e  970  1036  334
e  971  1000  334
e  971  996  126
e  972  980  816
e  972  975  249
e  973  980  687
e  974  998  258
e  974  989  244
e  975  982  816
e  975  1000  247
e  976  994  919
e  976  1013  285
e  976  1006  633
e  977  988  762
e  978  988  287
e  979  1020  549
e  979  1001  224
e  980  983  617
e  980  982  249
e  981  986  824
e  981  1040  385
e  982  984  617
e  982  1005  247
e  983  984  249
e  984  991  687
e  984  1025  748
e  984  1024  247
e  985  1065  249
e  985  997  159
e  986  1003  629
e  986  1050  385
e  987  994  157
e  988  1018  818
e  988  1054  157
e  988  1016  353
e  989  1029  258
e  989  1020  863
e  990  1003  819
e  991  1007  748
e  992  1001  592
e  993  1002  115
e  994  1015  877
e  994  1034  285
e  995  1037  977
e  996  1023  334
e  997  1007  249
e  998  1009  160
e  998  1035  863
e  998  1029  244
e  999  1006  467
e  999  1002  285
e  1000  1005  816
e  1000  1023  126
e  1001  1043  549
e  1001  1063  258
e  1001  1169  285
e  1001  1019  730
e  1002  1010  467
e  1002  1004  872
e  1003  1022  683
e  1003  1093  385
e  1004  1008  666
e  1005  1024  617
e  1005  1028  126
e  1006  1010  285
e  1007  1065  159
e  1007  1114  897
e  1007  1085  247
e  1007  1025  687
e  1008  1012  467
e  1009  1021  811
e  1009  1055  863
e  1010  1013  633
e  1010  1041  919
e  1010  1011  666
e  1011  1012  872
e  1011  1046  919
e  1011  1058  877
e  1012  1066  877
e  1012  1095  762
e  1012  1211  723
e  1012  1121  115
e  1013  1034  919
e  1014  1015  98
e  1014  1042  762
e  1015  1048  762
e  1015  1039  285
e  1016  1042  157
e  1017  1018  927
e  1017  1101  592
e  1017  1113  285
e  1018  1072  285
e  1019  1150  285
e  1019  1101  287
e  1020  1032  258
e  1020  1043  224
e  1021  1040  421
e  1021  1077  863
e  1022  1075  807
e  1022  1130  385
e  1023  1028  816
e  1023  1036  705
e  1024  1033  748
e  1024  1044  126
e  1025  1033  247
e  1026  1227  898
e  1026  1226  249
e  1027  1143  643
e  1027  1227  542
e  1028  1044  617
e  1028  1084  748
e  1028  1064  705
e  1029  1032  863
e  1030  1090  482
e  1030  1118  425
e  1031  1038  311
e  1032  1035  244
e  1032  1049  224
e  1033  1085  687
e  1033  1147  897
e  1033  1056  126
e  1034  1039  877
e  1034  1041  633
e  1035  1055  160
e  1035  1067  224
e  1036  1064  816
e  1036  1098  863
e  1037  1051  586
e  1038  1057  93
e  1038  1045  723
e  1039  1053  762
e  1039  1047  633
e  1040  1050  824
e  1040  1089  863
e  1041  1047  877
e  1041  1046  666
e  1042  1054  353
e  1042  1048  98
e  1043  1049  258
e  1044  1056  748
e  1045  1079  93
e  1045  1094  657
e  1045  1090  671
e  1046  1052  877
e  1047  1052  666
e  1048  1053  285
e  1049  1067  244
e  1049  1074  160
e  1049  1174  421
e  1049  1063  549
e  1050  1093  629
e  1050  1129  224
e  1050  1099  863
e  1051  1134  802
e  1051  1107  918
e  1052  1060  762
e  1052  1070  872
e  1052  1058  919
e  1053  1062  353
e  1053  1059  666
e  1054  1061  285
e  1055  1077  811
e  1055  1069  224
e  1056  1152  897
e  1056  1254  586
e  1056  1137  705
e  1056  1084  617
e  1057  1080  657
e  1057  1079  723
e  1058  1066  872
e  1059  1060  633
e  1059  1068  353
e  1060  1071  353
e  1060  1078  872
e  1061  1062  98
e  1061  1073  818
e  1062  1068  666
e  1063  1181  421
e  1063  1179  285
e  1064  1108  748
e  1064  1136  863
e  1065  1086  839
e  1065  1112  897
e  1066  1070  919
e  1066  1081  762
e  1067  1069  160
e  1068  1083  818
e  1068  1071  633
e  1069  1092  811
e  1069  1103  421
e  1069  1074  244
e  1070  1078  762
e  1071  1088  818
e  1071  1100  872
e  1072  1073  157
e  1072  1113  927
e  1072  1102  666
e  1073  1082  666
e  1074  1111  421
e  1075  1166  350
e  1075  1146  385
e  1076  1087  140
e  1077  1089  421
e  1077  1092  224
e  1078  1100  353
e  1078  1081  919
e  1079  1091  657
e  1080  1091  723
e  1081  1123  818
e  1081  1095  877
e  1082  1083  98
e  1082  1102  157
e  1082  1096  633
e  1083  1088  633
e  1084  1108  705
e  1085  1138  897
e  1086  1104  94
e  1086  1110  897
e  1087  1109  249
e  1088  1096  98
e  1088  1155  592
e  1088  1106  872
e  1089  1099  824
e  1089  1097  224
e  1090  1119  657
e  1090  1148  425
e  1091  1120  311
e  1091  1167  302
e  1091  1159  671
e  1091  1094  93
e  1092  1097  421
e  1093  1130  683
e  1093  1151  224
e  1094  1119  671
e  1095  1161  818
e  1095  1228  723
e  1096  1124  157
e  1096  1145  592
e  1097  1105  824
e  1097  1103  811
e  1098  1136  816
e  1098  1135  181
e  1099  1105  224
e  1100  1106  818
e  1101  1115  285
e  1102  1126  592
e  1102  1124  633
e  1103  1111  244
e  1104  1109  897
e  1105  1129  863
e  1105  1156  629
e  1105  1127  244
e  1106  1165  592
e  1106  1122  919
e  1107  1252  802
e  1107  1251  385
e  1107  1166  819
e  1108  1137  617
e  1108  1207  586
e  1108  1153  863
e  1109  1142  771
e  1109  1139  159
e  1109  1110  94
e  1110  1112  839
e  1111  1128  824
e  1111  1198  549
e  1111  1174  160
e  1112  1114  159
e  1113  1115  592
e  1114  1140  94
e  1114  1138  247
e  1115  1150  287
e  1115  1125  666
e  1116  1310  49
e  1117  1170  49
e  1118  1148  482
e  1119  1159  93
e  1119  1212  841
e  1119  1312  467
e  1119  1275  425
e  1120  1160  302
e  1121  1206  723
e  1122  1123  353
e  1122  1270  592
e  1122  1280  723
e  1122  1244  877
e  1123  1161  877
e  1124  1144  592
e  1125  1126  927
e  1125  1173  287
e  1125  1205  258
e  1125  1149  633
e  1126  1144  633
e  1127  1128  811
e  1127  1338  629
e  1127  1284  285
e  1128  1236  285
e  1128  1223  549
e  1129  1151  629
e  1130  1146  807
e  1130  1218  224
e  1131  1132  977
e  1131  1175  334
e  1132  1133  741
e  1132  1180  334
e  1133  1134  830
e  1133  1208  334
e  1133  1265  918
e  1134  1252  918
e  1135  1163  816
e  1135  1175  586
e  1136  1153  748
e  1136  1163  181
e  1137  1219  586
e  1138  1154  94
e  1138  1201  126
e  1138  1147  687
e  1139  1140  839
e  1139  1164  771
e  1140  1154  247
e  1141  1142  140
e  1141  1226  406
e  1141  1203  247
e  1141  1178  159
e  1142  1164  159
e  1143  1340  542
e  1144  1149  927
e  1144  1145  157
e  1145  1162  927
e  1145  1196  872
e  1145  1155  98
e  1146  1184  350
e  1146  1224  224
e  1147  1152  126
e  1148  1275  657
e  1148  1192  432
e  1148  1158  828
e  1149  1217  258
e  1149  1162  157
e  1150  1169  730
e  1150  1173  666
e  1151  1218  683
e  1151  1250  807
e  1151  1156  863
e  1152  1201  687
e  1152  1290  771
e  1152  1262  586
e  1153  1200  586
e  1153  1182  181
e  1154  1177  771
e  1155  1165  872
e  1156  1263  807
e  1156  1271  350
e  1156  1370  285
e  1156  1338  244
e  1157  1170  37
e  1158  1171  432
e  1159  1194  841
e  1160  1168  841
e  1160  1167  311
e  1161  1244  353
e  1161  1243  723
e  1162  1246  258
e  1162  1222  872
e  1163  1182  748
e  1163  1185  586
e  1164  1178  140
e  1164  1176  247
e  1165  1196  98
e  1165  1245  927
e  1165  1315  258
e  1165  1334  723
e  1165  1270  919
e  1166  1184  385
e  1167  1172  841
e  1168  1186  233
e  1168  1172  311
e  1169  1179  258
e  1169  1187  666
e  1170  1191  972
e  1170  1304  482
e  1170  1190  984
e  1171  1192  828
e  1171  1274  37
e  1172  1195  233
e  1172  1193  671
e  1173  1187  730
e  1173  1197  258
e  1174  1181  549
e  1175  1185  816
e  1175  1180  977
e  1176  1177  839
e  1176  1183  140
e  1177  1202  140
e  1177  1255  126
e  1178  1183  247
e  1179  1215  421
e  1179  1188  666
e  1180  1199  816
e  1180  1208  741
e  1181  1198  160
e  1181  1215  285
e  1182  1189  586
e  1183  1203  159
e  1183  1283  406
e  1183  1202  839
e  1184  1251  819
e  1184  1364  334
e  1184  1239  224
e  1185  1189  748
e  1185  1199  977
e  1186  1206  467
e  1186  1195  311
e  1187  1188  258
e  1188  1233  421
e  1188  1247  633
e  1188  1214  287
e  1188  1197  730
e  1189  1200  181
e  1189  1204  977
e  1190  1311  482
e  1190  1310  264
e  1191  1274  482
e  1192  1336  657
e  1192  1353  762
e  1192  1371  37
e  1193  1194  302
e  1193  1213  233
e  1193  1220  93
e  1194  1212  93
e  1195  1210  467
e  1195  1213  671
e  1196  1222  927
e  1197  1205  287
e  1198  1223  824
e  1198  1229  285
e  1199  1204  748
e  1199  1235  741
e  1200  1207  863
e  1200  1209  977
e  1201  1256  771
e  1202  1305  406
e  1202  1279  126
e  1203  1260  406
e  1204  1209  181
e  1204  1237  741
e  1205  1214  730
e  1205  1217  633
e  1206  1211  115
e  1206  1210  311
e  1207  1219  617
e  1207  1225  977
e  1208  1235  816
e  1208  1253  748
e  1208  1281  918
e  1209  1225  863
e  1209  1302  741
e  1210  1216  115
e  1210  1221  671
e  1211  1228  762
e  1211  1216  311
e  1212  1220  302
e  1212  1269  467
e  1213  1221  467
e  1214  1232  633
e  1215  1229  160
e  1215  1233  666
e  1216  1231  762
e  1216  1230  671
e  1217  1232  730
e  1217  1246  157
e  1218  1224  807
e  1219  1254  705
e  1219  1238  977
e  1220  1242  467
e  1221  1230  115
e  1221  1241  93
e  1222  1273  258
e  1222  1245  98
e  1223  1234  285
e  1224  1239  350
e  1224  1250  683
e  1225  1238  617
e  1226  1366  898
e  1226  1260  247
e  1227  1340  643
e  1227  1366  249
e  1228  1243  818
e  1228  1231  311
e  1229  1234  824
e  1230  1240  762
e  1230  1258  93
e  1231  1257  818
e  1231  1240  671
e  1232  1247  287
e  1232  1277  421
e  1232  1299  157
e  1233  1249  824
e  1233  1267  633
e  1234  1236  549
e  1234  1248  666
e  1235  1237  748
e  1236  1284  811
e  1236  1259  666
e  1237  1302  181
e  1237  1360  617
e  1237  1303  918
e  1237  1253  816
e  1238  1278  705
e  1238  1289  897
e  1238  1317  741
e  1239  1393  334
e  1239  1272  863
e  1239  1264  683
e  1240  1261  818
e  1240  1266  93
e  1241  1242  233
e  1241  1258  115
e  1242  1286  762
e  1242  1269  302
e  1243  1276  353
e  1243  1257  311
e  1244  1276  723
e  1245  1294  258
e  1246  1299  730
e  1246  1316  421
e  1246  1273  872
e  1247  1267  421
e  1248  1249  160
e  1248  1259  549
e  1248  1300  633
e  1249  1288  633
e  1250  1264  350
e  1250  1263  863
e  1251  1331  802
e  1251  1339  334
e  1252  1265  830
e  1252  1301  334
e  1252  1331  385
e  1253  1297  918
e  1254  1262  897
e  1254  1278  977
e  1255  1256  94
e  1255  1279  140
e  1255  1319  687
e  1256  1290  687
e  1257  1287  353
e  1257  1261  671
e  1258  1266  762
e  1259  1308  811
e  1259  1326  633
e  1260  1415  898
e  1260  1283  159
e  1261  1291  353
e  1261  1295  93
e  1262  1365  771
e  1262  1282  977
e  1263  1268  350
e  1264  1268  863
e  1265  1281  334
e  1266  1295  818
e  1266  1313  302
e  1266  1285  233
e  1267  1288  824
e  1267  1277  287
e  1268  1272  683
e  1268  1502  285
e  1268  1271  807
e  1269  1293  762
e  1269  1325  425
e  1269  1312  841
e  1270  1309  723
e  1271  1408  285
e  1272  1452  334
e  1273  1324  421
e  1273  1294  98
e  1274  1371  828
e  1274  1386  762
e  1274  1304  972
e  1275  1323  467
e  1275  1336  432
e  1276  1280  877
e  1276  1287  311
e  1277  1306  824
e  1277  1307  157
e  1278  1282  897
e  1279  1320  406
e  1280  1309  592
e  1280  1314  671
e  1280  1292  311
e  1281  1297  748
e  1281  1301  830
e  1282  1417  771
e  1282  1436  406
e  1282  1454  741
e  1282  1289  705
e  1283  1489  898
e  1283  1480  586
e  1283  1363  126
e  1283  1305  839
e  1284  1358  629
e  1284  1308  666
e  1285  1286  115
e  1285  1298  302
e  1286  1293  302
e  1287  1292  877
e  1287  1291  671
e  1288  1300  160
e  1288  1306  287
e  1289  1349  741
e  1290  1319  94
e  1290  1376  406
e  1290  1365  586
e  1291  1296  877
e  1291  1342  93
e  1292  1296  671
e  1293  1298  115
e  1293  1327  425
e  1294  1357  421
e  1294  1315  927
e  1295  1342  353
e  1295  1389  425
e  1295  1337  302
e  1296  1314  311
e  1296  1322  592
e  1296  1355  93
e  1297  1303  816
e  1297  1348  385
e  1297  1332  830
e  1298  1313  233
e  1298  1344  818
e  1298  1341  425
e  1299  1307  421
e  1300  1326  549
e  1300  1330  287
e  1301  1332  748
e  1301  1333  385
e  1302  1318  617
e  1303  1375  617
e  1303  1351  385
e  1304  1418  762
e  1304  1311  984
e  1305  1320  126
e  1306  1330  160
e  1306  1335  157
e  1307  1335  824
e  1307  1329  872
e  1307  1316  730
e  1308  1392  629
e  1308  1391  633
e  1309  1334  919
e  1309  1321  671
e  1310  1385  482
e  1310  1428  559
e  1311  1426  762
e  1311  1385  264
e  1312  1323  425
e  1313  1337  818
e  1314  1321  592
e  1315  1413  421
e  1315  1405  723
e  1316  1324  872
e  1317  1318  863
e  1317  1349  897
e  1318  1380  918
e  1318  1360  181
e  1319  1362  406
e  1320  1363  839
e  1320  1401  586
e  1320  1361  687
e  1321  1346  919
e  1321  1322  311
e  1322  1356  919
e  1322  1377  93
e  1323  1325  841
e  1323  1328  762
e  1323  1345  432
e  1324  1329  730
e  1324  1373  824
e  1324  1357  98
e  1325  1327  762
e  1326  1391  811
e  1326  1433  287
e  1327  1341  115
e  1327  1367  432
e  1327  1328  841
e  1328  1350  432
e  1329  1347  824
e  1330  1433  549
e  1330  1369  157
e  1331  1333  334
e  1332  1343  385
e  1333  1343  748
e  1333  1339  802
e  1334  1405  258
e  1334  1346  671
e  1335  1369  160
e  1335  1347  872
e  1336  1345  467
e  1337  1368  425
e  1337  1344  233
e  1338  1358  285
e  1339  1374  748
e  1339  1364  819
e  1340  1449  249
e  1341  1354  818
e  1341  1372  432
e  1342  1355  877
e  1342  1431  592
e  1342  1430  425
e  1343  1348  830
e  1343  1359  816
e  1343  1379  819
e  1343  1374  802
e  1344  1354  425
e  1345  1350  762
e  1346  1412  258
e  1346  1356  311
e  1347  1390  160
e  1347  1432  98
e  1347  1373  730
e  1348  1351  816
e  1349  1454  705
e  1349  1394  918
e  1350  1367  841
e  1350  1388  115
e  1350  1352  657
e  1351  1423  617
e  1351  1435  897
e  1351  1453  224
e  1351  1422  819
e  1351  1359  830
e  1352  1353  467
e  1352  1402  115
e  1352  1387  37
e  1353  1384  37
e  1354  1368  233
e  1354  1383  432
e  1355  1377  592
e  1356  1427  258
e  1356  1484  93
e  1357  1399  824
e  1357  1459  723
e  1357  1413  927
e  1358  1370  244
e  1358  1392  666
e  1359  1397  819
e  1360  1375  918
e  1361  1362  140
e  1361  1396  586
e  1362  1382  586
e  1362  1376  94
e  1363  1448  586
e  1364  1378  748
e  1364  1393  224
e  1365  1381  406
e  1365  1417  977
e  1366  1449  643
e  1366  1415  247
e  1367  1372  115
e  1368  1389  302
e  1368  1420  432
e  1369  1465  549
e  1369  1390  872
e  1370  1408  350
e  1370  1421  666
e  1371  1384  762
e  1372  1383  818
e  1372  1388  841
e  1373  1399  98
e  1374  1378  819
e  1375  1380  181
e  1375  1404  897
e  1375  1423  385
e  1376  1381  586
e  1377  1484  919
e  1377  1458  425
e  1377  1431  877
e  1378  1379  802
e  1378  1400  224
e  1379  1397  816
e  1379  1407  224
e  1380  1395  897
e  1381  1382  94
e  1381  1424  977
e  1382  1396  140
e  1382  1447  977
e  1383  1420  233
e  1383  1419  37
e  1383  1411  657
e  1383  1403  841
e  1384  1387  467
e  1384  1386  828
e  1385  1461  762
e  1385  1477  559
e  1386  1398  467
e  1386  1418  972
e  1387  1410  818
e  1387  1398  828
e  1388  1403  818
e  1388  1402  657
e  1389  1430  353
e  1389  1463  432
e  1390  1475  549
e  1390  1474  98
e  1391  1498  629
e  1392  1421  244
e  1392  1445  350
e  1392  1498  633
e  1393  1400  748
e  1393  1452  863
e  1394  1395  863
e  1394  1488  705
e  1394  1443  385
e  1395  1440  385
e  1395  1404  181
e  1396  1401  687
e  1396  1455  977
e  1397  1422  830
e  1397  1414  224
e  1398  1429  818
e  1398  1438  972
e  1399  1432  730
e  1399  1466  723
e  1400  1407  802
e  1400  1434  816
e  1400  1460  863
e  1401  1448  839
e  1401  1485  977
e  1402  1406  818
e  1403  1406  657
e  1404  1425  385
e  1405  1444  421
e  1405  1412  671
e  1406  1411  841
e  1406  1409  37
e  1407  1414  816
e  1408  1502  807
e  1408  1437  666
e  1409  1410  115
e  1409  1416  841
e  1409  1441  828
e  1410  1429  828
e  1411  1416  37
e  1412  1446  421
e  1412  1427  311
e  1413  1444  723
e  1414  1439  830
e  1414  1503  863
e  1414  1434  802
e  1415  1500  643
e  1415  1495  586
e  1415  1489  159
e  1416  1419  657
e  1416  1462  828
e  1417  1424  406
e  1418  1438  467
e  1418  1426  984
e  1419  1457  233
e  1420  1463  302
e  1420  1471  353
e  1420  1457  37
e  1421  1437  350
e  1422  1439  224
e  1423  1425  897
e  1424  1447  94
e  1424  1436  771
e  1425  1440  181
e  1425  1486  224
e  1425  1435  617
e  1426  1442  467
e  1426  1461  264
e  1427  1464  421
e  1427  1510  93
e  1428  1477  482
e  1429  1441  115
e  1429  1451  972
e  1430  1450  592
e  1430  1468  432
e  1431  1450  425
e  1432  1474  160
e  1432  1505  723
e  1433  1465  157
e  1434  1482  863
e  1435  1476  224
e  1437  1445  244
e  1438  1451  818
e  1438  1442  984
e  1439  1453  819
e  1439  1483  897
e  1440  1443  863
e  1440  1511  224
e  1441  1462  841
e  1441  1467  972
e  1442  1456  818
e  1442  1478  264
e  1443  1506  705
e  1443  1512  224
e  1444  1459  927
e  1444  1446  671
e  1445  1514  633
e  1446  1469  927
e  1446  1473  824
e  1446  1464  311
e  1447  1455  140
e  1448  1480  126
e  1448  1499  898
e  1449  1500  247
e  1450  1458  877
e  1450  1479  432
e  1451  1467  115
e  1451  1456  984
e  1452  1460  748
e  1453  1476  897
e  1454  1488  918
e  1455  1485  687
e  1456  1470  115
e  1456  1490  264
e  1457  1481  353
e  1458  1501  432
e  1459  1466  824
e  1459  1469  671
e  1460  1482  816
e  1461  1478  467
e  1461  1515  559
e  1462  1492  972
e  1463  1468  353
e  1464  1487  824
e  1465  1475  872
e  1466  1505  730
e  1466  1472  671
e  1467  1492  841
e  1467  1470  984
e  1468  1479  592
e  1468  1471  302
e  1469  1472  824
e  1470  1496  841
e  1470  1508  264
e  1471  1481  37
e  1472  1507  730
e  1472  1497  311
e  1472  1473  927
e  1473  1487  311
e  1474  1513  723
e  1476  1486  617
e  1476  1483  819
e  1477  1515  762
e  1478  1490  818
e  1479  1501  877
e  1479  1493  37
e  1480  1491  898
e  1481  1494  592
e  1482  1503  802
e  1483  1504  617
e  1484  1510  258
e  1486  1511  181
e  1486  1504  819
e  1487  1497  927
e  1488  1506  385
e  1489  1491  586
e  1490  1508  115
e  1491  1495  159
e  1491  1499  126
e  1492  1496  984
e  1493  1494  302
e  1493  1509  877
e  1498  1514  350
e  1501  1509  37
e  1505  1513  160
e  1505  1507  671
e  1507  1516  160
e  1511  1512  863
e  1513  1516  671
