p   edge 1683  3252
e  0  1641  954
e  0  1404  558
e  0  1020  172
e  0  918  965
e  0  475  391
e  0  103  32
e  0  59  17
e  1  2  662
e  1  240  260
e  1  392  829
e  1  875  353
e  1  938  484
e  2  3  954
e  2  218  260
e  3  4  957
e  3  116  260
e  4  5  558
e  4  62  260
e  5  6  260
e  6  7  10
e  6  62  558
e  7  8  697
e  7  64  558
e  8  9  296
e  8  70  39
e  8  109  535
e  8  68  558
e  9  10  172
e  9  65  39
e  10  11  39
e  11  12  535
e  11  65  172
e  12  13  829
e  12  72  172
e  13  14  722
e  13  74  151
e  13  85  172
e  14  15  210
e  14  69  151
e  15  16  151
e  16  17  158
e  16  91  206
e  16  110  440
e  16  69  210
e  17  18  429
e  17  89  206
e  18  19  344
e  18  75  206
e  19  20  206
e  20  21  440
e  20  75  344
e  21  22  965
e  21  97  428
e  21  118  429
e  21  86  344
e  22  23  162
e  22  87  428
e  23  24  550
e  23  83  428
e  24  25  428
e  25  26  684
e  25  83  550
e  26  27  191
e  26  119  778
e  26  145  267
e  26  144  965
e  26  132  550
e  27  28  136
e  27  100  778
e  28  29  24
e  28  63  778
e  29  30  778
e  30  31  267
e  30  63  24
e  31  32  885
e  31  71  353
e  31  76  24
e  32  33  353
e  33  34  801
e  33  71  885
e  34  35  595
e  34  138  24
e  34  120  885
e  35  36  307
e  35  67  284
e  35  153  24
e  36  37  554
e  36  60  284
e  37  38  284
e  38  39  715
e  38  60  554
e  39  40  988
e  39  73  554
e  40  41  198
e  40  77  554
e  41  42  115
e  41  78  554
e  42  43  391
e  42  84  537
e  42  106  554
e  43  44  537
e  44  45  217
e  44  80  707
e  44  84  391
e  45  46  707
e  46  47  973
e  46  98  596
e  46  121  555
e  46  125  391
e  46  80  217
e  47  48  596
e  48  49  73
e  48  101  555
e  48  98  973
e  49  50  534
e  49  92  555
e  50  51  579
e  50  61  555
e  51  52  555
e  52  53  140
e  52  61  579
e  53  54  420
e  53  99  579
e  54  55  833
e  54  139  484
e  54  108  579
e  55  56  845
e  55  115  484
e  56  57  821
e  56  93  484
e  57  58  32
e  57  66  484
e  58  59  484
e  59  66  32
e  60  73  715
e  60  79  988
e  60  67  307
e  61  99  140
e  61  92  534
e  62  64  10
e  62  116  957
e  63  76  267
e  63  100  136
e  64  68  697
e  64  129  957
e  65  72  535
e  65  70  296
e  66  103  17
e  66  93  821
e  67  88  988
e  67  159  24
e  68  113  535
e  68  180  957
e  69  131  440
e  69  124  172
e  69  74  722
e  70  82  535
e  71  120  801
e  71  105  24
e  72  85  829
e  72  82  296
e  73  77  988
e  74  104  172
e  75  86  440
e  75  89  429
e  76  105  353
e  76  111  136
e  77  78  198
e  77  79  715
e  78  106  115
e  78  102  307
e  78  81  715
e  79  81  198
e  79  88  307
e  80  107  391
e  81  90  307
e  82  95  829
e  82  114  558
e  82  109  39
e  83  132  684
e  83  127  965
e  83  87  162
e  84  107  707
e  84  133  554
e  85  104  151
e  85  95  296
e  86  94  429
e  87  97  965
e  88  90  198
e  88  173  24
e  89  94  440
e  89  91  158
e  90  102  715
e  90  214  707
e  90  177  24
e  91  96  440
e  92  151  140
e  92  146  973
e  92  101  73
e  93  115  845
e  94  118  344
e  94  96  158
e  95  117  151
e  95  122  558
e  96  126  344
e  96  202  428
e  96  147  172
e  96  110  206
e  97  127  162
e  97  141  684
e  97  176  429
e  98  112  555
e  99  108  420
e  99  151  534
e  100  111  267
e  100  119  191
e  101  112  973
e  102  155  115
e  102  183  707
e  103  463  391
e  103  305  579
e  103  288  845
e  104  124  722
e  104  154  440
e  104  117  296
e  105  128  801
e  105  136  136
e  106  133  537
e  106  156  707
e  106  155  307
e  107  125  217
e  107  150  555
e  107  142  554
e  108  165  484
e  108  190  391
e  108  186  534
e  109  113  558
e  110  143  172
e  110  131  210
e  111  136  353
e  111  123  191
e  112  146  73
e  112  160  140
e  112  149  391
e  112  121  596
e  113  114  39
e  113  130  829
e  113  194  957
e  114  122  829
e  115  289  17
e  115  197  579
e  115  139  833
e  116  129  10
e  116  272  829
e  116  218  954
e  117  158  440
e  117  137  558
e  118  176  428
e  118  126  158
e  119  123  267
e  120  128  24
e  121  134  391
e  122  137  151
e  122  130  39
e  123  148  353
e  123  168  965
e  123  145  778
e  124  140  440
e  125  134  555
e  126  181  428
e  127  135  684
e  128  138  885
e  128  163  595
e  128  203  136
e  129  180  697
e  129  200  829
e  130  201  151
e  130  198  957
e  131  140  172
e  132  135  965
e  133  142  707
e  134  149  596
e  134  196  554
e  134  150  217
e  135  144  550
e  135  167  267
e  135  141  162
e  136  203  801
e  136  148  191
e  137  171  440
e  137  274  957
e  137  201  39
e  138  153  595
e  139  165  579
e  140  143  210
e  140  152  206
e  140  161  296
e  140  154  722
e  141  172  267
e  141  239  429
e  142  166  555
e  142  184  307
e  142  156  537
e  143  147  206
e  144  162  267
e  145  162  965
e  146  157  140
e  147  212  428
e  147  219  296
e  147  152  210
e  148  210  801
e  148  227  595
e  148  179  965
e  149  164  140
e  150  166  554
e  151  186  420
e  151  185  391
e  151  157  973
e  152  175  296
e  153  159  284
e  153  163  885
e  154  158  296
e  155  169  707
e  156  169  307
e  157  170  391
e  157  160  73
e  158  161  722
e  158  191  206
e  158  171  558
e  159  173  988
e  159  182  885
e  160  164  391
e  161  175  206
e  162  168  778
e  162  167  550
e  163  182  284
e  163  209  136
e  164  170  73
e  164  207  420
e  164  205  554
e  165  197  833
e  165  217  391
e  166  196  217
e  166  211  140
e  166  204  307
e  167  174  778
e  167  172  162
e  168  179  353
e  168  174  550
e  169  184  537
e  169  224  555
e  169  183  115
e  170  185  973
e  170  189  420
e  171  193  206
e  171  293  957
e  172  178  778
e  172  220  353
e  172  241  429
e  173  177  198
e  173  213  885
e  174  188  353
e  174  178  162
e  175  219  210
e  175  195  558
e  175  191  722
e  176  239  684
e  176  181  158
e  177  235  707
e  177  281  965
e  177  223  885
e  178  192  353
e  179  230  595
e  179  188  550
e  180  194  535
e  181  250  267
e  181  222  172
e  181  202  344
e  182  213  988
e  182  216  136
e  183  225  555
e  183  214  715
e  184  204  555
e  185  187  420
e  186  187  391
e  187  190  534
e  187  189  973
e  188  251  595
e  188  192  162
e  189  208  534
e  189  244  484
e  189  246  554
e  189  207  73
e  190  217  484
e  190  208  973
e  191  193  558
e  192  259  595
e  192  278  284
e  192  267  429
e  192  220  778
e  193  195  722
e  193  383  428
e  193  424  353
e  193  397  957
e  194  198  829
e  195  236  210
e  195  297  428
e  196  206  140
e  197  295  17
e  197  287  391
e  198  233  151
e  198  199  697
e  199  200  535
e  199  273  151
e  199  319  954
e  200  272  10
e  201  233  957
e  202  212  172
e  203  209  595
e  203  210  191
e  204  247  140
e  204  294  24
e  204  228  115
e  204  224  537
e  205  206  596
e  205  226  420
e  205  229  217
e  206  211  217
e  207  226  554
e  208  238  484
e  209  216  284
e  209  215  191
e  210  215  595
e  211  229  596
e  211  247  307
e  212  222  344
e  212  292  267
e  212  275  558
e  212  265  296
e  213  223  198
e  213  232  136
e  214  252  555
e  214  235  24
e  215  221  284
e  215  231  965
e  215  227  801
e  216  232  988
e  216  221  191
e  217  287  833
e  217  301  554
e  217  238  973
e  218  296  829
e  218  240  662
e  219  265  428
e  219  236  558
e  220  254  429
e  221  237  988
e  221  234  965
e  222  263  267
e  223  243  136
e  224  225  115
e  225  228  537
e  225  262  24
e  225  252  715
e  226  246  73
e  226  264  484
e  226  285  217
e  227  230  965
e  228  284  24
e  229  285  420
e  229  298  307
e  230  231  801
e  230  242  284
e  230  251  550
e  231  234  284
e  232  243  198
e  232  237  191
e  233  274  39
e  233  300  440
e  233  273  697
e  234  248  988
e  234  255  550
e  234  242  801
e  235  257  555
e  235  310  965
e  236  268  428
e  237  245  198
e  237  248  965
e  238  286  554
e  238  244  534
e  239  241  267
e  240  313  829
e  241  254  353
e  241  249  158
e  242  253  550
e  243  245  191
e  244  258  554
e  245  256  965
e  246  258  484
e  247  298  596
e  247  309  420
e  247  303  24
e  248  256  198
e  248  270  550
e  249  250  684
e  249  261  353
e  249  269  172
e  250  263  172
e  251  253  284
e  251  259  162
e  252  257  24
e  253  255  801
e  253  260  162
e  254  267  778
e  254  261  158
e  255  270  988
e  255  266  162
e  256  283  885
e  256  280  550
e  257  262  715
e  257  323  537
e  257  331  140
e  257  318  965
e  258  286  534
e  258  461  24
e  258  419  307
e  258  264  73
e  259  260  284
e  260  266  801
e  260  308  988
e  260  345  172
e  260  278  595
e  261  277  778
e  261  271  172
e  262  284  537
e  263  269  684
e  263  276  353
e  263  292  344
e  264  328  307
e  264  311  217
e  265  268  558
e  266  279  988
e  267  337  284
e  267  307  172
e  267  277  158
e  268  275  296
e  268  316  267
e  268  343  353
e  268  297  210
e  269  271  353
e  270  280  198
e  270  279  162
e  271  290  778
e  271  314  344
e  271  276  684
e  272  296  954
e  273  342  440
e  273  373  954
e  274  293  440
e  275  312  267
e  276  299  344
e  277  290  172
e  278  337  429
e  279  291  198
e  279  308  801
e  280  322  885
e  280  291  162
e  281  282  191
e  281  310  707
e  282  283  136
e  282  324  707
e  283  325  707
e  283  322  550
e  284  294  115
e  284  306  140
e  284  323  715
e  285  311  484
e  285  304  307
e  286  301  973
e  286  420  833
e  286  473  24
e  287  350  17
e  287  357  554
e  288  289  821
e  288  302  579
e  289  295  579
e  290  307  158
e  290  352  284
e  290  363  558
e  290  326  344
e  291  333  885
e  291  361  707
e  291  380  555
e  291  372  172
e  291  347  801
e  292  299  353
e  292  312  558
e  293  397  206
e  293  545  353
e  293  300  39
e  294  303  140
e  295  302  821
e  295  350  391
e  296  320  535
e  296  313  662
e  297  353  353
e  297  383  722
e  298  304  420
e  299  314  684
e  299  315  558
e  300  552  353
e  300  342  697
e  301  357  833
e  302  305  845
e  302  365  391
e  303  338  420
e  303  369  484
e  303  306  115
e  304  317  484
e  304  309  596
e  305  374  391
e  306  385  484
e  306  376  965
e  306  327  715
e  307  339  284
e  308  347  198
e  308  359  172
e  309  335  484
e  309  338  24
e  310  318  555
e  310  324  191
e  311  317  307
e  312  315  353
e  312  316  296
e  313  341  535
e  313  392  260
e  314  326  778
e  314  330  558
e  315  330  684
e  315  321  296
e  316  321  353
e  317  328  217
e  317  356  24
e  317  335  596
e  318  358  140
e  318  329  191
e  319  320  10
e  319  373  151
e  319  377  662
e  320  341  662
e  321  344  684
e  321  378  778
e  321  355  210
e  321  343  267
e  322  334  707
e  322  333  162
e  323  327  140
e  324  329  555
e  324  325  136
e  325  332  555
e  325  334  550
e  326  336  558
e  327  366  965
e  327  331  537
e  328  419  73
e  328  388  24
e  329  381  140
e  329  368  550
e  329  332  136
e  330  336  778
e  330  344  296
e  331  358  965
e  332  340  550
e  333  348  707
e  334  340  555
e  334  348  162
e  335  349  24
e  336  363  344
e  336  354  296
e  337  339  172
e  338  349  484
e  339  346  595
e  339  352  158
e  340  368  136
e  340  386  140
e  340  351  162
e  341  377  10
e  341  401  151
e  341  544  440
e  341  543  260
e  342  559  353
e  342  410  954
e  343  353  210
e  344  354  778
e  345  346  429
e  345  359  988
e  346  360  988
e  346  362  158
e  347  367  172
e  348  351  555
e  348  361  885
e  349  356  596
e  349  395  965
e  349  369  420
e  350  365  821
e  350  427  554
e  351  391  140
e  351  364  885
e  352  362  595
e  352  390  558
e  353  355  267
e  353  402  722
e  354  403  344
e  354  408  284
e  354  430  210
e  354  378  684
e  355  411  778
e  355  415  722
e  356  388  217
e  356  417  965
e  357  427  17
e  357  528  24
e  357  420  973
e  358  366  537
e  358  394  550
e  358  381  191
e  359  367  198
e  359  360  429
e  360  371  198
e  360  370  158
e  361  364  555
e  362  370  988
e  362  396  558
e  363  390  284
e  363  403  296
e  364  443  140
e  364  406  172
e  364  380  707
e  365  374  845
e  365  462  554
e  366  376  715
e  366  405  484
e  366  409  550
e  367  372  801
e  367  371  429
e  368  382  140
e  369  389  965
e  369  385  115
e  370  379  198
e  370  399  558
e  371  375  801
e  371  379  158
e  372  400  555
e  372  375  429
e  373  410  440
e  373  393  662
e  374  463  579
e  374  496  32
e  374  474  554
e  375  414  555
e  375  384  158
e  376  387  484
e  377  393  151
e  378  411  210
e  379  384  801
e  379  412  558
e  380  400  172
e  381  382  550
e  382  394  191
e  382  413  537
e  382  404  162
e  382  386  136
e  383  402  353
e  384  428  555
e  384  432  558
e  385  387  965
e  386  391  162
e  387  389  115
e  387  398  420
e  387  405  715
e  388  442  73
e  388  460  965
e  389  395  420
e  390  396  595
e  390  407  296
e  391  404  136
e  391  437  537
e  391  440  484
e  391  446  172
e  391  443  885
e  392  543  535
e  392  575  440
e  393  434  440
e  393  401  10
e  394  409  537
e  395  417  596
e  395  459  550
e  395  398  115
e  396  399  988
e  396  416  296
e  397  481  353
e  398  441  550
e  398  433  715
e  399  412  198
e  399  421  296
e  400  406  707
e  400  414  429
e  401  450  440
e  402  415  267
e  402  424  428
e  403  407  284
e  404  425  537
e  405  433  420
e  405  418  550
e  406  444  140
e  406  422  429
e  407  416  595
e  407  408  344
e  408  423  595
e  408  452  988
e  408  468  210
e  409  418  484
e  409  413  191
e  410  584  353
e  410  434  662
e  411  430  684
e  411  513  284
e  411  503  722
e  412  432  801
e  412  435  296
e  413  426  484
e  413  425  162
e  414  422  707
e  414  428  158
e  415  503  778
e  415  519  957
e  415  451  428
e  416  421  988
e  416  423  344
e  417  460  217
e  417  467  550
e  418  439  420
e  418  426  191
e  419  442  24
e  420  488  24
e  421  435  198
e  421  429  344
e  422  455  140
e  422  436  158
e  423  429  988
e  424  451  267
e  424  481  957
e  425  431  484
e  425  437  136
e  426  447  420
e  426  431  162
e  427  462  821
e  427  530  24
e  428  436  707
e  428  449  558
e  429  445  198
e  429  489  210
e  429  452  595
e  430  468  284
e  431  448  420
e  431  438  136
e  432  449  555
e  432  453  296
e  433  439  550
e  434  600  353
e  434  450  10
e  435  453  801
e  435  445  344
e  436  466  140
e  436  454  558
e  437  438  484
e  438  456  420
e  438  477  172
e  438  440  537
e  439  441  715
e  439  447  191
e  440  464  172
e  441  459  115
e  441  457  162
e  442  461  307
e  442  495  534
e  442  504  833
e  442  484  965
e  443  444  172
e  444  446  885
e  444  455  429
e  445  470  801
e  445  478  555
e  445  500  210
e  446  464  484
e  446  472  429
e  447  448  162
e  448  458  715
e  448  456  136
e  449  454  707
e  449  465  296
e  450  657  353
e  450  576  260
e  450  544  151
e  451  499  957
e  452  485  210
e  453  465  555
e  453  470  344
e  454  479  140
e  454  471  296
e  455  472  885
e  455  486  484
e  455  466  158
e  456  491  715
e  456  482  172
e  457  458  191
e  457  469  115
e  458  483  115
e  458  509  596
e  458  491  136
e  459  467  596
e  459  469  162
e  460  484  73
e  460  524  550
e  461  473  534
e  462  474  845
e  462  595  965
e  462  580  24
e  463  475  32
e  464  477  537
e  464  494  420
e  464  480  429
e  465  471  707
e  465  476  344
e  466  490  484
e  466  479  558
e  467  524  217
e  467  487  162
e  468  485  988
e  468  513  684
e  469  487  596
e  469  483  191
e  470  476  555
e  471  502  140
e  471  493  344
e  472  480  484
e  473  488  833
e  473  495  307
e  474  581  32
e  474  601  965
e  475  811  965
e  475  683  554
e  475  496  579
e  476  493  707
e  476  478  801
e  477  482  420
e  478  526  707
e  478  520  210
e  479  501  484
e  479  502  296
e  480  505  420
e  480  497  158
e  480  486  885
e  481  499  267
e  481  577  39
e  481  545  206
e  482  506  715
e  482  549  596
e  482  508  429
e  482  494  537
e  483  492  596
e  484  507  833
e  484  540  550
e  485  489  595
e  485  546  722
e  485  535  684
e  486  490  158
e  487  534  217
e  487  550  172
e  487  492  191
e  488  528  973
e  488  536  17
e  488  523  965
e  488  498  307
e  489  500  198
e  489  553  722
e  490  497  885
e  490  501  558
e  491  512  596
e  491  506  172
e  492  522  172
e  492  517  136
e  492  509  115
e  493  521  140
e  493  547  210
e  493  526  801
e  494  505  429
e  495  498  833
e  496  581  554
e  497  515  420
e  497  511  558
e  498  510  965
e  498  504  534
e  499  519  428
e  499  684  555
e  499  618  697
e  499  603  39
e  500  520  555
e  500  560  722
e  501  511  885
e  501  532  420
e  501  514  296
e  502  514  484
e  502  521  344
e  503  531  284
e  503  570  957
e  504  507  965
e  505  508  537
e  505  515  158
e  506  516  596
e  507  510  534
e  507  558  550
e  508  551  596
e  508  548  558
e  508  527  158
e  509  512  136
e  510  523  307
e  510  565  17
e  510  589  550
e  511  525  420
e  512  517  115
e  512  516  172
e  513  535  988
e  513  531  722
e  514  542  420
e  514  533  344
e  515  527  537
e  515  525  558
e  516  518  115
e  516  555  429
e  516  549  715
e  517  518  172
e  518  522  136
e  518  623  217
e  518  622  558
e  518  571  429
e  519  570  778
e  519  619  284
e  519  678  555
e  520  537  707
e  520  567  722
e  521  533  484
e  521  556  210
e  522  550  191
e  522  569  217
e  523  538  17
e  524  540  73
e  524  534  162
e  525  529  537
e  525  554  296
e  525  532  885
e  526  537  210
e  527  529  558
e  528  530  17
e  529  548  158
e  529  572  596
e  529  564  296
e  530  580  821
e  530  541  965
e  530  536  973
e  531  539  988
e  531  587  957
e  532  542  296
e  533  590  420
e  533  574  210
e  534  561  73
e  534  557  172
e  535  539  722
e  536  538  965
e  537  547  801
e  537  568  140
e  537  611  722
e  538  541  973
e  538  565  307
e  539  546  684
e  539  563  595
e  539  597  555
e  539  596  957
e  540  558  833
e  540  561  162
e  541  583  821
e  541  627  307
e  542  554  885
e  542  594  537
e  542  590  344
e  543  562  440
e  544  562  260
e  545  552  39
e  546  553  595
e  547  556  140
e  548  566  596
e  549  551  429
e  550  557  217
e  551  555  715
e  551  566  558
e  552  577  206
e  552  559  697
e  553  560  198
e  553  563  684
e  554  564  537
e  555  571  115
e  555  573  558
e  556  574  484
e  556  568  801
e  557  582  73
e  557  569  191
e  558  589  534
e  558  579  162
e  559  592  206
e  559  584  954
e  560  567  555
e  560  578  684
e  561  579  833
e  561  582  172
e  562  576  151
e  562  575  535
e  563  578  198
e  563  593  555
e  564  613  596
e  564  660  344
e  564  594  885
e  565  627  973
e  565  602  550
e  566  573  715
e  566  572  158
e  567  611  707
e  567  633  957
e  567  585  684
e  568  598  484
e  568  621  722
e  569  604  73
e  569  624  833
e  569  634  558
e  569  623  136
e  570  587  284
e  571  588  558
e  572  586  715
e  572  613  296
e  573  588  115
e  573  586  158
e  574  635  420
e  574  669  722
e  574  598  801
e  575  615  151
e  575  815  353
e  576  737  353
e  576  615  535
e  577  603  267
e  577  592  697
e  578  585  555
e  579  607  534
e  579  591  172
e  580  583  965
e  581  683  579
e  581  673  965
e  582  591  833
e  582  604  191
e  583  595  24
e  583  608  845
e  583  682  172
e  583  662  550
e  583  654  307
e  584  617  267
e  584  600  662
e  585  612  957
e  585  593  198
e  586  599  115
e  586  630  296
e  587  596  988
e  587  619  778
e  588  622  429
e  588  631  217
e  588  599  158
e  589  602  17
e  589  607  162
e  590  632  537
e  590  635  210
e  591  614  534
e  591  644  17
e  591  609  191
e  592  606  267
e  593  610  957
e  593  597  595
e  594  632  344
e  595  601  845
e  596  605  555
e  597  605  957
e  598  628  722
e  599  652  217
e  599  679  833
e  599  637  296
e  600  638  267
e  600  657  10
e  601  673  32
e  601  608  24
e  602  645  973
e  602  625  172
e  603  606  697
e  604  609  833
e  605  610  595
e  605  620  198
e  605  649  778
e  606  618  39
e  606  616  954
e  607  614  172
e  608  703  32
e  608  688  172
e  609  661  17
e  609  642  558
e  609  624  73
e  610  612  198
e  611  621  140
e  611  640  957
e  612  633  684
e  612  651  707
e  612  668  484
e  612  620  595
e  613  630  715
e  613  686  344
e  614  626  17
e  615  793  353
e  616  617  206
e  616  666  39
e  616  704  555
e  616  665  662
e  617  638  662
e  618  666  954
e  619  650  555
e  620  709  484
e  621  628  484
e  621  646  957
e  622  629  217
e  623  629  558
e  624  636  558
e  625  626  162
e  625  655  973
e  626  675  973
e  626  681  821
e  626  691  558
e  626  670  191
e  626  644  534
e  627  654  821
e  627  645  550
e  628  669  801
e  628  647  957
e  629  634  136
e  629  639  833
e  629  631  429
e  630  637  115
e  630  752  344
e  631  641  833
e  631  652  158
e  632  660  885
e  632  718  596
e  632  699  210
e  633  640  707
e  634  636  833
e  635  699  537
e  635  803  957
e  635  705  722
e  636  642  73
e  636  643  429
e  636  639  136
e  637  687  833
e  637  758  344
e  638  665  206
e  638  739  555
e  638  719  10
e  639  641  429
e  640  646  140
e  640  651  684
e  641  643  136
e  641  653  73
e  641  663  158
e  642  672  17
e  642  648  429
e  643  648  73
e  644  661  191
e  645  656  821
e  645  655  172
e  646  647  484
e  646  658  684
e  647  698  801
e  647  763  420
e  647  659  684
e  648  680  17
e  648  653  136
e  649  650  988
e  649  724  484
e  649  722  954
e  649  697  428
e  650  685  428
e  650  678  284
e  651  658  140
e  652  663  833
e  653  692  17
e  653  674  158
e  654  656  550
e  655  664  821
e  655  675  162
e  656  662  307
e  656  664  172
e  657  719  267
e  657  737  260
e  658  659  484
e  659  809  420
e  659  760  954
e  659  667  707
e  660  686  596
e  661  670  534
e  661  672  558
e  662  671  172
e  663  674  73
e  663  689  296
e  663  679  217
e  664  671  307
e  664  676  162
e  665  716  555
e  666  696  555
e  667  668  140
e  667  750  954
e  667  730  595
e  668  709  595
e  669  705  420
e  669  698  957
e  670  677  558
e  671  682  550
e  671  690  845
e  671  702  162
e  672  677  534
e  672  680  429
e  673  757  579
e  673  818  172
e  673  703  24
e  674  694  17
e  674  700  296
e  675  676  821
e  676  702  307
e  676  711  845
e  676  726  558
e  676  681  973
e  677  691  191
e  677  731  821
e  677  693  429
e  678  684  428
e  679  687  296
e  680  693  534
e  680  701  158
e  680  692  136
e  681  713  558
e  682  688  845
e  683  757  965
e  684  685  284
e  684  695  954
e  685  697  988
e  685  706  954
e  686  752  715
e  686  804  833
e  686  776  210
e  686  718  885
e  687  689  217
e  687  799  17
e  687  777  344
e  688  745  32
e  688  690  550
e  689  700  73
e  689  771  17
e  690  772  32
e  690  707  162
e  691  713  821
e  692  694  158
e  693  736  821
e  693  715  158
e  694  701  136
e  694  725  534
e  694  712  296
e  695  696  697
e  695  706  284
e  696  708  284
e  696  704  39
e  697  710  954
e  698  720  420
e  699  751  596
e  699  814  957
e  700  712  17
e  701  715  534
e  702  707  845
e  703  745  172
e  704  717  284
e  704  716  662
e  705  720  957
e  706  710  988
e  706  708  697
e  707  796  32
e  707  767  558
e  707  711  307
e  708  714  988
e  708  717  39
e  709  730  140
e  709  738  954
e  709  723  778
e  710  722  428
e  710  714  697
e  711  744  558
e  712  741  534
e  712  820  344
e  712  771  73
e  713  726  973
e  713  753  429
e  713  731  191
e  714  729  428
e  714  734  484
e  714  721  39
e  715  761  821
e  715  764  296
e  715  725  136
e  716  727  284
e  716  739  206
e  717  721  988
e  717  727  662
e  718  751  210
e  719  784  555
e  719  827  260
e  720  803  722
e  720  816  537
e  720  864  954
e  720  763  801
e  721  742  484
e  721  733  662
e  722  728  484
e  722  729  697
e  723  724  198
e  723  735  954
e  724  728  954
e  725  741  296
e  726  744  845
e  726  766  429
e  727  733  988
e  727  773  484
e  728  735  198
e  728  732  697
e  729  732  484
e  730  743  954
e  731  736  429
e  732  740  198
e  732  734  428
e  733  746  484
e  734  747  198
e  734  742  39
e  735  738  778
e  735  740  697
e  736  753  191
e  736  778  973
e  736  761  158
e  737  827  267
e  737  847  555
e  737  793  535
e  738  743  140
e  739  786  484
e  739  784  10
e  740  749  140
e  740  747  428
e  741  764  136
e  741  791  821
e  741  866  344
e  742  754  198
e  742  746  662
e  743  750  595
e  743  748  697
e  744  767  307
e  744  782  429
e  745  818  24
e  745  852  579
e  745  772  550
e  746  762  198
e  746  768  140
e  746  794  206
e  746  773  988
e  747  755  140
e  747  754  39
e  748  749  778
e  748  756  595
e  748  775  39
e  749  769  39
e  749  755  428
e  750  760  707
e  750  756  697
e  751  776  885
e  751  858  833
e  751  836  957
e  752  758  115
e  752  798  833
e  753  766  973
e  754  759  140
e  754  762  662
e  755  759  39
e  756  770  707
e  756  780  39
e  757  811  554
e  757  831  172
e  758  777  833
e  759  769  428
e  759  765  662
e  760  828  420
e  760  770  697
e  761  800  973
e  761  783  296
e  762  765  140
e  763  857  954
e  763  809  684
e  764  783  821
e  765  774  428
e  765  788  595
e  765  802  707
e  765  824  206
e  765  768  198
e  766  782  845
e  766  778  191
e  767  806  32
e  767  826  429
e  768  808  206
e  769  775  778
e  769  774  662
e  770  840  420
e  770  789  662
e  771  813  344
e  771  799  217
e  772  838  558
e  772  796  162
e  773  785  206
e  774  779  778
e  775  780  595
e  775  779  662
e  776  821  833
e  777  807  17
e  777  832  210
e  777  798  115
e  778  792  845
e  778  800  158
e  779  781  595
e  780  781  662
e  781  790  707
e  781  787  428
e  782  826  307
e  782  855  32
e  782  825  158
e  782  792  191
e  783  810  973
e  783  817  845
e  783  791  136
e  784  805  484
e  784  833  260
e  785  786  284
e  785  794  988
e  785  819  10
e  786  805  10
e  787  788  778
e  787  795  707
e  788  797  707
e  789  790  39
e  789  843  420
e  790  853  420
e  790  795  428
e  791  837  845
e  791  870  344
e  792  801  158
e  793  869  555
e  793  815  151
e  794  808  140
e  794  822  10
e  795  884  420
e  795  882  10
e  795  797  778
e  796  806  558
e  797  850  206
e  797  802  595
e  798  830  210
e  798  804  715
e  799  807  344
e  800  801  845
e  800  810  296
e  801  825  191
e  801  812  296
e  802  835  206
e  803  814  537
e  804  821  210
e  805  819  284
e  805  834  140
e  805  846  260
e  806  838  162
e  806  911  579
e  806  839  429
e  807  813  217
e  807  841  210
e  808  824  198
e  808  823  10
e  809  828  954
e  810  812  845
e  811  918  391
e  811  898  172
e  812  845  191
e  812  867  32
e  812  848  136
e  812  817  973
e  813  820  73
e  813  865  210
e  814  836  596
e  814  816  722
e  815  877  484
e  815  874  829
e  816  844  596
e  816  920  954
e  817  837  136
e  818  831  579
e  819  822  988
e  819  829  140
e  820  866  534
e  820  893  821
e  820  868  210
e  821  830  715
e  821  854  17
e  821  858  885
e  822  823  140
e  823  842  198
e  823  881  707
e  823  879  260
e  823  829  988
e  824  835  707
e  824  842  10
e  825  856  32
e  825  845  296
e  826  839  32
e  827  833  555
e  828  857  684
e  828  840  697
e  829  834  284
e  830  832  115
e  830  851  17
e  831  898  554
e  831  915  558
e  831  852  24
e  832  841  17
e  833  846  484
e  833  847  267
e  834  871  260
e  835  850  595
e  835  849  10
e  836  873  833
e  836  844  722
e  837  848  973
e  837  903  344
e  838  897  579
e  839  944  579
e  839  895  296
e  839  859  158
e  839  855  307
e  840  843  662
e  841  865  217
e  841  892  73
e  841  907  957
e  841  891  715
e  841  851  115
e  842  849  707
e  843  887  801
e  843  853  39
e  844  888  833
e  844  931  954
e  845  860  32
e  846  871  140
e  846  878  535
e  846  861  267
e  847  861  484
e  847  869  535
e  848  910  32
e  848  930  344
e  849  863  595
e  849  909  260
e  849  881  198
e  850  863  10
e  851  854  715
e  852  896  558
e  853  912  801
e  853  927  10
e  853  884  428
e  854  891  115
e  854  889  957
e  855  856  158
e  856  859  307
e  856  860  296
e  857  864  801
e  858  873  957
e  859  862  296
e  860  862  307
e  860  867  191
e  861  872  535
e  862  895  158
e  862  963  579
e  862  894  191
e  863  883  778
e  863  914  420
e  863  929  260
e  864  920  537
e  864  885  662
e  865  868  73
e  866  870  821
e  867  894  307
e  867  910  136
e  868  901  821
e  868  922  957
e  868  892  217
e  869  872  484
e  870  903  845
e  870  908  210
e  870  893  534
e  871  880  988
e  871  902  535
e  872  878  267
e  872  916  140
e  872  876  151
e  873  890  17
e  873  888  722
e  874  875  440
e  874  913  484
e  875  919  484
e  876  877  555
e  876  923  140
e  876  924  829
e  877  913  829
e  878  902  140
e  879  880  284
e  879  904  707
e  879  934  535
e  880  932  535
e  881  904  260
e  882  883  206
e  882  900  420
e  883  905  420
e  884  900  10
e  885  886  697
e  885  936  537
e  886  887  684
e  886  940  537
e  886  928  39
e  887  912  39
e  888  899  17
e  888  948  954
e  889  890  885
e  889  906  115
e  889  921  722
e  890  899  722
e  891  906  957
e  892  917  957
e  893  901  210
e  894  1033  579
e  894  1072  344
e  894  1019  136
e  895  954  579
e  896  897  550
e  896  915  24
e  897  964  24
e  897  911  162
e  898  951  391
e  898  950  558
e  899  921  885
e  899  979  73
e  899  956  954
e  900  927  428
e  900  905  206
e  901  908  534
e  901  937  957
e  902  932  988
e  902  925  151
e  902  916  267
e  903  930  973
e  903  933  210
e  904  909  198
e  904  941  535
e  905  996  428
e  905  973  260
e  905  914  778
e  906  907  715
e  906  935  722
e  907  917  73
e  907  939  722
e  908  933  845
e  908  946  957
e  909  929  595
e  909  972  420
e  909  955  535
e  910  1019  307
e  910  947  344
e  911  1054  554
e  911  1001  296
e  911  944  429
e  912  928  684
e  912  997  537
e  912  982  10
e  913  924  555
e  913  919  440
e  914  942  260
e  915  950  554
e  915  964  550
e  916  923  151
e  917  922  217
e  917  943  722
e  918  951  172
e  919  926  555
e  919  938  353
e  920  931  596
e  920  936  662
e  921  935  115
e  922  937  821
e  922  949  722
e  923  925  267
e  923  952  829
e  924  952  140
e  924  926  440
e  925  960  988
e  925  995  707
e  925  989  829
e  926  959  140
e  926  970  353
e  927  982  801
e  927  996  206
e  928  965  537
e  929  942  420
e  930  947  32
e  930  966  210
e  931  948  833
e  931  945  662
e  932  934  284
e  932  960  151
e  933  966  973
e  933  987  32
e  933  962  957
e  934  941  707
e  934  968  151
e  935  939  715
e  935  961  73
e  936  945  596
e  936  940  697
e  937  946  534
e  937  957  722
e  938  970  555
e  938  1285  140
e  938  1511  17
e  939  943  73
e  940  953  596
e  940  965  39
e  941  955  198
e  941  971  151
e  942  973  778
e  942  985  535
e  942  972  595
e  943  949  217
e  943  986  821
e  943  961  715
e  944  954  296
e  945  958  833
e  945  953  697
e  946  962  845
e  946  981  722
e  947  1052  307
e  947  974  210
e  948  956  17
e  948  958  662
e  949  957  821
e  950  1003  391
e  950  1002  550
e  951  1020  965
e  951  1003  558
e  952  989  267
e  952  1026  707
e  952  959  440
e  953  969  833
e  953  976  39
e  954  1001  429
e  954  1073  554
e  954  963  158
e  955  980  420
e  955  984  151
e  956  1004  73
e  956  1017  821
e  956  967  662
e  957  981  534
e  957  1018  954
e  957  999  885
e  957  986  217
e  958  967  17
e  958  969  697
e  959  1035  707
e  959  1164  420
e  959  1027  353
e  960  968  284
e  960  977  707
e  961  990  821
e  961  978  885
e  962  993  32
e  962  991  722
e  963  1111  554
e  963  1195  957
e  963  1033  191
e  964  1002  554
e  965  976  596
e  965  997  684
e  966  974  32
e  967  1021  821
e  967  975  697
e  968  971  707
e  969  975  17
e  969  983  39
e  970  1027  140
e  971  984  198
e  971  1012  829
e  971  977  284
e  972  980  535
e  973  1063  428
e  973  1070  801
e  973  1083  17
e  973  1079  535
e  974  1099  307
e  974  994  957
e  974  987  973
e  975  1034  821
e  975  988  39
e  976  983  833
e  976  1009  684
e  977  1007  829
e  977  995  988
e  978  979  115
e  978  992  821
e  979  998  821
e  979  1004  954
e  980  985  595
e  980  1005  151
e  981  991  845
e  981  1040  954
e  982  1013  537
e  982  1048  17
e  982  1045  206
e  983  988  17
e  983  1016  684
e  984  1005  420
e  984  1036  829
e  985  1079  778
e  985  1144  17
e  985  1031  151
e  986  990  715
e  987  993  957
e  988  1064  821
e  988  1028  10
e  988  1023  684
e  989  1006  707
e  990  992  885
e  991  1032  32
e  991  1041  954
e  992  1000  217
e  992  1010  954
e  992  998  115
e  993  994  973
e  993  1032  722
e  994  1108  307
e  994  1177  579
e  994  1057  722
e  995  1006  829
e  996  1045  801
e  996  1063  260
e  997  1009  596
e  997  1013  10
e  998  1008  954
e  999  1000  715
e  999  1014  954
e  1000  1011  954
e  1001  1058  554
e  1002  1106  391
e  1002  1074  296
e  1002  1053  162
e  1003  1157  965
e  1003  1139  296
e  1003  1106  550
e  1004  1008  821
e  1005  1031  595
e  1005  1038  829
e  1006  1007  988
e  1006  1026  267
e  1007  1012  284
e  1007  1042  440
e  1008  1010  115
e  1008  1022  662
e  1008  1017  73
e  1009  1016  833
e  1009  1015  10
e  1010  1011  217
e  1010  1029  662
e  1011  1014  715
e  1011  1030  662
e  1012  1036  198
e  1012  1044  420
e  1012  1061  440
e  1013  1015  596
e  1014  1018  885
e  1014  1037  662
e  1015  1024  833
e  1016  1023  17
e  1016  1024  10
e  1017  1021  662
e  1018  1040  534
e  1018  1051  845
e  1018  1050  662
e  1019  1052  344
e  1020  1157  558
e  1021  1022  73
e  1021  1034  697
e  1022  1029  115
e  1022  1049  217
e  1022  1039  697
e  1023  1025  10
e  1024  1025  17
e  1025  1028  684
e  1025  1128  821
e  1025  1103  260
e  1025  1084  206
e  1025  1046  537
e  1026  1035  440
e  1027  1201  420
e  1027  1443  17
e  1027  1285  555
e  1028  1104  821
e  1029  1030  217
e  1030  1037  715
e  1030  1056  697
e  1030  1049  115
e  1031  1145  17
e  1031  1097  829
e  1032  1057  973
e  1032  1082  954
e  1033  1178  957
e  1033  1109  344
e  1034  1039  73
e  1034  1064  39
e  1035  1043  988
e  1035  1112  420
e  1036  1038  420
e  1037  1050  885
e  1037  1071  845
e  1037  1065  697
e  1038  1097  595
e  1038  1091  440
e  1038  1044  198
e  1039  1055  217
e  1039  1081  39
e  1040  1041  845
e  1041  1082  32
e  1041  1060  662
e  1041  1051  534
e  1042  1043  267
e  1042  1061  284
e  1043  1090  420
e  1044  1069  440
e  1045  1066  17
e  1045  1067  260
e  1046  1047  596
e  1046  1076  206
e  1047  1048  833
e  1047  1068  206
e  1048  1066  206
e  1049  1055  697
e  1050  1059  845
e  1051  1059  662
e  1052  1072  136
e  1052  1121  579
e  1052  1099  210
e  1053  1054  24
e  1053  1062  296
e  1054  1058  296
e  1055  1056  115
e  1055  1100  39
e  1056  1065  715
e  1056  1101  845
e  1056  1105  39
e  1057  1182  579
e  1057  1107  954
e  1058  1062  24
e  1058  1073  429
e  1059  1060  534
e  1059  1085  697
e  1059  1071  885
e  1060  1096  32
e  1060  1088  697
e  1061  1069  420
e  1062  1074  162
e  1062  1095  429
e  1063  1067  801
e  1064  1081  73
e  1064  1104  10
e  1065  1078  845
e  1066  1068  833
e  1066  1075  260
e  1067  1075  17
e  1067  1070  428
e  1068  1076  596
e  1068  1077  260
e  1069  1091  198
e  1069  1089  267
e  1070  1080  17
e  1071  1078  697
e  1072  1109  579
e  1073  1095  24
e  1073  1111  158
e  1074  1117  391
e  1075  1077  833
e  1075  1080  428
e  1076  1084  537
e  1076  1087  260
e  1077  1087  596
e  1077  1086  428
e  1078  1085  885
e  1078  1094  534
e  1078  1115  39
e  1078  1101  715
e  1079  1122  17
e  1080  1086  833
e  1080  1083  801
e  1081  1100  217
e  1081  1119  10
e  1082  1107  973
e  1082  1096  662
e  1083  1092  833
e  1083  1122  535
e  1084  1093  260
e  1085  1088  534
e  1086  1098  596
e  1086  1092  801
e  1087  1093  537
e  1087  1098  428
e  1088  1114  32
e  1088  1094  885
e  1089  1090  284
e  1089  1126  198
e  1089  1273  17
e  1090  1274  17
e  1090  1112  988
e  1091  1148  595
e  1091  1220  17
e  1091  1126  267
e  1092  1113  596
e  1092  1124  535
e  1093  1103  206
e  1093  1146  821
e  1093  1102  428
e  1094  1118  39
e  1095  1138  391
e  1095  1136  158
e  1096  1120  973
e  1096  1114  697
e  1097  1161  17
e  1097  1148  440
e  1098  1102  537
e  1098  1113  801
e  1099  1123  579
e  1099  1108  957
e  1100  1105  115
e  1100  1116  845
e  1101  1110  39
e  1102  1162  821
e  1102  1158  535
e  1102  1127  801
e  1103  1140  821
e  1104  1119  73
e  1104  1149  260
e  1104  1128  684
e  1105  1110  845
e  1106  1117  296
e  1107  1188  579
e  1107  1120  662
e  1108  1125  579
e  1109  1134  957
e  1109  1121  136
e  1110  1115  715
e  1110  1131  534
e  1110  1143  10
e  1110  1116  115
e  1111  1136  24
e  1111  1179  391
e  1111  1233  957
e  1112  1286  17
e  1112  1219  353
e  1112  1164  707
e  1113  1127  537
e  1113  1142  535
e  1114  1141  973
e  1114  1132  39
e  1115  1118  534
e  1116  1129  10
e  1117  1139  550
e  1117  1137  429
e  1118  1133  32
e  1118  1152  10
e  1118  1131  715
e  1119  1130  845
e  1119  1159  260
e  1120  1199  579
e  1120  1141  697
e  1121  1123  210
e  1122  1124  833
e  1122  1150  151
e  1122  1144  778
e  1123  1125  957
e  1124  1142  596
e  1124  1153  151
e  1125  1135  136
e  1125  1214  954
e  1125  1184  722
e  1125  1177  307
e  1126  1236  17
e  1127  1151  535
e  1128  1140  260
e  1129  1130  217
e  1129  1143  115
e  1129  1167  534
e  1129  1176  32
e  1129  1171  260
e  1130  1163  260
e  1131  1147  10
e  1132  1133  885
e  1132  1168  973
e  1132  1170  10
e  1133  1155  10
e  1134  1135  210
e  1134  1178  344
e  1134  1215  191
e  1135  1231  191
e  1135  1246  954
e  1136  1156  391
e  1137  1138  162
e  1137  1224  550
e  1137  1223  158
e  1138  1156  158
e  1139  1356  965
e  1139  1426  957
e  1139  1224  429
e  1140  1149  684
e  1140  1166  73
e  1140  1146  206
e  1141  1226  579
e  1141  1168  39
e  1142  1151  537
e  1142  1169  151
e  1143  1147  534
e  1144  1145  151
e  1145  1150  778
e  1145  1154  833
e  1145  1161  829
e  1146  1173  73
e  1146  1191  845
e  1146  1162  428
e  1147  1152  715
e  1147  1160  32
e  1147  1167  115
e  1148  1187  17
e  1149  1159  73
e  1150  1153  833
e  1151  1158  801
e  1151  1198  821
e  1151  1185  151
e  1152  1155  32
e  1153  1169  596
e  1153  1154  778
e  1154  1165  829
e  1155  1170  885
e  1155  1196  260
e  1155  1160  715
e  1156  1223  162
e  1156  1277  957
e  1156  1179  24
e  1157  1404  172
e  1157  1554  957
e  1157  1356  296
e  1158  1175  821
e  1159  1163  845
e  1159  1166  684
e  1160  1186  260
e  1160  1172  115
e  1161  1165  833
e  1161  1187  440
e  1162  1204  845
e  1162  1175  535
e  1163  1171  217
e  1163  1192  206
e  1163  1174  684
e  1164  1201  353
e  1165  1190  596
e  1165  1202  440
e  1166  1174  845
e  1166  1173  206
e  1167  1172  32
e  1168  1254  579
e  1168  1193  10
e  1169  1185  537
e  1169  1189  829
e  1170  1193  973
e  1171  1181  32
e  1171  1197  206
e  1172  1183  260
e  1172  1176  534
e  1173  1180  845
e  1174  1180  206
e  1175  1210  845
e  1175  1212  151
e  1175  1198  801
e  1176  1181  260
e  1177  1182  722
e  1178  1195  191
e  1179  1250  957
e  1180  1192  684
e  1180  1203  217
e  1180  1207  32
e  1180  1221  535
e  1180  1208  428
e  1180  1191  73
e  1181  1183  534
e  1181  1200  206
e  1182  1184  307
e  1182  1188  954
e  1183  1186  115
e  1183  1213  206
e  1184  1194  954
e  1185  1206  821
e  1185  1211  829
e  1186  1196  715
e  1186  1222  206
e  1187  1202  833
e  1187  1220  595
e  1188  1194  307
e  1188  1199  662
e  1189  1190  778
e  1189  1211  537
e  1190  1228  537
e  1190  1238  821
e  1190  1237  440
e  1191  1204  428
e  1192  1197  217
e  1193  1266  579
e  1193  1229  260
e  1194  1214  722
e  1194  1209  662
e  1195  1233  554
e  1195  1215  344
e  1196  1230  973
e  1196  1243  206
e  1197  1200  32
e  1197  1203  684
e  1198  1206  151
e  1199  1209  307
e  1199  1226  697
e  1200  1213  534
e  1200  1205  684
e  1201  1219  707
e  1201  1358  17
e  1202  1237  596
e  1202  1289  821
e  1202  1288  267
e  1202  1251  595
e  1203  1205  32
e  1204  1208  73
e  1204  1210  535
e  1205  1217  534
e  1205  1232  535
e  1205  1207  217
e  1206  1212  801
e  1206  1218  829
e  1207  1225  535
e  1208  1216  535
e  1209  1255  722
e  1209  1269  136
e  1209  1244  697
e  1210  1216  73
e  1210  1235  151
e  1211  1218  821
e  1211  1228  778
e  1212  1235  845
e  1212  1239  829
e  1213  1222  115
e  1213  1217  684
e  1214  1246  136
e  1214  1255  662
e  1215  1257  554
e  1215  1231  210
e  1216  1221  428
e  1216  1227  32
e  1216  1247  151
e  1217  1242  115
e  1217  1241  535
e  1218  1239  801
e  1218  1256  845
e  1218  1234  778
e  1219  1308  17
e  1220  1251  833
e  1220  1236  267
e  1221  1225  32
e  1222  1243  715
e  1222  1242  684
e  1223  1303  550
e  1223  1350  957
e  1224  1410  957
e  1224  1303  158
e  1225  1232  217
e  1225  1227  428
e  1226  1244  307
e  1226  1254  39
e  1227  1240  217
e  1227  1249  151
e  1228  1234  821
e  1229  1230  885
e  1229  1298  579
e  1229  1297  206
e  1230  1268  206
e  1231  1263  554
e  1232  1241  534
e  1232  1240  428
e  1233  1250  391
e  1233  1257  344
e  1234  1278  845
e  1234  1261  440
e  1234  1238  537
e  1235  1247  73
e  1235  1248  829
e  1236  1260  833
e  1236  1287  284
e  1236  1273  198
e  1237  1253  821
e  1238  1253  440
e  1239  1248  845
e  1240  1245  534
e  1240  1270  151
e  1241  1252  115
e  1241  1245  428
e  1242  1264  715
e  1242  1252  535
e  1243  1268  973
e  1243  1267  535
e  1243  1264  684
e  1244  1313  136
e  1244  1279  39
e  1245  1272  115
e  1245  1271  151
e  1246  1301  554
e  1246  1262  662
e  1247  1249  32
e  1248  1259  32
e  1248  1256  801
e  1249  1270  217
e  1249  1258  829
e  1250  1277  24
e  1250  1302  210
e  1250  1276  344
e  1251  1260  267
e  1252  1265  715
e  1252  1272  428
e  1253  1261  537
e  1253  1322  845
e  1253  1333  267
e  1253  1289  596
e  1254  1279  307
e  1254  1266  10
e  1255  1262  136
e  1256  1275  32
e  1256  1278  778
e  1257  1276  391
e  1257  1263  210
e  1258  1259  73
e  1258  1281  217
e  1258  1293  534
e  1258  1318  440
e  1258  1292  801
e  1259  1275  801
e  1260  1288  595
e  1260  1326  821
e  1260  1315  284
e  1261  1284  845
e  1262  1305  554
e  1262  1269  722
e  1263  1280  391
e  1263  1300  954
e  1264  1265  535
e  1265  1267  684
e  1265  1296  973
e  1265  1295  428
e  1266  1299  307
e  1266  1298  260
e  1267  1283  973
e  1268  1297  885
e  1268  1283  535
e  1269  1324  554
e  1269  1313  697
e  1270  1271  534
e  1270  1281  829
e  1271  1294  115
e  1271  1282  829
e  1272  1295  715
e  1272  1294  151
e  1273  1274  284
e  1274  1287  198
e  1274  1317  833
e  1274  1286  988
e  1275  1292  73
e  1275  1290  440
e  1276  1280  210
e  1277  1350  162
e  1277  1355  954
e  1277  1336  210
e  1278  1284  440
e  1279  1367  136
e  1279  1299  10
e  1280  1302  344
e  1280  1304  954
e  1281  1282  534
e  1282  1307  115
e  1282  1330  440
e  1282  1293  217
e  1283  1312  885
e  1283  1348  151
e  1283  1296  684
e  1284  1291  32
e  1284  1322  537
e  1285  1481  17
e  1286  1332  833
e  1286  1308  353
e  1287  1315  833
e  1288  1321  821
e  1289  1321  267
e  1290  1291  778
e  1290  1306  73
e  1291  1316  73
e  1291  1397  267
e  1291  1334  537
e  1292  1306  440
e  1293  1328  440
e  1294  1309  715
e  1294  1307  829
e  1295  1310  973
e  1295  1309  151
e  1296  1331  151
e  1296  1310  428
e  1297  1335  579
e  1297  1312  535
e  1298  1327  307
e  1298  1349  535
e  1298  1335  206
e  1299  1370  136
e  1299  1388  554
e  1299  1401  391
e  1299  1327  260
e  1300  1301  191
e  1300  1304  391
e  1300  1311  662
e  1301  1305  662
e  1302  1336  24
e  1303  1373  957
e  1304  1345  24
e  1304  1314  662
e  1305  1311  191
e  1305  1320  391
e  1305  1324  722
e  1306  1318  801
e  1306  1342  534
e  1306  1316  778
e  1307  1323  715
e  1307  1340  973
e  1307  1364  440
e  1308  1339  833
e  1308  1358  707
e  1309  1319  973
e  1309  1323  829
e  1310  1319  151
e  1311  1314  391
e  1312  1338  579
e  1312  1360  151
e  1313  1337  554
e  1313  1367  39
e  1314  1351  24
e  1314  1403  697
e  1314  1343  722
e  1314  1320  191
e  1315  1379  821
e  1315  1317  198
e  1316  1347  534
e  1316  1413  267
e  1317  1385  821
e  1317  1346  353
e  1317  1332  988
e  1318  1328  534
e  1319  1331  428
e  1319  1325  829
e  1320  1329  722
e  1321  1333  596
e  1321  1326  595
e  1322  1334  32
e  1322  1357  267
e  1323  1325  973
e  1324  1329  391
e  1324  1337  697
e  1325  1354  428
e  1325  1381  579
e  1325  1386  440
e  1325  1340  715
e  1326  1352  596
e  1326  1396  32
e  1326  1379  284
e  1327  1405  391
e  1327  1391  535
e  1328  1330  217
e  1328  1342  801
e  1329  1343  191
e  1329  1341  697
e  1330  1364  115
e  1330  1398  973
e  1330  1363  778
e  1330  1353  801
e  1331  1348  684
e  1331  1354  829
e  1332  1339  353
e  1333  1357  845
e  1333  1352  595
e  1334  1362  267
e  1335  1338  535
e  1336  1344  954
e  1337  1341  391
e  1337  1375  39
e  1338  1349  206
e  1338  1400  307
e  1338  1366  151
e  1339  1346  988
e  1339  1393  821
e  1339  1424  707
e  1340  1374  440
e  1341  1361  191
e  1341  1402  10
e  1341  1378  39
e  1342  1353  217
e  1342  1347  778
e  1343  1361  697
e  1344  1345  344
e  1344  1355  210
e  1344  1368  662
e  1345  1351  662
e  1346  1390  821
e  1347  1359  217
e  1347  1435  267
e  1348  1360  885
e  1348  1365  829
e  1349  1391  307
e  1350  1373  550
e  1350  1420  954
e  1351  1368  344
e  1351  1407  697
e  1352  1380  845
e  1353  1359  778
e  1354  1365  684
e  1354  1376  579
e  1355  1420  162
e  1355  1389  662
e  1356  1456  957
e  1357  1362  32
e  1357  1380  595
e  1358  1424  833
e  1358  1547  555
e  1358  1443  420
e  1359  1363  801
e  1359  1428  973
e  1359  1447  267
e  1360  1366  579
e  1360  1369  829
e  1361  1403  722
e  1361  1408  24
e  1361  1411  10
e  1362  1397  537
e  1362  1383  595
e  1363  1414  973
e  1364  1374  973
e  1365  1369  885
e  1365  1372  579
e  1366  1421  307
e  1366  1371  829
e  1367  1375  554
e  1367  1370  10
e  1368  1389  210
e  1368  1468  162
e  1368  1455  697
e  1369  1371  579
e  1370  1377  554
e  1371  1423  307
e  1371  1399  428
e  1371  1384  684
e  1371  1372  885
e  1372  1376  684
e  1373  1410  158
e  1373  1430  954
e  1374  1386  715
e  1374  1425  778
e  1374  1398  115
e  1375  1378  391
e  1375  1377  10
e  1376  1384  885
e  1376  1381  428
e  1377  1382  391
e  1377  1388  136
e  1378  1382  10
e  1379  1416  32
e  1379  1394  353
e  1379  1385  198
e  1380  1383  32
e  1381  1387  885
e  1381  1412  440
e  1382  1402  39
e  1382  1415  191
e  1382  1409  260
e  1382  1392  136
e  1383  1446  73
e  1383  1432  353
e  1383  1395  596
e  1384  1387  428
e  1385  1390  353
e  1386  1412  579
e  1387  1399  684
e  1387  1461  307
e  1387  1442  440
e  1388  1392  391
e  1389  1429  162
e  1390  1394  198
e  1390  1422  32
e  1390  1393  988
e  1391  1440  391
e  1391  1400  206
e  1392  1406  260
e  1392  1401  554
e  1393  1431  32
e  1393  1460  707
e  1394  1417  32
e  1395  1396  845
e  1395  1418  353
e  1396  1416  284
e  1397  1413  73
e  1398  1414  778
e  1399  1451  307
e  1400  1453  391
e  1400  1452  829
e  1400  1421  151
e  1401  1405  260
e  1402  1411  191
e  1403  1407  24
e  1404  1609  954
e  1405  1406  554
e  1405  1440  535
e  1406  1409  136
e  1406  1441  535
e  1407  1455  344
e  1407  1486  10
e  1407  1408  722
e  1408  1433  10
e  1409  1438  191
e  1409  1464  535
e  1410  1426  429
e  1410  1462  954
e  1411  1433  24
e  1411  1415  39
e  1412  1442  885
e  1412  1538  307
e  1412  1449  778
e  1413  1435  534
e  1413  1445  595
e  1414  1425  115
e  1414  1428  801
e  1415  1439  24
e  1415  1438  260
e  1416  1417  353
e  1417  1419  845
e  1417  1422  198
e  1418  1419  284
e  1418  1432  596
e  1419  1436  596
e  1419  1427  198
e  1420  1430  550
e  1420  1429  662
e  1421  1423  829
e  1422  1427  845
e  1422  1431  988
e  1423  1452  151
e  1423  1459  391
e  1423  1451  428
e  1424  1460  821
e  1424  1557  555
e  1425  1450  579
e  1425  1448  801
e  1426  1456  965
e  1426  1471  954
e  1427  1444  596
e  1427  1434  988
e  1428  1448  115
e  1428  1475  579
e  1428  1473  267
e  1429  1437  550
e  1429  1468  210
e  1430  1462  158
e  1430  1437  662
e  1431  1434  845
e  1431  1482  707
e  1432  1474  73
e  1432  1436  284
e  1433  1486  722
e  1433  1520  162
e  1433  1518  260
e  1433  1439  39
e  1434  1466  596
e  1434  1501  707
e  1435  1447  217
e  1435  1472  595
e  1436  1492  73
e  1436  1444  198
e  1437  1470  158
e  1437  1521  965
e  1437  1487  697
e  1437  1480  210
e  1438  1454  24
e  1438  1491  535
e  1439  1454  260
e  1440  1441  554
e  1440  1453  206
e  1441  1464  136
e  1441  1496  829
e  1441  1457  206
e  1442  1469  307
e  1443  1481  555
e  1444  1512  73
e  1444  1466  988
e  1445  1446  537
e  1445  1472  534
e  1445  1485  353
e  1446  1474  353
e  1447  1473  973
e  1447  1505  595
e  1448  1467  579
e  1449  1450  715
e  1449  1563  307
e  1449  1599  391
e  1449  1573  267
e  1449  1494  801
e  1450  1467  801
e  1451  1490  391
e  1451  1479  440
e  1451  1461  684
e  1452  1458  391
e  1453  1457  554
e  1453  1458  829
e  1454  1518  39
e  1454  1524  162
e  1454  1497  535
e  1455  1476  162
e  1455  1498  10
e  1456  1554  296
e  1456  1477  954
e  1457  1463  829
e  1458  1463  554
e  1458  1459  151
e  1459  1465  554
e  1459  1490  428
e  1460  1482  32
e  1460  1561  555
e  1461  1469  440
e  1462  1471  429
e  1462  1470  662
e  1463  1496  206
e  1463  1502  136
e  1463  1465  151
e  1464  1491  191
e  1464  1517  24
e  1464  1500  829
e  1465  1503  136
e  1465  1515  440
e  1465  1507  428
e  1466  1528  73
e  1466  1650  579
e  1466  1637  707
e  1467  1494  715
e  1467  1508  267
e  1467  1475  115
e  1468  1480  550
e  1468  1476  697
e  1469  1479  684
e  1469  1506  391
e  1469  1538  885
e  1470  1478  429
e  1470  1499  965
e  1471  1477  965
e  1471  1478  662
e  1472  1505  217
e  1472  1488  353
e  1473  1489  579
e  1473  1525  595
e  1474  1485  537
e  1474  1493  534
e  1474  1492  284
e  1475  1489  267
e  1476  1483  550
e  1476  1504  10
e  1477  1567  296
e  1477  1484  662
e  1478  1484  965
e  1479  1495  391
e  1480  1483  697
e  1481  1547  420
e  1481  1571  833
e  1481  1585  32
e  1481  1511  140
e  1482  1501  845
e  1482  1568  555
e  1483  1487  210
e  1483  1510  10
e  1484  1575  296
e  1484  1555  697
e  1484  1499  429
e  1485  1488  534
e  1486  1498  344
e  1487  1543  965
e  1487  1551  10
e  1488  1514  217
e  1488  1537  284
e  1488  1493  537
e  1489  1508  115
e  1489  1548  353
e  1489  1540  595
e  1490  1507  554
e  1490  1495  440
e  1491  1497  24
e  1492  1513  534
e  1492  1512  198
e  1493  1513  284
e  1494  1546  267
e  1495  1509  554
e  1495  1506  684
e  1496  1500  136
e  1497  1591  162
e  1497  1530  829
e  1497  1517  191
e  1498  1504  162
e  1499  1553  697
e  1499  1521  158
e  1500  1527  24
e  1500  1516  151
e  1500  1502  206
e  1501  1637  596
e  1501  1666  579
e  1501  1602  555
e  1502  1503  151
e  1503  1516  206
e  1503  1541  24
e  1503  1574  440
e  1504  1510  550
e  1504  1519  722
e  1505  1525  973
e  1505  1514  353
e  1506  1523  554
e  1506  1600  778
e  1506  1564  885
e  1507  1509  440
e  1508  1546  715
e  1508  1589  353
e  1509  1515  428
e  1509  1608  136
e  1509  1630  24
e  1509  1523  684
e  1510  1551  210
e  1510  1534  260
e  1510  1529  722
e  1511  1605  32
e  1512  1544  534
e  1512  1528  988
e  1513  1537  537
e  1513  1544  198
e  1514  1532  973
e  1514  1559  579
e  1514  1558  284
e  1515  1574  136
e  1516  1536  24
e  1517  1527  829
e  1518  1522  162
e  1519  1520  344
e  1519  1529  550
e  1519  1526  260
e  1520  1522  260
e  1521  1543  697
e  1522  1526  344
e  1522  1524  39
e  1523  1644  24
e  1523  1603  778
e  1524  1533  344
e  1524  1539  550
e  1524  1591  535
e  1525  1540  579
e  1525  1532  353
e  1526  1531  550
e  1526  1533  39
e  1527  1530  191
e  1527  1536  151
e  1528  1552  534
e  1528  1642  579
e  1529  1531  260
e  1530  1618  162
e  1530  1542  151
e  1531  1534  722
e  1531  1535  39
e  1532  1545  579
e  1533  1535  550
e  1534  1566  965
e  1534  1550  39
e  1535  1550  722
e  1535  1596  965
e  1535  1624  535
e  1535  1539  344
e  1536  1542  191
e  1536  1541  206
e  1537  1558  217
e  1537  1569  579
e  1537  1572  198
e  1538  1564  391
e  1538  1563  778
e  1539  1593  535
e  1540  1545  353
e  1541  1549  191
e  1541  1590  440
e  1542  1628  162
e  1542  1549  206
e  1543  1553  158
e  1543  1556  10
e  1544  1572  537
e  1544  1582  579
e  1544  1552  988
e  1545  1548  595
e  1545  1615  115
e  1545  1562  284
e  1545  1559  973
e  1546  1573  801
e  1546  1623  391
e  1546  1619  353
e  1547  1557  833
e  1548  1589  115
e  1549  1649  162
e  1549  1604  440
e  1550  1580  965
e  1551  1556  965
e  1552  1583  579
e  1553  1555  429
e  1553  1570  10
e  1554  1567  954
e  1555  1667  296
e  1555  1577  10
e  1556  1570  158
e  1556  1565  260
e  1557  1561  821
e  1557  1571  420
e  1558  1560  579
e  1559  1560  284
e  1560  1562  973
e  1560  1569  217
e  1561  1568  32
e  1561  1578  420
e  1562  1659  115
e  1562  1587  198
e  1563  1576  391
e  1564  1576  778
e  1565  1566  210
e  1565  1592  158
e  1565  1601  39
e  1566  1580  39
e  1567  1610  172
e  1567  1575  662
e  1568  1602  845
e  1568  1581  420
e  1569  1579  198
e  1570  1577  429
e  1570  1592  260
e  1571  1578  821
e  1572  1579  579
e  1573  1611  391
e  1574  1590  24
e  1574  1608  428
e  1575  1612  172
e  1575  1667  697
e  1576  1600  885
e  1576  1607  554
e  1576  1616  267
e  1576  1599  307
e  1577  1672  296
e  1577  1594  260
e  1578  1581  32
e  1579  1588  973
e  1579  1586  988
e  1579  1582  537
e  1580  1601  210
e  1580  1632  158
e  1580  1596  722
e  1581  1629  845
e  1581  1622  140
e  1581  1584  833
e  1582  1583  988
e  1583  1586  537
e  1583  1598  973
e  1583  1665  707
e  1583  1642  534
e  1584  1585  821
e  1584  1613  140
e  1585  1605  140
e  1586  1595  973
e  1587  1588  217
e  1587  1597  988
e  1588  1595  988
e  1589  1619  715
e  1589  1615  595
e  1590  1604  191
e  1590  1617  428
e  1591  1593  550
e  1591  1618  829
e  1592  1594  429
e  1592  1614  39
e  1593  1624  344
e  1593  1627  965
e  1593  1621  829
e  1594  1673  296
e  1594  1620  39
e  1595  1597  217
e  1595  1598  537
e  1596  1646  158
e  1596  1626  535
e  1597  1606  537
e  1598  1606  217
e  1599  1611  267
e  1600  1603  554
e  1601  1614  158
e  1602  1629  420
e  1603  1663  267
e  1603  1607  885
e  1604  1680  162
e  1604  1639  428
e  1605  1613  821
e  1607  1634  267
e  1608  1617  24
e  1609  1610  957
e  1609  1641  558
e  1609  1625  662
e  1610  1612  662
e  1611  1616  307
e  1611  1623  801
e  1612  1625  957
e  1612  1662  558
e  1612  1674  697
e  1613  1622  833
e  1614  1620  429
e  1614  1632  210
e  1615  1651  715
e  1615  1670  391
e  1615  1659  284
e  1616  1634  554
e  1616  1633  801
e  1617  1639  191
e  1617  1660  684
e  1617  1630  136
e  1618  1621  550
e  1618  1628  151
e  1619  1638  391
e  1619  1651  595
e  1620  1669  535
e  1620  1635  210
e  1621  1636  965
e  1621  1631  151
e  1622  1640  845
e  1623  1633  307
e  1623  1638  353
e  1624  1626  965
e  1625  1643  558
e  1626  1654  158
e  1626  1645  829
e  1626  1627  344
e  1627  1636  829
e  1628  1631  550
e  1628  1649  206
e  1629  1640  140
e  1630  1644  684
e  1631  1647  965
e  1631  1652  206
e  1632  1635  429
e  1632  1646  722
e  1633  1648  554
e  1633  1657  353
e  1634  1663  885
e  1634  1648  801
e  1635  1661  535
e  1635  1653  722
e  1636  1645  344
e  1636  1647  151
e  1637  1655  579
e  1638  1657  307
e  1638  1664  595
e  1641  1643  662
e  1642  1658  707
e  1642  1650  73
e  1643  1662  957
e  1644  1660  136
e  1645  1676  158
e  1645  1671  151
e  1646  1653  429
e  1646  1654  535
e  1647  1671  344
e  1647  1677  206
e  1648  1668  353
e  1649  1652  550
e  1649  1680  440
e  1650  1655  707
e  1651  1664  391
e  1652  1677  965
e  1652  1681  440
e  1653  1656  535
e  1654  1656  429
e  1654  1676  829
e  1655  1658  73
e  1655  1666  596
e  1656  1661  722
e  1656  1678  829
e  1657  1668  554
e  1658  1665  534
e  1659  1682  391
e  1661  1669  210
e  1664  1670  715
e  1667  1674  172
e  1667  1672  10
e  1670  1682  284
e  1672  1675  172
e  1672  1673  260
e  1673  1679  172
e  1674  1675  10
e  1675  1679  260
e  1676  1678  429
e  1680  1681  550
