p   edge 1658  3196
e  0  1571  492
e  0  1525  736
e  0  919  322
e  0  98  596
e  0  59  705
e  1  2  492
e  1  219  539
e  1  976  730
e  1  1314  169
e  2  3  4
e  2  210  539
e  3  4  236
e  3  185  539
e  4  5  736
e  4  62  539
e  5  6  539
e  6  7  600
e  6  62  736
e  7  8  740
e  7  136  71
e  7  80  736
e  8  9  882
e  8  131  71
e  9  10  314
e  9  118  71
e  10  11  110
e  10  90  30
e  10  102  71
e  11  12  30
e  12  13  322
e  12  73  71
e  12  90  110
e  13  14  404
e  13  63  71
e  14  15  475
e  14  60  71
e  15  16  71
e  16  17  524
e  16  60  475
e  17  18  540
e  17  66  303
e  17  61  475
e  18  19  303
e  19  20  572
e  19  67  141
e  19  66  540
e  20  21  141
e  21  22  66
e  21  67  572
e  22  23  740
e  22  83  572
e  23  24  919
e  23  93  806
e  23  114  572
e  24  25  806
e  25  26  210
e  25  87  546
e  25  93  919
e  26  27  984
e  26  71  546
e  27  28  546
e  28  29  236
e  28  71  984
e  29  30  813
e  29  76  353
e  29  108  984
e  30  31  353
e  31  32  82
e  31  68  350
e  31  76  813
e  32  33  350
e  33  34  220
e  33  68  82
e  34  35  688
e  34  85  404
e  34  84  82
e  35  36  404
e  36  37  629
e  36  85  688
e  37  38  615
e  37  121  621
e  37  109  688
e  38  39  334
e  38  103  621
e  39  40  621
e  40  41  519
e  40  69  457
e  40  103  334
e  41  42  457
e  42  43  68
e  42  69  519
e  43  44  252
e  43  77  519
e  44  45  574
e  44  78  153
e  44  94  519
e  45  46  153
e  46  47  608
e  46  78  574
e  47  48  840
e  47  111  574
e  48  49  405
e  48  169  730
e  48  122  574
e  49  50  573
e  49  127  730
e  50  51  678
e  50  104  730
e  51  52  730
e  52  53  596
e  52  74  169
e  52  104  678
e  53  54  616
e  53  72  169
e  54  55  469
e  54  70  169
e  55  56  795
e  55  65  169
e  56  57  169
e  57  58  56
e  57  65  795
e  58  59  869
e  58  82  795
e  59  95  596
e  59  89  795
e  60  61  524
e  60  63  404
e  61  86  303
e  61  64  404
e  62  80  600
e  62  325  71
e  62  185  236
e  63  64  524
e  63  73  322
e  64  92  303
e  64  75  322
e  65  82  56
e  65  81  596
e  65  70  469
e  66  130  141
e  66  86  475
e  67  83  66
e  67  130  540
e  68  84  220
e  68  110  404
e  68  101  813
e  69  77  68
e  69  115  334
e  70  79  596
e  70  72  616
e  71  108  236
e  71  120  353
e  71  87  210
e  72  74  596
e  73  75  524
e  73  96  110
e  74  79  616
e  74  112  56
e  74  195  573
e  74  170  678
e  75  100  303
e  75  99  110
e  76  101  350
e  76  113  984
e  77  94  252
e  77  126  334
e  78  111  608
e  78  143  519
e  79  81  469
e  79  105  56
e  80  165  71
e  81  88  56
e  82  89  869
e  82  88  596
e  83  114  740
e  83  132  540
e  84  97  404
e  85  109  629
e  85  97  82
e  86  139  141
e  86  119  322
e  86  92  404
e  87  129  353
e  87  159  919
e  88  91  869
e  88  105  469
e  89  91  596
e  90  96  71
e  91  95  795
e  91  106  705
e  91  123  469
e  92  100  322
e  93  159  546
e  93  176  353
e  93  189  572
e  94  143  153
e  94  133  334
e  95  98  705
e  96  99  524
e  96  102  30
e  97  125  629
e  97  117  813
e  97  110  220
e  98  612  813
e  98  106  795
e  99  138  303
e  99  151  314
e  99  107  30
e  100  119  404
e  100  153  66
e  100  138  110
e  101  116  404
e  101  148  984
e  102  107  524
e  102  118  314
e  103  115  457
e  103  121  615
e  104  170  169
e  104  127  573
e  105  123  869
e  105  112  616
e  106  484  813
e  106  196  469
e  107  124  314
e  108  113  353
e  109  147  621
e  109  155  457
e  109  125  82
e  110  116  813
e  111  122  840
e  111  172  519
e  112  134  869
e  112  295  573
e  113  148  350
e  113  154  404
e  113  142  210
e  113  120  236
e  114  189  806
e  114  161  540
e  115  126  68
e  115  128  615
e  116  117  220
e  116  150  984
e  117  135  629
e  117  191  984
e  118  124  524
e  118  131  882
e  119  145  141
e  120  129  210
e  121  128  457
e  121  147  688
e  122  183  730
e  122  194  519
e  123  196  705
e  123  134  616
e  124  151  30
e  124  186  303
e  124  137  882
e  125  157  457
e  125  135  813
e  126  133  252
e  126  144  615
e  127  180  169
e  127  213  574
e  127  169  405
e  128  144  68
e  128  149  688
e  129  142  236
e  129  198  404
e  129  164  919
e  130  132  66
e  130  139  475
e  131  137  524
e  131  136  740
e  132  161  740
e  132  140  475
e  133  179  153
e  133  199  813
e  133  156  615
e  134  258  705
e  134  425  813
e  134  340  573
e  135  160  457
e  135  197  984
e  136  141  524
e  136  165  736
e  137  205  303
e  137  141  740
e  138  184  66
e  138  171  314
e  139  140  66
e  139  145  322
e  140  166  740
e  140  146  322
e  141  220  303
e  141  174  736
e  142  181  404
e  143  172  608
e  143  179  334
e  144  156  252
e  144  163  688
e  145  146  66
e  146  175  740
e  146  152  404
e  147  149  457
e  148  150  404
e  149  163  68
e  149  167  813
e  149  158  82
e  149  155  621
e  150  191  220
e  150  211  629
e  150  190  210
e  150  154  350
e  151  171  303
e  152  153  141
e  152  188  740
e  152  187  110
e  153  184  110
e  154  181  210
e  155  157  82
e  156  193  813
e  156  168  688
e  157  158  621
e  157  160  813
e  158  162  813
e  159  164  353
e  160  162  621
e  160  208  984
e  161  224  806
e  161  166  475
e  162  167  82
e  162  177  68
e  162  192  252
e  162  215  984
e  163  168  252
e  163  173  813
e  164  202  404
e  164  176  546
e  165  174  524
e  165  325  600
e  166  226  806
e  166  175  322
e  167  173  68
e  168  178  813
e  169  183  574
e  170  180  573
e  171  206  66
e  171  186  30
e  172  194  840
e  172  201  334
e  173  178  252
e  173  177  82
e  174  242  303
e  174  273  66
e  174  365  600
e  175  228  806
e  175  188  404
e  176  248  404
e  176  240  572
e  177  182  252
e  178  193  688
e  178  204  153
e  178  182  82
e  179  201  608
e  179  200  813
e  180  195  678
e  180  318  813
e  180  238  574
e  181  190  350
e  181  207  919
e  181  198  236
e  182  209  153
e  182  227  984
e  182  192  68
e  183  213  405
e  183  257  169
e  183  216  519
e  184  187  141
e  184  206  314
e  185  534  71
e  185  241  492
e  185  210  4
e  186  229  66
e  186  205  882
e  187  221  740
e  187  214  314
e  188  265  806
e  188  221  110
e  189  240  353
e  189  246  322
e  189  224  540
e  190  251  457
e  190  222  919
e  191  197  629
e  192  223  984
e  193  199  615
e  193  203  153
e  194  216  730
e  194  217  334
e  195  295  56
e  195  346  813
e  196  459  813
e  196  258  616
e  197  208  457
e  197  211  220
e  198  202  919
e  199  200  153
e  200  218  608
e  200  212  688
e  200  203  615
e  201  217  840
e  201  218  813
e  202  207  236
e  202  249  350
e  202  299  322
e  202  248  546
e  203  204  688
e  204  212  615
e  204  209  82
e  205  232  66
e  205  220  740
e  206  214  141
e  206  229  30
e  207  222  350
e  208  215  621
e  208  252  252
e  208  233  220
e  209  225  615
e  209  236  608
e  209  253  984
e  210  219  492
e  211  233  457
e  212  231  608
e  212  225  82
e  213  238  169
e  214  245  740
e  214  243  882
e  215  223  252
e  216  272  169
e  216  256  813
e  216  235  334
e  217  235  730
e  217  230  813
e  218  230  840
e  218  231  688
e  219  241  4
e  219  654  71
e  219  706  66
e  219  894  730
e  220  239  66
e  220  242  736
e  221  304  806
e  221  245  314
e  222  268  457
e  222  249  236
e  223  227  68
e  223  277  210
e  223  252  621
e  224  226  475
e  225  234  608
e  226  228  322
e  227  253  153
e  227  288  210
e  228  247  540
e  228  261  353
e  228  265  404
e  229  232  882
e  230  237  730
e  230  254  82
e  231  234  82
e  232  244  141
e  232  239  740
e  233  269  252
e  233  250  210
e  234  255  840
e  234  236  615
e  235  237  813
e  236  267  840
e  236  281  730
e  236  276  984
e  237  256  334
e  237  289  169
e  237  262  82
e  238  294  813
e  238  257  405
e  239  266  141
e  239  264  736
e  240  279  404
e  240  259  322
e  241  566  71
e  242  264  66
e  243  244  30
e  243  297  740
e  244  308  740
e  244  266  740
e  245  341  806
e  245  366  353
e  245  297  882
e  246  247  475
e  246  259  353
e  247  260  353
e  248  291  322
e  248  279  572
e  249  329  457
e  249  320  322
e  250  251  629
e  250  270  252
e  250  274  919
e  251  268  919
e  252  275  210
e  252  269  220
e  253  276  608
e  253  311  210
e  254  255  688
e  254  262  730
e  255  263  730
e  255  267  615
e  256  278  169
e  257  286  813
e  257  272  519
e  258  432  813
e  259  282  404
e  259  260  475
e  260  284  404
e  260  261  540
e  261  287  404
e  261  290  404
e  262  307  169
e  262  263  688
e  263  312  169
e  263  323  984
e  263  271  615
e  264  283  141
e  264  273  303
e  265  290  353
e  265  304  110
e  266  309  740
e  266  283  736
e  267  271  730
e  268  274  629
e  268  316  252
e  268  333  322
e  268  329  236
e  269  270  210
e  270  275  220
e  270  280  621
e  270  285  919
e  271  296  984
e  271  281  840
e  272  278  813
e  273  350  141
e  273  485  600
e  274  285  252
e  275  277  621
e  276  293  730
e  276  334  210
e  277  288  68
e  277  298  919
e  277  280  220
e  278  286  519
e  278  303  405
e  278  289  334
e  279  282  322
e  280  292  919
e  281  293  984
e  282  291  572
e  282  284  475
e  283  321  740
e  283  350  303
e  284  301  572
e  284  306  546
e  284  287  540
e  285  292  621
e  285  349  322
e  285  316  629
e  286  294  405
e  287  310  546
e  287  314  404
e  288  311  153
e  288  300  919
e  289  324  405
e  289  307  82
e  290  314  404
e  290  319  110
e  291  299  546
e  291  301  475
e  292  298  220
e  292  302  68
e  292  357  322
e  293  296  840
e  293  338  919
e  294  318  574
e  294  303  519
e  295  340  869
e  295  363  813
e  296  323  615
e  296  328  169
e  296  358  919
e  297  398  353
e  297  313  740
e  297  308  30
e  298  300  68
e  299  320  350
e  299  305  475
e  300  317  153
e  300  302  220
e  301  305  546
e  302  330  153
e  302  359  322
e  303  324  334
e  304  319  353
e  304  341  314
e  305  322  350
e  305  315  540
e  305  306  572
e  306  310  540
e  307  345  405
e  307  312  688
e  308  309  740
e  309  313  30
e  309  321  736
e  310  315  572
e  310  331  350
e  310  352  404
e  311  334  608
e  311  317  919
e  312  362  405
e  312  327  984
e  313  351  736
e  314  352  546
e  314  336  110
e  315  326  350
e  316  343  322
e  317  335  608
e  317  355  730
e  317  330  220
e  318  346  678
e  318  424  56
e  318  421  82
e  319  336  404
e  319  347  314
e  320  332  457
e  320  322  475
e  321  351  30
e  321  433  353
e  321  535  404
e  321  477  303
e  322  337  457
e  322  326  540
e  323  327  169
e  324  345  82
e  325  365  524
e  325  534  236
e  326  344  457
e  326  331  572
e  327  379  405
e  327  328  615
e  328  468  405
e  328  382  919
e  329  332  322
e  330  376  730
e  330  368  322
e  331  353  457
e  331  371  404
e  332  333  236
e  332  337  475
e  333  343  252
e  333  342  475
e  334  335  919
e  335  339  730
e  336  393  546
e  336  409  457
e  336  369  314
e  337  342  236
e  337  344  540
e  338  339  210
e  338  358  840
e  339  364  840
e  339  385  322
e  339  355  608
e  340  387  813
e  341  347  353
e  342  348  252
e  342  354  540
e  343  349  629
e  343  348  475
e  344  354  236
e  344  360  252
e  344  353  572
e  345  423  574
e  345  420  984
e  345  362  688
e  346  363  56
e  347  369  404
e  347  366  806
e  348  361  629
e  348  356  540
e  349  357  621
e  349  361  475
e  350  477  740
e  350  620  600
e  351  405  353
e  352  371  350
e  352  393  110
e  353  372  252
e  353  378  404
e  354  356  252
e  355  384  322
e  355  376  220
e  356  373  629
e  356  383  572
e  356  360  236
e  357  359  68
e  357  367  475
e  358  382  169
e  358  364  210
e  359  368  153
e  359  370  475
e  360  372  572
e  361  367  621
e  361  373  540
e  362  379  984
e  363  387  869
e  363  444  82
e  363  424  678
e  364  389  169
e  364  403  322
e  365  485  66
e  365  598  236
e  366  398  882
e  367  370  68
e  367  375  540
e  368  380  730
e  368  374  475
e  369  442  457
e  369  406  882
e  370  374  153
e  370  377  540
e  371  378  457
e  371  399  110
e  372  383  236
e  372  390  404
e  373  375  621
e  373  392  572
e  374  388  730
e  374  381  540
e  375  377  68
e  375  395  572
e  376  380  322
e  377  381  153
e  377  396  572
e  378  390  252
e  378  401  110
e  379  420  688
e  379  467  56
e  379  495  919
e  379  468  615
e  380  384  220
e  380  386  608
e  380  388  475
e  381  394  730
e  381  400  572
e  382  483  405
e  382  481  322
e  382  389  210
e  383  392  629
e  384  385  608
e  385  403  840
e  385  397  475
e  385  386  220
e  386  391  475
e  387  425  573
e  387  482  705
e  387  510  984
e  387  492  82
e  388  391  608
e  388  394  540
e  389  419  322
e  390  415  153
e  390  410  110
e  391  397  220
e  391  402  540
e  392  395  621
e  393  399  350
e  394  402  608
e  394  416  572
e  395  396  68
e  396  400  153
e  397  418  840
e  397  417  540
e  398  407  404
e  398  404  736
e  399  401  457
e  400  416  730
e  400  411  404
e  401  410  252
e  401  408  546
e  402  417  220
e  402  456  840
e  402  431  572
e  403  419  169
e  403  418  475
e  404  405  740
e  404  429  404
e  405  430  404
e  405  433  30
e  406  407  806
e  406  505  457
e  406  436  736
e  407  429  736
e  408  409  350
e  408  450  252
e  408  454  314
e  409  442  314
e  410  439  153
e  410  464  314
e  410  450  546
e  411  412  236
e  411  427  730
e  412  413  629
e  412  434  730
e  413  414  621
e  413  447  730
e  413  446  110
e  414  415  68
e  414  445  110
e  415  439  110
e  416  431  608
e  416  427  404
e  417  428  840
e  418  426  169
e  418  428  540
e  419  481  210
e  419  426  475
e  420  443  574
e  420  462  56
e  421  422  334
e  421  435  56
e  422  423  519
e  422  440  56
e  423  448  56
e  423  443  984
e  424  435  82
e  425  432  705
e  426  514  210
e  426  521  405
e  426  437  540
e  427  441  608
e  427  465  110
e  427  434  236
e  428  437  169
e  428  456  220
e  429  436  806
e  429  430  740
e  430  438  806
e  430  453  30
e  431  473  840
e  431  441  404
e  432  459  616
e  432  482  573
e  433  453  404
e  434  451  110
e  434  447  629
e  435  444  678
e  435  440  334
e  436  513  457
e  436  438  740
e  437  540  405
e  437  494  404
e  437  487  572
e  437  466  220
e  438  522  457
e  438  486  30
e  439  445  68
e  439  461  730
e  439  489  314
e  440  458  678
e  440  457  984
e  440  448  519
e  441  475  840
e  441  480  169
e  441  472  110
e  442  454  350
e  442  478  252
e  442  505  882
e  443  452  56
e  444  492  869
e  444  471  984
e  444  458  334
e  445  446  621
e  445  455  730
e  446  449  730
e  447  449  110
e  448  452  984
e  449  451  629
e  449  499  314
e  449  455  621
e  450  460  314
e  451  465  236
e  451  479  608
e  451  504  314
e  452  457  519
e  452  470  678
e  452  469  688
e  452  462  574
e  453  486  806
e  453  642  730
e  453  645  303
e  453  535  353
e  454  460  252
e  455  497  314
e  455  461  68
e  456  466  169
e  456  473  572
e  457  463  678
e  458  463  984
e  459  484  469
e  459  591  984
e  459  574  573
e  460  464  546
e  460  503  730
e  460  478  350
e  461  490  314
e  462  467  688
e  463  471  334
e  463  502  869
e  463  509  688
e  463  470  519
e  464  489  153
e  464  493  730
e  465  472  608
e  466  474  572
e  467  469  574
e  467  508  678
e  467  542  322
e  467  525  919
e  468  483  919
e  469  488  678
e  470  488  688
e  471  496  869
e  472  498  169
e  472  479  236
e  473  474  169
e  473  475  404
e  474  487  220
e  474  476  404
e  475  476  169
e  476  491  220
e  476  500  110
e  476  480  840
e  477  621  404
e  477  672  600
e  478  526  730
e  478  518  882
e  479  516  169
e  479  507  314
e  480  498  110
e  481  501  405
e  481  514  475
e  482  574  616
e  482  545  984
e  483  495  615
e  483  501  322
e  484  612  795
e  484  717  322
e  484  614  984
e  485  620  141
e  485  603  236
e  486  548  457
e  486  622  730
e  487  491  404
e  488  509  519
e  488  515  869
e  488  508  574
e  489  490  730
e  490  497  68
e  490  506  546
e  490  493  153
e  491  494  572
e  491  517  110
e  492  496  984
e  493  503  546
e  494  596  405
e  494  588  110
e  495  525  56
e  495  511  322
e  496  510  82
e  496  557  705
e  496  502  334
e  497  499  621
e  497  538  546
e  498  500  840
e  498  528  314
e  498  516  236
e  499  504  629
e  499  520  608
e  499  554  546
e  500  517  220
e  500  532  314
e  501  511  615
e  501  519  475
e  502  601  705
e  502  512  688
e  503  506  153
e  503  530  882
e  503  526  350
e  504  507  608
e  505  518  252
e  505  513  736
e  506  538  68
e  506  537  882
e  507  523  169
e  507  520  629
e  508  547  322
e  509  512  869
e  510  545  705
e  511  529  56
e  511  541  475
e  512  607  705
e  512  590  322
e  512  515  519
e  513  524  252
e  513  522  740
e  514  519  405
e  515  555  322
e  516  523  314
e  517  588  572
e  517  629  405
e  517  583  314
e  518  527  730
e  518  524  736
e  519  541  615
e  519  561  56
e  519  521  210
e  520  560  169
e  520  570  882
e  520  559  546
e  521  540  540
e  522  531  252
e  522  548  30
e  523  528  236
e  523  539  840
e  523  587  882
e  523  560  629
e  524  533  730
e  524  531  740
e  525  529  322
e  526  527  882
e  527  530  350
e  527  533  736
e  528  532  840
e  529  542  919
e  529  550  678
e  529  546  475
e  530  537  153
e  530  536  736
e  531  543  730
e  531  562  30
e  532  583  220
e  532  656  736
e  532  539  236
e  533  536  350
e  533  543  740
e  534  598  524
e  534  566  492
e  535  621  303
e  536  544  153
e  536  549  740
e  537  553  68
e  537  544  736
e  538  554  621
e  538  553  882
e  539  628  736
e  539  602  882
e  540  572  56
e  540  596  404
e  541  546  56
e  542  547  678
e  543  549  350
e  543  552  153
e  543  567  30
e  544  558  68
e  544  551  740
e  545  584  616
e  545  557  82
e  546  575  678
e  546  578  540
e  546  561  615
e  547  556  869
e  547  550  919
e  548  562  252
e  548  585  730
e  549  551  153
e  550  564  869
e  550  575  475
e  551  579  68
e  551  610  30
e  551  552  350
e  552  595  30
e  553  563  621
e  553  558  736
e  554  559  608
e  554  563  882
e  555  556  574
e  555  590  519
e  555  573  919
e  556  564  919
e  557  608  616
e  557  613  322
e  557  601  334
e  558  569  608
e  558  579  740
e  559  565  882
e  560  577  882
e  561  571  540
e  562  567  730
e  563  565  608
e  564  573  574
e  564  581  475
e  565  570  546
e  565  568  736
e  566  619  66
e  566  654  4
e  567  595  153
e  567  673  806
e  567  585  252
e  568  569  621
e  568  576  546
e  568  582  169
e  568  592  740
e  569  586  740
e  570  577  169
e  570  576  736
e  571  572  210
e  571  578  615
e  572  589  615
e  572  648  869
e  572  617  404
e  573  594  475
e  574  584  984
e  575  581  869
e  575  600  540
e  576  580  169
e  577  587  629
e  577  580  736
e  578  600  678
e  578  589  210
e  579  586  608
e  580  593  629
e  580  604  740
e  580  582  546
e  581  594  574
e  581  606  540
e  582  597  740
e  583  666  405
e  583  710  56
e  583  688  736
e  584  591  573
e  584  608  82
e  585  650  806
e  585  622  457
e  586  592  621
e  586  599  169
e  587  602  840
e  587  593  736
e  588  616  405
e  589  631  869
e  590  609  705
e  590  633  475
e  591  614  469
e  591  636  82
e  592  597  169
e  593  605  840
e  593  615  740
e  594  634  519
e  594  651  705
e  594  632  540
e  595  610  350
e  595  643  169
e  595  698  806
e  596  617  56
e  596  616  110
e  597  604  546
e  597  626  629
e  597  665  840
e  597  641  30
e  597  599  621
e  598  603  66
e  599  623  30
e  600  606  869
e  601  611  322
e  601  607  688
e  602  605  736
e  603  729  141
e  603  618  492
e  604  615  629
e  605  628  882
e  605  660  236
e  605  627  740
e  606  632  574
e  606  630  210
e  607  609  322
e  608  636  573
e  608  639  322
e  609  611  688
e  609  635  334
e  609  638  475
e  610  625  169
e  611  613  334
e  612  728  322
e  613  639  616
e  613  661  475
e  613  635  688
e  614  662  322
e  614  644  82
e  615  627  840
e  615  626  546
e  616  637  56
e  616  629  572
e  617  652  869
e  617  637  110
e  618  619  524
e  618  742  141
e  618  751  404
e  618  707  4
e  619  679  4
e  620  672  740
e  620  723  404
e  620  729  236
e  621  645  353
e  621  693  600
e  622  642  806
e  623  624  68
e  623  641  621
e  623  680  350
e  624  625  608
e  624  655  350
e  625  643  350
e  626  646  840
e  627  690  236
e  627  686  30
e  627  646  546
e  628  656  236
e  629  647  56
e  629  666  314
e  630  631  678
e  630  674  574
e  630  657  404
e  631  648  615
e  632  663  705
e  632  695  404
e  632  674  210
e  633  634  919
e  633  638  705
e  634  640  705
e  635  659  475
e  636  644  469
e  636  649  322
e  637  668  869
e  637  647  572
e  638  659  334
e  638  675  616
e  638  640  919
e  639  649  573
e  639  664  475
e  640  678  616
e  640  671  540
e  640  651  519
e  641  669  840
e  641  754  350
e  642  650  457
e  642  708  303
e  643  655  608
e  643  709  806
e  644  653  322
e  645  708  730
e  645  718  600
e  646  670  30
e  646  665  629
e  647  687  869
e  647  677  314
e  648  652  404
e  649  653  469
e  650  673  252
e  650  747  303
e  651  663  540
e  652  658  678
e  652  668  110
e  653  662  82
e  653  683  475
e  654  679  66
e  655  680  68
e  655  743  806
e  656  688  220
e  656  660  882
e  657  658  615
e  657  685  574
e  657  681  110
e  658  676  110
e  659  661  688
e  659  667  616
e  660  692  220
e  660  690  740
e  661  664  616
e  662  717  984
e  662  749  795
e  662  716  475
e  663  671  519
e  663  700  404
e  664  684  469
e  664  691  919
e  664  667  688
e  665  669  30
e  666  677  56
e  667  682  919
e  667  675  334
e  668  676  678
e  668  687  572
e  669  670  629
e  669  904  600
e  669  768  350
e  670  686  546
e  670  879  56
e  670  932  600
e  671  689  616
e  672  693  404
e  673  698  153
e  673  730  169
e  673  753  303
e  674  685  404
e  675  678  919
e  676  681  615
e  676  694  572
e  677  701  869
e  677  724  736
e  677  710  405
e  678  682  334
e  678  689  540
e  679  707  524
e  679  837  404
e  679  852  730
e  679  706  71
e  680  754  621
e  680  785  840
e  680  797  806
e  681  697  574
e  681  720  572
e  682  691  688
e  682  699  469
e  682  702  540
e  683  684  573
e  683  716  82
e  683  734  540
e  683  703  919
e  684  696  919
e  685  695  210
e  685  704  705
e  685  697  110
e  686  776  236
e  686  806  56
e  687  694  678
e  687  701  314
e  688  722  56
e  688  692  882
e  689  702  334
e  689  713  469
e  689  725  404
e  690  719  220
e  690  786  56
e  690  776  30
e  691  696  469
e  692  727  56
e  692  719  740
e  693  718  353
e  693  752  236
e  693  723  740
e  694  720  615
e  694  711  314
e  695  700  705
e  696  703  573
e  696  699  688
e  697  712  705
e  697  736  572
e  698  709  169
e  699  705  540
e  700  726  616
e  700  721  110
e  700  704  210
e  701  711  678
e  701  756  736
e  702  705  469
e  703  714  540
e  704  712  110
e  705  715  573
e  705  713  334
e  706  864  730
e  707  792  404
e  708  747  457
e  708  737  600
e  709  743  608
e  709  766  303
e  709  730  153
e  710  722  736
e  711  732  615
e  711  765  705
e  711  772  736
e  712  721  210
e  712  748  616
e  712  758  314
e  712  741  572
e  713  733  573
e  713  744  404
e  714  715  688
e  714  734  919
e  714  821  82
e  714  829  795
e  714  796  404
e  715  771  404
e  715  733  334
e  716  764  795
e  716  777  540
e  717  728  795
e  718  737  730
e  718  773  236
e  719  745  56
e  720  736  574
e  720  732  314
e  721  735  616
e  722  724  405
e  722  727  882
e  723  739  236
e  724  756  869
e  724  731  882
e  725  726  519
e  725  744  469
e  725  738  110
e  726  735  110
e  727  731  405
e  727  745  740
e  728  920  596
e  728  799  475
e  728  749  984
e  729  739  404
e  729  742  492
e  730  760  303
e  731  763  869
e  731  755  740
e  732  740  574
e  732  757  705
e  733  761  404
e  734  777  82
e  735  738  519
e  735  748  210
e  736  741  705
e  736  740  314
e  737  784  169
e  737  774  236
e  738  759  469
e  738  769  210
e  739  752  740
e  739  750  492
e  740  746  705
e  741  746  314
e  742  750  404
e  743  797  68
e  743  803  303
e  744  761  573
e  744  759  110
e  745  755  405
e  745  801  30
e  745  786  220
e  746  758  572
e  746  789  616
e  746  831  736
e  746  788  615
e  746  757  574
e  747  753  252
e  747  767  169
e  748  769  519
e  748  790  469
e  748  778  314
e  749  764  475
e  750  762  740
e  750  794  730
e  750  751  141
e  751  802  730
e  751  792  4
e  752  773  353
e  752  775  730
e  752  762  492
e  753  760  169
e  754  768  840
e  755  782  869
e  755  813  30
e  756  772  678
e  756  763  882
e  757  765  615
e  758  778  616
e  759  770  573
e  759  780  210
e  760  766  153
e  760  793  600
e  760  767  252
e  761  771  334
e  761  770  110
e  762  779  730
e  763  787  678
e  763  782  740
e  764  799  984
e  764  805  540
e  765  788  574
e  765  808  736
e  766  803  608
e  766  800  600
e  767  783  600
e  768  846  806
e  768  785  621
e  769  780  469
e  770  791  334
e  770  819  314
e  771  796  688
e  771  791  110
e  772  808  705
e  772  787  882
e  773  774  730
e  774  812  169
e  774  781  492
e  774  775  353
e  775  779  492
e  776  795  56
e  777  805  795
e  777  821  919
e  778  798  469
e  778  789  572
e  779  781  353
e  779  794  740
e  780  804  314
e  780  790  519
e  781  814  169
e  781  833  4
e  781  817  740
e  782  807  678
e  782  835  30
e  783  784  457
e  783  793  252
e  783  822  236
e  784  812  236
e  785  827  806
e  786  795  30
e  787  815  705
e  787  807  740
e  788  818  736
e  789  811  469
e  789  840  736
e  790  798  314
e  791  809  688
e  791  850  314
e  792  810  730
e  792  837  524
e  793  800  153
e  793  826  236
e  794  817  353
e  794  816  4
e  794  802  141
e  795  801  220
e  795  842  405
e  795  806  236
e  796  848  795
e  796  809  110
e  797  827  840
e  797  844  303
e  798  804  519
e  798  811  572
e  799  946  596
e  799  918  540
e  800  823  608
e  800  834  236
e  801  813  405
e  802  810  4
e  803  844  68
e  803  823  600
e  804  820  573
e  804  828  572
e  805  918  984
e  805  916  110
e  805  824  919
e  806  859  405
e  806  907  869
e  806  879  546
e  807  838  705
e  807  865  30
e  808  818  574
e  808  815  882
e  809  851  795
e  809  880  314
e  810  816  141
e  810  841  353
e  810  871  169
e  810  843  524
e  811  828  519
e  811  858  736
e  812  822  457
e  812  814  492
e  813  835  869
e  813  842  220
e  814  825  457
e  814  845  4
e  815  839  574
e  815  838  740
e  816  830  353
e  817  830  4
e  818  831  615
e  818  839  882
e  819  820  210
e  819  850  334
e  820  847  572
e  821  824  795
e  822  826  252
e  822  825  492
e  823  862  68
e  823  853  236
e  824  870  404
e  824  829  82
e  825  832  252
e  825  866  4
e  826  834  153
e  826  832  492
e  827  846  621
e  827  857  303
e  828  847  573
e  828  883  736
e  829  848  404
e  830  833  740
e  830  856  169
e  830  841  141
e  831  840  616
e  831  849  882
e  832  836  153
e  832  868  4
e  833  845  169
e  834  853  608
e  834  836  492
e  835  865  678
e  835  908  236
e  835  869  220
e  836  855  608
e  836  872  4
e  837  843  730
e  838  863  574
e  838  909  616
e  838  888  30
e  839  849  615
e  839  860  616
e  839  863  740
e  840  858  469
e  840  854  882
e  841  861  169
e  842  869  869
e  842  859  236
e  843  885  169
e  843  875  71
e  843  852  404
e  844  857  840
e  844  862  600
e  845  866  457
e  845  856  740
e  846  877  303
e  847  914  334
e  847  887  736
e  848  870  82
e  848  851  110
e  849  854  616
e  850  880  688
e  850  915  795
e  850  913  572
e  851  876  82
e  851  892  314
e  852  864  71
e  853  884  68
e  853  855  492
e  854  874  469
e  854  881  740
e  854  860  615
e  855  886  68
e  855  901  840
e  855  889  4
e  856  861  141
e  857  877  621
e  857  867  600
e  858  883  519
e  858  874  882
e  859  878  869
e  860  873  740
e  861  900  153
e  861  896  524
e  861  871  353
e  862  867  840
e  862  884  236
e  863  873  616
e  864  875  404
e  864  951  169
e  864  894  66
e  865  888  705
e  865  949  236
e  866  868  252
e  867  882  621
e  867  890  236
e  868  872  153
e  869  878  236
e  870  876  110
e  871  885  524
e  872  889  608
e  872  897  141
e  873  881  615
e  873  910  469
e  873  928  30
e  873  909  574
e  874  912  573
e  874  891  740
e  875  895  169
e  876  917  919
e  876  940  314
e  877  882  600
e  878  908  220
e  878  961  678
e  878  953  546
e  878  907  405
e  879  937  869
e  879  957  600
e  880  892  795
e  881  891  469
e  882  906  350
e  882  902  492
e  883  887  573
e  884  890  840
e  884  886  492
e  885  896  353
e  885  895  71
e  886  893  840
e  887  931  334
e  887  956  795
e  887  911  882
e  888  922  616
e  888  975  236
e  889  921  840
e  889  935  141
e  890  893  492
e  891  924  573
e  891  973  30
e  891  910  615
e  892  940  82
e  892  970  736
e  892  963  572
e  892  915  688
e  893  903  621
e  893  923  4
e  893  901  68
e  894  954  169
e  894  976  539
e  895  947  353
e  895  974  153
e  895  959  66
e  895  951  404
e  896  929  153
e  896  947  71
e  897  898  740
e  897  935  608
e  898  899  457
e  898  942  608
e  898  934  524
e  899  900  252
e  899  933  524
e  900  929  524
e  901  921  4
e  902  903  236
e  902  925  350
e  903  927  350
e  903  948  4
e  904  905  303
e  904  932  629
e  905  906  806
e  905  943  629
e  905  936  492
e  906  925  492
e  907  937  546
e  908  949  678
e  909  922  30
e  910  945  30
e  911  912  519
e  911  962  795
e  911  930  740
e  912  924  740
e  913  914  210
e  913  926  795
e  914  938  795
e  914  931  736
e  915  926  572
e  916  917  404
e  916  995  984
e  917  1009  984
e  917  1028  596
e  917  1008  314
e  918  989  596
e  918  995  110
e  919  920  813
e  919  1454  736
e  919  996  475
e  920  946  475
e  921  923  68
e  921  997  141
e  922  928  574
e  922  986  469
e  922  1038  236
e  923  948  621
e  923  1013  524
e  924  930  519
e  924  994  30
e  925  936  806
e  925  927  236
e  926  963  688
e  926  944  736
e  926  938  210
e  927  939  806
e  927  980  629
e  927  979  4
e  928  945  469
e  929  933  252
e  929  958  71
e  930  977  795
e  930  1010  30
e  931  941  795
e  932  957  56
e  932  960  492
e  932  943  303
e  933  934  457
e  933  964  71
e  934  955  608
e  934  967  71
e  935  997  840
e  935  983  524
e  935  942  740
e  936  950  629
e  936  939  236
e  937  953  405
e  937  985  600
e  938  941  736
e  939  952  629
e  940  1008  919
e  940  1065  596
e  940  1019  736
e  941  944  210
e  941  965  882
e  941  956  334
e  942  955  524
e  943  950  492
e  944  966  688
e  944  988  882
e  945  973  615
e  945  1064  573
e  945  1098  492
e  945  986  574
e  946  996  813
e  946  989  540
e  947  958  153
e  948  979  350
e  948  1015  56
e  948  1049  524
e  949  975  705
e  949  961  220
e  950  960  303
e  950  952  236
e  951  954  66
e  952  968  303
e  952  972  56
e  952  980  806
e  953  1017  678
e  953  1016  492
e  953  1004  600
e  954  959  404
e  954  1002  539
e  955  983  740
e  955  1005  840
e  955  978  71
e  956  962  882
e  957  985  869
e  957  969  492
e  958  964  252
e  958  974  353
e  959  1037  153
e  959  1032  539
e  960  969  56
e  960  968  236
e  961  981  705
e  961  1017  546
e  962  965  334
e  962  977  740
e  963  966  736
e  964  967  457
e  964  982  353
e  965  988  210
e  965  1018  688
e  965  987  740
e  966  970  572
e  966  998  882
e  967  978  608
e  967  999  353
e  968  971  56
e  969  990  869
e  969  971  236
e  970  1019  82
e  970  1047  882
e  971  993  869
e  971  972  303
e  972  1003  869
e  972  1001  4
e  972  984  806
e  973  994  573
e  974  982  252
e  974  1037  66
e  975  1038  616
e  975  1055  492
e  975  981  220
e  976  1002  169
e  977  987  334
e  977  1031  30
e  978  1022  840
e  978  1108  539
e  978  1012  353
e  979  992  56
e  980  984  56
e  981  1040  492
e  981  1023  546
e  982  999  457
e  982  1042  608
e  982  1050  66
e  983  1000  840
e  984  991  4
e  985  1004  405
e  985  990  492
e  986  1083  492
e  986  1070  236
e  987  1024  688
e  987  1082  30
e  988  998  688
e  989  1096  813
e  989  1011  110
e  990  1006  405
e  990  993  236
e  991  992  629
e  991  1001  806
e  991  1039  869
e  992  1077  869
e  992  1015  350
e  993  1007  405
e  993  1003  303
e  994  1010  519
e  994  1074  795
e  994  1064  615
e  995  1011  596
e  995  1009  404
e  996  1442  736
e  996  1234  110
e  996  1096  540
e  997  1000  524
e  998  1047  572
e  998  1075  82
e  998  1025  740
e  998  1018  210
e  999  1012  608
e  1000  1014  68
e  1000  1005  740
e  1001  1020  869
e  1002  1032  404
e  1002  1157  153
e  1002  1315  608
e  1002  1364  56
e  1002  1314  730
e  1003  1026  405
e  1003  1020  4
e  1004  1006  492
e  1005  1035  68
e  1005  1022  71
e  1006  1016  600
e  1006  1030  678
e  1006  1007  236
e  1007  1033  678
e  1007  1044  705
e  1007  1026  303
e  1008  1048  596
e  1009  1021  596
e  1010  1031  795
e  1011  1127  813
e  1011  1021  404
e  1012  1105  539
e  1012  1059  66
e  1012  1042  457
e  1013  1014  141
e  1013  1049  621
e  1014  1061  621
e  1014  1060  71
e  1014  1035  740
e  1015  1091  869
e  1015  1071  524
e  1016  1027  678
e  1017  1023  705
e  1017  1027  492
e  1018  1024  740
e  1019  1087  596
e  1019  1053  882
e  1020  1041  405
e  1020  1039  806
e  1021  1149  813
e  1021  1066  314
e  1021  1028  984
e  1022  1043  68
e  1022  1115  539
e  1023  1029  492
e  1024  1025  210
e  1024  1132  30
e  1025  1095  82
e  1025  1172  596
e  1025  1171  30
e  1026  1051  705
e  1026  1041  4
e  1027  1029  705
e  1027  1030  600
e  1028  1048  314
e  1029  1040  546
e  1029  1034  600
e  1030  1034  705
e  1030  1033  236
e  1031  1082  334
e  1031  1155  492
e  1031  1074  519
e  1032  1058  153
e  1033  1036  705
e  1034  1036  236
e  1035  1043  71
e  1036  1046  546
e  1036  1093  616
e  1036  1072  4
e  1036  1054  303
e  1036  1044  678
e  1037  1050  252
e  1037  1058  539
e  1038  1070  469
e  1038  1057  492
e  1039  1092  405
e  1039  1129  524
e  1039  1077  629
e  1040  1055  220
e  1040  1063  616
e  1040  1045  236
e  1041  1056  705
e  1041  1092  806
e  1042  1052  66
e  1043  1060  740
e  1043  1089  621
e  1043  1106  56
e  1043  1142  539
e  1044  1051  303
e  1045  1046  600
e  1045  1067  616
e  1046  1069  616
e  1047  1053  82
e  1048  1066  984
e  1048  1117  736
e  1048  1065  919
e  1049  1071  56
e  1049  1061  141
e  1050  1052  608
e  1050  1076  539
e  1051  1054  678
e  1051  1056  4
e  1052  1059  457
e  1052  1079  539
e  1053  1114  596
e  1053  1113  740
e  1053  1075  572
e  1054  1062  4
e  1055  1057  616
e  1056  1062  678
e  1056  1116  806
e  1057  1078  469
e  1057  1068  236
e  1057  1063  220
e  1058  1076  252
e  1058  1088  608
e  1058  1157  404
e  1059  1084  539
e  1060  1080  621
e  1061  1085  56
e  1061  1080  71
e  1062  1072  303
e  1062  1103  616
e  1062  1130  806
e  1063  1067  236
e  1064  1133  795
e  1064  1131  492
e  1065  1087  736
e  1066  1173  813
e  1066  1141  736
e  1067  1068  220
e  1067  1069  600
e  1068  1081  469
e  1068  1073  600
e  1069  1073  220
e  1069  1104  469
e  1069  1100  4
e  1069  1093  546
e  1070  1078  492
e  1071  1107  869
e  1071  1085  141
e  1072  1097  616
e  1073  1086  469
e  1074  1143  492
e  1074  1133  615
e  1075  1095  740
e  1076  1079  608
e  1077  1124  524
e  1077  1091  350
e  1078  1083  236
e  1078  1081  236
e  1079  1084  457
e  1079  1256  840
e  1079  1285  56
e  1079  1255  404
e  1079  1088  252
e  1080  1090  56
e  1080  1089  740
e  1081  1094  236
e  1081  1086  600
e  1082  1132  688
e  1082  1208  492
e  1083  1098  574
e  1083  1094  236
e  1084  1105  66
e  1084  1111  353
e  1084  1121  840
e  1085  1090  71
e  1086  1101  236
e  1086  1126  574
e  1086  1112  4
e  1086  1104  220
e  1087  1117  919
e  1087  1114  882
e  1088  1195  404
e  1089  1099  56
e  1090  1123  869
e  1090  1099  740
e  1091  1107  524
e  1092  1116  705
e  1092  1147  524
e  1093  1097  4
e  1094  1102  574
e  1094  1101  600
e  1095  1113  572
e  1095  1134  596
e  1096  1127  110
e  1097  1100  546
e  1097  1119  469
e  1097  1103  303
e  1098  1131  573
e  1098  1102  236
e  1099  1139  869
e  1099  1160  539
e  1099  1106  621
e  1100  1109  469
e  1101  1110  574
e  1102  1136  573
e  1102  1110  600
e  1103  1120  469
e  1103  1166  806
e  1104  1109  4
e  1105  1108  353
e  1106  1146  539
e  1107  1124  350
e  1107  1122  71
e  1108  1115  840
e  1108  1111  66
e  1109  1112  220
e  1109  1125  303
e  1109  1119  546
e  1110  1145  573
e  1110  1138  4
e  1110  1126  236
e  1111  1118  840
e  1112  1135  574
e  1112  1137  303
e  1113  1128  596
e  1114  1186  919
e  1114  1128  740
e  1115  1142  68
e  1115  1118  66
e  1116  1130  678
e  1116  1151  524
e  1117  1141  984
e  1117  1186  882
e  1118  1159  56
e  1118  1121  353
e  1119  1120  303
e  1120  1125  546
e  1120  1167  220
e  1120  1198  574
e  1120  1230  524
e  1120  1187  806
e  1121  1191  56
e  1121  1256  457
e  1122  1123  141
e  1122  1150  350
e  1123  1162  629
e  1123  1179  705
e  1123  1139  740
e  1124  1129  629
e  1124  1150  71
e  1125  1137  220
e  1126  1135  4
e  1127  1234  540
e  1127  1233  314
e  1127  1149  404
e  1128  1222  919
e  1128  1232  984
e  1128  1134  572
e  1129  1147  405
e  1129  1152  71
e  1130  1166  616
e  1130  1165  524
e  1131  1140  795
e  1131  1136  236
e  1132  1171  210
e  1132  1190  596
e  1132  1236  492
e  1133  1140  492
e  1134  1192  30
e  1134  1172  82
e  1135  1138  236
e  1135  1154  303
e  1136  1144  795
e  1136  1145  600
e  1137  1154  574
e  1137  1167  546
e  1138  1156  573
e  1138  1185  303
e  1139  1193  705
e  1139  1174  539
e  1140  1143  615
e  1140  1144  236
e  1141  1212  813
e  1141  1201  882
e  1142  1146  56
e  1143  1155  519
e  1143  1148  236
e  1144  1148  615
e  1144  1153  600
e  1145  1153  795
e  1145  1156  4
e  1146  1160  621
e  1146  1183  869
e  1146  1158  66
e  1147  1151  705
e  1148  1170  519
e  1148  1169  600
e  1149  1173  314
e  1150  1152  629
e  1151  1165  678
e  1151  1163  71
e  1152  1164  705
e  1152  1161  141
e  1153  1169  615
e  1153  1168  4
e  1154  1185  236
e  1154  1203  573
e  1154  1211  795
e  1154  1184  546
e  1155  1208  334
e  1155  1170  236
e  1156  1168  795
e  1156  1194  303
e  1157  1195  608
e  1158  1159  68
e  1158  1202  869
e  1158  1226  353
e  1159  1191  353
e  1160  1174  869
e  1161  1162  350
e  1161  1175  705
e  1162  1177  705
e  1163  1164  405
e  1163  1180  678
e  1163  1176  141
e  1164  1175  141
e  1165  1188  616
e  1165  1180  71
e  1166  1187  469
e  1166  1188  524
e  1167  1184  574
e  1168  1181  615
e  1168  1199  303
e  1169  1182  519
e  1169  1181  4
e  1170  1214  334
e  1170  1182  600
e  1171  1178  596
e  1172  1178  30
e  1173  1233  404
e  1173  1212  736
e  1174  1209  705
e  1174  1213  66
e  1174  1183  621
e  1175  1176  405
e  1175  1177  350
e  1176  1197  678
e  1176  1217  740
e  1176  1189  350
e  1177  1189  405
e  1177  1179  629
e  1178  1192  82
e  1178  1190  210
e  1179  1196  405
e  1179  1193  740
e  1180  1204  616
e  1180  1197  141
e  1181  1200  519
e  1181  1241  303
e  1182  1238  334
e  1182  1200  4
e  1183  1202  66
e  1184  1231  795
e  1184  1198  220
e  1185  1194  573
e  1186  1201  984
e  1186  1222  740
e  1187  1205  524
e  1188  1205  469
e  1188  1204  71
e  1189  1210  740
e  1189  1196  629
e  1190  1259  82
e  1190  1239  492
e  1191  1226  68
e  1191  1245  869
e  1191  1274  457
e  1192  1332  984
e  1192  1280  492
e  1192  1259  210
e  1193  1206  405
e  1193  1209  539
e  1194  1199  795
e  1194  1203  236
e  1195  1255  252
e  1195  1300  56
e  1195  1315  153
e  1196  1206  740
e  1197  1218  616
e  1197  1228  539
e  1197  1219  740
e  1198  1251  795
e  1198  1254  524
e  1199  1241  615
e  1199  1207  236
e  1200  1243  334
e  1200  1304  596
e  1200  1252  303
e  1201  1260  813
e  1201  1223  740
e  1202  1213  621
e  1202  1282  705
e  1202  1240  353
e  1203  1207  795
e  1204  1216  469
e  1204  1218  141
e  1205  1230  806
e  1205  1264  574
e  1205  1216  71
e  1206  1210  629
e  1206  1215  539
e  1207  1303  524
e  1207  1242  546
e  1207  1211  573
e  1208  1236  688
e  1208  1244  596
e  1208  1214  236
e  1209  1215  405
e  1209  1248  66
e  1210  1217  350
e  1210  1221  678
e  1210  1220  539
e  1211  1231  546
e  1212  1333  404
e  1212  1260  882
e  1213  1248  705
e  1214  1246  596
e  1214  1258  4
e  1214  1238  600
e  1215  1220  629
e  1215  1227  678
e  1215  1266  66
e  1216  1265  574
e  1216  1276  539
e  1216  1229  141
e  1217  1219  678
e  1218  1229  469
e  1218  1235  539
e  1219  1225  539
e  1219  1221  350
e  1220  1224  678
e  1221  1224  539
e  1222  1223  984
e  1223  1281  813
e  1223  1351  30
e  1223  1232  919
e  1224  1225  350
e  1224  1250  616
e  1224  1227  629
e  1225  1228  740
e  1225  1237  616
e  1226  1240  869
e  1227  1257  616
e  1227  1275  66
e  1228  1235  616
e  1229  1247  539
e  1230  1254  574
e  1231  1242  573
e  1231  1251  220
e  1232  1331  30
e  1233  1334  540
e  1233  1333  736
e  1234  1427  736
e  1234  1334  314
e  1235  1247  469
e  1235  1237  740
e  1236  1239  596
e  1237  1253  469
e  1237  1250  350
e  1238  1243  4
e  1239  1272  82
e  1239  1249  236
e  1239  1244  688
e  1240  1297  705
e  1240  1245  68
e  1241  1252  519
e  1242  1278  524
e  1242  1268  220
e  1243  1258  600
e  1243  1262  596
e  1244  1246  236
e  1245  1319  705
e  1245  1317  404
e  1246  1249  688
e  1246  1261  4
e  1247  1276  141
e  1247  1298  795
e  1247  1253  740
e  1248  1266  405
e  1248  1322  616
e  1248  1320  353
e  1248  1282  621
e  1249  1284  82
e  1249  1271  4
e  1250  1269  469
e  1250  1257  629
e  1251  1268  573
e  1251  1263  524
e  1252  1306  596
e  1252  1327  524
e  1253  1313  795
e  1253  1323  66
e  1253  1269  350
e  1254  1263  795
e  1254  1267  71
e  1254  1264  806
e  1255  1289  56
e  1256  1274  56
e  1257  1286  469
e  1257  1283  66
e  1258  1261  596
e  1259  1272  492
e  1260  1475  540
e  1260  1481  492
e  1260  1281  740
e  1261  1271  688
e  1261  1262  600
e  1262  1279  688
e  1262  1308  303
e  1262  1304  334
e  1263  1270  573
e  1263  1273  71
e  1264  1265  71
e  1265  1267  806
e  1265  1277  795
e  1265  1290  539
e  1266  1275  678
e  1267  1273  795
e  1268  1270  524
e  1269  1302  66
e  1269  1286  629
e  1270  1278  220
e  1270  1287  71
e  1271  1305  82
e  1271  1279  600
e  1272  1280  210
e  1272  1284  236
e  1273  1287  573
e  1273  1277  806
e  1274  1292  404
e  1274  1285  840
e  1275  1283  616
e  1276  1290  574
e  1276  1293  795
e  1277  1294  573
e  1277  1291  539
e  1278  1303  546
e  1278  1295  71
e  1279  1310  82
e  1279  1359  303
e  1280  1348  984
e  1280  1288  236
e  1281  1386  492
e  1281  1361  30
e  1282  1297  353
e  1283  1296  469
e  1283  1346  353
e  1283  1321  405
e  1284  1288  210
e  1284  1305  4
e  1285  1289  404
e  1286  1296  66
e  1287  1295  220
e  1287  1307  539
e  1287  1294  806
e  1288  1363  984
e  1288  1311  4
e  1289  1292  840
e  1289  1300  252
e  1290  1291  795
e  1291  1301  573
e  1291  1299  141
e  1291  1293  574
e  1292  1318  869
e  1292  1316  252
e  1293  1298  141
e  1294  1301  539
e  1295  1326  546
e  1295  1312  539
e  1296  1302  629
e  1296  1382  795
e  1296  1354  353
e  1297  1320  621
e  1297  1345  616
e  1297  1319  68
e  1298  1299  574
e  1298  1313  740
e  1299  1309  573
e  1299  1324  740
e  1300  1316  840
e  1300  1365  869
e  1300  1355  153
e  1301  1307  806
e  1301  1325  220
e  1301  1309  141
e  1302  1323  350
e  1302  1357  795
e  1303  1329  519
e  1303  1326  71
e  1304  1306  303
e  1305  1311  210
e  1305  1310  600
e  1306  1308  334
e  1306  1349  524
e  1307  1312  220
e  1308  1359  688
e  1308  1407  539
e  1308  1380  524
e  1309  1347  220
e  1309  1336  740
e  1310  1330  210
e  1310  1405  303
e  1311  1387  984
e  1311  1330  600
e  1312  1338  546
e  1312  1353  519
e  1312  1383  141
e  1312  1325  806
e  1313  1324  574
e  1313  1343  66
e  1314  1600  56
e  1315  1355  56
e  1316  1350  869
e  1317  1318  457
e  1317  1377  705
e  1318  1392  705
e  1318  1350  252
e  1319  1396  616
e  1319  1377  404
e  1320  1339  616
e  1321  1322  678
e  1321  1340  353
e  1322  1339  353
e  1323  1343  795
e  1324  1336  573
e  1324  1370  66
e  1325  1347  141
e  1326  1335  519
e  1326  1338  539
e  1327  1328  236
e  1327  1349  596
e  1327  1342  71
e  1328  1329  615
e  1328  1337  71
e  1329  1335  71
e  1330  1408  984
e  1330  1473  813
e  1330  1480  539
e  1330  1440  303
e  1331  1332  572
e  1331  1351  919
e  1331  1360  492
e  1332  1348  492
e  1333  1367  540
e  1334  1367  736
e  1335  1337  615
e  1335  1341  539
e  1336  1402  220
e  1336  1417  596
e  1336  1376  66
e  1337  1342  236
e  1337  1344  539
e  1338  1341  519
e  1339  1340  678
e  1339  1345  621
e  1340  1346  405
e  1340  1356  621
e  1341  1344  615
e  1341  1353  546
e  1342  1358  596
e  1342  1352  539
e  1343  1370  574
e  1343  1357  350
e  1344  1352  236
e  1344  1371  596
e  1344  1366  546
e  1345  1356  678
e  1345  1397  469
e  1345  1396  68
e  1346  1354  469
e  1347  1383  806
e  1347  1393  519
e  1347  1398  596
e  1347  1402  740
e  1348  1360  572
e  1348  1363  236
e  1349  1380  334
e  1349  1374  539
e  1349  1358  71
e  1350  1413  705
e  1350  1365  840
e  1351  1361  813
e  1351  1368  492
e  1352  1362  596
e  1353  1366  615
e  1353  1388  596
e  1353  1390  141
e  1354  1418  795
e  1354  1372  621
e  1355  1409  869
e  1355  1364  608
e  1356  1373  469
e  1357  1410  574
e  1357  1424  573
e  1357  1382  629
e  1358  1362  539
e  1359  1405  82
e  1359  1416  539
e  1360  1368  919
e  1360  1375  813
e  1360  1378  236
e  1361  1369  492
e  1362  1374  71
e  1362  1391  334
e  1362  1430  141
e  1362  1371  236
e  1363  1378  572
e  1363  1384  813
e  1363  1387  4
e  1364  1421  869
e  1364  1600  730
e  1365  1435  705
e  1365  1409  153
e  1366  1379  596
e  1367  1427  314
e  1367  1477  475
e  1367  1499  492
e  1367  1474  882
e  1368  1369  813
e  1369  1386  30
e  1369  1385  236
e  1369  1375  919
e  1370  1376  573
e  1370  1410  350
e  1371  1426  141
e  1371  1379  546
e  1372  1373  405
e  1372  1444  795
e  1372  1448  68
e  1373  1423  68
e  1373  1397  678
e  1374  1389  334
e  1375  1381  236
e  1376  1429  596
e  1376  1415  350
e  1377  1422  616
e  1377  1392  457
e  1378  1381  813
e  1379  1399  141
e  1379  1388  615
e  1380  1389  539
e  1381  1385  919
e  1381  1384  572
e  1382  1445  573
e  1382  1418  353
e  1383  1390  519
e  1384  1401  919
e  1384  1400  4
e  1385  1412  30
e  1385  1406  4
e  1385  1401  572
e  1386  1481  740
e  1386  1492  540
e  1386  1412  236
e  1387  1400  813
e  1387  1408  600
e  1388  1394  141
e  1389  1407  524
e  1389  1419  688
e  1389  1391  71
e  1390  1394  596
e  1390  1393  806
e  1391  1428  688
e  1391  1439  141
e  1392  1436  616
e  1392  1413  252
e  1393  1395  596
e  1394  1399  615
e  1394  1395  806
e  1395  1403  615
e  1395  1425  740
e  1395  1398  519
e  1396  1414  469
e  1396  1422  404
e  1397  1414  68
e  1398  1411  740
e  1399  1426  546
e  1399  1456  334
e  1399  1403  806
e  1400  1404  919
e  1400  1420  600
e  1401  1404  4
e  1402  1411  596
e  1403  1461  334
e  1403  1433  740
e  1404  1406  572
e  1404  1432  600
e  1405  1440  210
e  1405  1434  539
e  1406  1447  30
e  1406  1441  600
e  1407  1416  688
e  1408  1420  813
e  1409  1457  705
e  1409  1421  608
e  1410  1415  573
e  1411  1425  519
e  1411  1438  66
e  1411  1417  220
e  1412  1502  540
e  1412  1447  4
e  1413  1460  616
e  1413  1435  840
e  1414  1423  678
e  1414  1431  404
e  1415  1463  596
e  1415  1452  629
e  1415  1424  574
e  1416  1434  82
e  1416  1419  524
e  1417  1429  66
e  1418  1462  573
e  1418  1444  621
e  1419  1446  82
e  1419  1428  71
e  1420  1432  919
e  1420  1493  539
e  1420  1473  984
e  1421  1464  705
e  1421  1617  730
e  1422  1431  469
e  1422  1436  457
e  1423  1448  405
e  1423  1437  404
e  1424  1445  629
e  1425  1433  615
e  1425  1443  66
e  1426  1430  236
e  1426  1453  334
e  1427  1442  110
e  1428  1451  82
e  1428  1478  141
e  1429  1438  220
e  1429  1449  519
e  1429  1463  350
e  1430  1439  334
e  1431  1437  678
e  1431  1450  457
e  1432  1441  572
e  1432  1520  539
e  1433  1470  334
e  1433  1455  66
e  1434  1459  210
e  1434  1446  524
e  1435  1500  616
e  1435  1457  153
e  1436  1450  469
e  1436  1460  252
e  1437  1458  405
e  1437  1484  795
e  1437  1466  457
e  1438  1443  519
e  1439  1478  688
e  1439  1508  740
e  1439  1471  806
e  1439  1453  236
e  1440  1459  539
e  1441  1540  30
e  1441  1610  540
e  1441  1544  539
e  1442  1454  475
e  1443  1455  615
e  1443  1449  220
e  1444  1528  573
e  1444  1467  404
e  1445  1452  574
e  1445  1462  353
e  1446  1479  210
e  1446  1451  71
e  1447  1521  540
e  1447  1540  600
e  1448  1458  404
e  1449  1506  615
e  1449  1547  350
e  1450  1466  678
e  1450  1465  252
e  1451  1486  210
e  1451  1510  141
e  1452  1482  596
e  1452  1469  353
e  1453  1456  546
e  1454  1525  322
e  1454  1543  492
e  1454  1476  314
e  1455  1483  334
e  1455  1506  220
e  1456  1461  806
e  1457  1503  616
e  1457  1464  608
e  1458  1468  795
e  1459  1480  303
e  1459  1494  813
e  1459  1479  524
e  1460  1465  469
e  1460  1500  840
e  1461  1472  236
e  1461  1470  740
e  1462  1469  574
e  1462  1505  596
e  1462  1528  621
e  1463  1547  519
e  1463  1496  353
e  1463  1482  629
e  1464  1527  616
e  1464  1629  730
e  1465  1501  678
e  1465  1535  795
e  1465  1534  153
e  1465  1512  840
e  1466  1495  795
e  1466  1501  252
e  1467  1468  68
e  1467  1537  596
e  1468  1555  596
e  1468  1504  457
e  1468  1484  405
e  1469  1488  596
e  1470  1485  236
e  1470  1483  66
e  1471  1472  546
e  1471  1491  740
e  1472  1485  740
e  1473  1490  539
e  1474  1475  404
e  1474  1489  492
e  1475  1487  492
e  1476  1477  110
e  1476  1531  492
e  1477  1522  492
e  1478  1510  82
e  1478  1516  740
e  1479  1511  813
e  1479  1486  71
e  1480  1490  813
e  1481  1487  540
e  1482  1488  353
e  1483  1507  236
e  1483  1552  688
e  1483  1637  353
e  1483  1584  220
e  1484  1495  457
e  1485  1491  546
e  1485  1507  66
e  1486  1519  813
e  1486  1576  141
e  1487  1489  404
e  1487  1492  740
e  1488  1496  629
e  1488  1604  519
e  1488  1561  404
e  1488  1505  574
e  1489  1499  882
e  1489  1514  236
e  1489  1498  740
e  1490  1493  984
e  1490  1494  303
e  1491  1508  806
e  1491  1518  688
e  1491  1513  66
e  1492  1498  404
e  1492  1502  236
e  1493  1520  919
e  1493  1497  303
e  1494  1497  984
e  1494  1511  524
e  1495  1504  405
e  1495  1515  252
e  1496  1572  519
e  1497  1545  919
e  1497  1523  524
e  1498  1509  236
e  1499  1522  475
e  1499  1530  236
e  1500  1512  469
e  1500  1503  153
e  1501  1515  795
e  1502  1509  404
e  1502  1521  4
e  1503  1517  469
e  1503  1527  608
e  1504  1569  596
e  1504  1551  252
e  1505  1558  404
e  1505  1532  621
e  1506  1584  334
e  1506  1605  353
e  1506  1594  350
e  1507  1513  546
e  1507  1538  688
e  1508  1516  688
e  1509  1514  740
e  1509  1524  4
e  1510  1576  210
e  1510  1588  813
e  1510  1575  66
e  1510  1550  740
e  1511  1523  984
e  1511  1519  71
e  1512  1517  153
e  1513  1526  688
e  1514  1530  882
e  1514  1541  4
e  1515  1551  405
e  1515  1587  596
e  1515  1574  153
e  1515  1535  678
e  1516  1550  82
e  1516  1539  66
e  1516  1518  806
e  1517  1534  840
e  1517  1560  795
e  1517  1533  608
e  1518  1526  66
e  1519  1529  984
e  1519  1581  141
e  1520  1544  572
e  1520  1545  303
e  1521  1524  404
e  1521  1579  600
e  1522  1531  110
e  1522  1542  236
e  1523  1559  919
e  1523  1529  71
e  1524  1541  740
e  1524  1565  475
e  1524  1586  600
e  1525  1549  492
e  1526  1539  806
e  1526  1562  82
e  1526  1538  546
e  1527  1533  469
e  1527  1648  730
e  1528  1532  596
e  1529  1567  919
e  1529  1591  141
e  1530  1542  475
e  1530  1546  4
e  1531  1543  314
e  1531  1554  236
e  1532  1536  404
e  1533  1573  795
e  1533  1649  730
e  1534  1557  795
e  1535  1557  153
e  1536  1537  573
e  1536  1558  621
e  1536  1564  574
e  1536  1570  68
e  1537  1555  68
e  1538  1585  82
e  1538  1552  236
e  1539  1556  82
e  1540  1579  540
e  1541  1546  882
e  1541  1553  475
e  1542  1554  110
e  1542  1548  4
e  1543  1549  322
e  1543  1563  236
e  1544  1616  540
e  1544  1609  524
e  1544  1589  303
e  1545  1589  572
e  1545  1559  524
e  1546  1548  475
e  1547  1594  615
e  1547  1572  353
e  1548  1566  110
e  1548  1553  882
e  1549  1571  736
e  1549  1568  236
e  1550  1556  66
e  1551  1580  596
e  1552  1606  82
e  1552  1652  353
e  1553  1612  322
e  1553  1565  740
e  1554  1563  314
e  1554  1566  4
e  1555  1570  573
e  1555  1569  457
e  1556  1575  740
e  1556  1607  813
e  1556  1562  806
e  1557  1574  678
e  1557  1560  840
e  1558  1561  574
e  1559  1592  572
e  1559  1567  71
e  1560  1582  678
e  1560  1573  608
e  1561  1636  519
e  1561  1564  621
e  1562  1627  813
e  1562  1585  546
e  1563  1568  322
e  1564  1603  68
e  1565  1613  322
e  1565  1599  600
e  1566  1578  322
e  1567  1595  572
e  1567  1638  141
e  1568  1590  736
e  1568  1577  4
e  1569  1583  573
e  1569  1580  252
e  1570  1603  574
e  1570  1583  457
e  1571  1590  236
e  1572  1596  615
e  1572  1604  629
e  1573  1593  678
e  1573  1631  596
e  1573  1653  730
e  1574  1601  596
e  1574  1582  840
e  1575  1597  813
e  1576  1581  813
e  1577  1578  314
e  1577  1598  736
e  1577  1646  600
e  1578  1641  600
e  1578  1611  882
e  1579  1586  404
e  1579  1622  539
e  1579  1610  30
e  1580  1602  573
e  1580  1634  153
e  1580  1587  405
e  1581  1591  984
e  1581  1608  66
e  1581  1588  210
e  1582  1615  596
e  1582  1593  608
e  1583  1623  574
e  1583  1602  252
e  1584  1618  353
e  1585  1650  813
e  1585  1606  236
e  1586  1599  475
e  1586  1626  539
e  1587  1601  153
e  1588  1597  66
e  1589  1592  524
e  1590  1598  4
e  1591  1638  919
e  1591  1625  66
e  1592  1609  303
e  1592  1595  71
e  1593  1621  596
e  1594  1596  353
e  1595  1619  303
e  1596  1605  350
e  1596  1624  334
e  1597  1608  210
e  1597  1607  740
e  1599  1628  322
e  1599  1632  539
e  1600  1617  869
e  1601  1634  405
e  1601  1615  840
e  1602  1643  574
e  1602  1647  153
e  1603  1623  457
e  1604  1636  404
e  1605  1618  334
e  1607  1614  210
e  1607  1627  806
e  1608  1625  984
e  1608  1614  740
e  1609  1619  71
e  1610  1616  539
e  1611  1612  110
e  1611  1639  600
e  1611  1620  740
e  1612  1613  740
e  1613  1620  110
e  1613  1628  600
e  1614  1630  984
e  1614  1644  806
e  1615  1621  608
e  1616  1622  30
e  1616  1635  404
e  1617  1629  705
e  1618  1637  220
e  1618  1624  350
e  1620  1633  600
e  1621  1631  678
e  1622  1626  404
e  1623  1643  252
e  1625  1656  919
e  1625  1630  740
e  1626  1632  475
e  1626  1635  30
e  1627  1644  210
e  1627  1650  546
e  1628  1633  110
e  1628  1640  539
e  1629  1648  616
e  1630  1651  806
e  1632  1640  322
e  1632  1642  30
e  1633  1639  740
e  1633  1645  539
e  1634  1647  573
e  1635  1642  475
e  1637  1652  688
e  1638  1656  66
e  1639  1641  882
e  1639  1654  539
e  1640  1645  110
e  1641  1646  314
e  1641  1655  539
e  1644  1651  984
e  1645  1654  740
e  1646  1657  539
e  1648  1649  469
e  1649  1653  795
e  1654  1655  882
e  1655  1657  314
