p   edge 1193  2283
e  0  1135  397
e  0  626  485
e  0  254  346
e  0  50  156
e  1  2  503
e  1  603  72
e  1  630  639
e  1  1111  156
e  2  3  397
e  2  126  203
e  2  216  72
e  3  4  216
e  3  68  203
e  4  5  485
e  4  54  203
e  5  6  203
e  6  7  303
e  6  54  485
e  7  8  111
e  7  84  357
e  7  92  72
e  7  70  485
e  8  9  357
e  9  10  643
e  9  78  72
e  9  84  111
e  10  11  126
e  10  74  72
e  11  12  603
e  11  72  72
e  12  13  242
e  12  56  72
e  13  14  72
e  14  15  136
e  14  56  242
e  15  16  967
e  15  63  242
e  16  17  751
e  16  111  968
e  16  99  126
e  16  82  242
e  17  18  968
e  18  19  637
e  18  111  751
e  19  20  639
e  19  69  617
e  19  173  551
e  19  167  126
e  19  127  751
e  20  21  617
e  21  22  670
e  21  57  551
e  21  69  639
e  22  23  551
e  23  24  485
e  23  57  670
e  24  25  494
e  24  59  670
e  25  26  534
e  25  76  670
e  26  27  372
e  26  58  682
e  26  114  670
e  27  28  682
e  28  29  295
e  28  66  162
e  28  58  372
e  29  30  551
e  29  51  162
e  30  31  162
e  31  32  721
e  31  51  551
e  32  33  56
e  32  55  350
e  32  52  551
e  33  34  779
e  33  53  350
e  34  35  350
e  35  36  195
e  35  53  779
e  36  37  373
e  36  60  779
e  37  38  502
e  37  62  779
e  38  39  227
e  38  61  747
e  38  71  779
e  39  40  747
e  40  41  543
e  40  158  639
e  40  101  779
e  40  61  227
e  41  42  269
e  41  132  47
e  41  134  639
e  42  43  47
e  43  44  535
e  43  97  639
e  43  132  269
e  44  45  346
e  44  96  639
e  45  46  135
e  45  90  639
e  46  47  452
e  46  85  639
e  47  48  639
e  48  49  78
e  48  104  346
e  48  85  452
e  49  50  797
e  49  143  346
e  50  240  346
e  51  52  721
e  51  66  295
e  52  103  350
e  52  67  295
e  53  60  195
e  53  55  56
e  54  70  303
e  54  140  72
e  54  68  216
e  55  64  195
e  55  100  747
e  55  103  551
e  56  63  136
e  56  75  126
e  56  72  603
e  57  59  485
e  57  88  639
e  58  110  162
e  58  115  670
e  59  76  494
e  59  136  682
e  59  93  639
e  60  62  373
e  60  64  56
e  61  77  779
e  62  71  502
e  62  65  56
e  63  82  967
e  63  79  126
e  64  65  373
e  64  95  747
e  65  73  502
e  66  67  721
e  66  110  372
e  67  116  350
e  67  160  747
e  67  119  372
e  68  146  72
e  68  126  397
e  69  88  551
e  70  121  72
e  71  77  747
e  71  73  56
e  72  74  126
e  73  80  747
e  74  75  603
e  74  78  643
e  75  79  136
e  75  81  643
e  76  114  534
e  76  118  682
e  77  101  227
e  77  80  56
e  78  81  603
e  78  86  136
e  78  89  111
e  79  87  967
e  79  83  643
e  80  112  227
e  80  131  551
e  80  94  373
e  81  83  136
e  82  87  126
e  83  91  967
e  83  105  111
e  83  86  603
e  84  89  72
e  85  102  346
e  85  90  135
e  86  98  111
e  87  99  242
e  87  91  643
e  88  93  485
e  88  188  126
e  88  173  617
e  89  98  136
e  89  92  357
e  90  96  346
e  91  117  242
e  91  113  111
e  92  109  136
e  92  121  485
e  93  141  682
e  94  95  502
e  94  128  551
e  94  106  195
e  95  100  195
e  96  102  135
e  96  97  535
e  97  108  452
e  97  133  269
e  98  105  603
e  98  109  357
e  99  144  968
e  99  117  643
e  100  106  502
e  100  120  551
e  101  164  639
e  101  112  56
e  102  104  452
e  103  120  747
e  103  116  295
e  104  143  78
e  104  107  535
e  105  113  967
e  106  122  551
e  107  108  135
e  107  151  78
e  107  156  269
e  108  145  269
e  109  124  967
e  109  129  485
e  110  119  721
e  110  150  670
e  111  127  637
e  111  144  126
e  112  168  639
e  112  175  551
e  113  155  242
e  113  147  485
e  113  123  357
e  114  115  682
e  115  150  162
e  115  159  639
e  115  142  494
e  115  118  534
e  116  125  747
e  117  152  968
e  117  155  111
e  118  136  494
e  119  170  747
e  119  153  670
e  120  122  502
e  120  125  295
e  121  129  136
e  121  140  303
e  122  128  195
e  122  130  295
e  123  124  603
e  123  138  485
e  124  135  485
e  125  130  502
e  125  174  372
e  125  160  350
e  126  166  72
e  127  148  126
e  128  131  373
e  128  137  295
e  129  135  967
e  129  154  303
e  130  137  195
e  130  236  670
e  130  203  372
e  131  175  227
e  131  139  295
e  132  133  639
e  133  145  452
e  133  134  47
e  134  161  452
e  134  158  543
e  135  138  603
e  135  163  303
e  136  142  534
e  136  141  639
e  137  139  373
e  137  253  670
e  138  147  357
e  138  210  637
e  138  229  216
e  138  194  303
e  139  179  227
e  139  202  639
e  140  154  136
e  140  146  216
e  141  149  534
e  141  199  126
e  142  149  639
e  143  240  797
e  143  151  535
e  144  148  637
e  144  152  643
e  145  156  135
e  145  161  47
e  146  162  136
e  146  166  397
e  147  178  637
e  148  167  751
e  148  157  643
e  149  159  494
e  149  189  162
e  149  211  126
e  150  153  721
e  150  176  639
e  151  246  797
e  151  193  269
e  152  157  637
e  152  169  111
e  153  183  747
e  153  192  639
e  154  163  967
e  154  162  216
e  155  169  968
e  155  172  637
e  156  193  78
e  156  217  779
e  156  207  47
e  157  195  751
e  157  213  551
e  157  171  111
e  158  184  452
e  158  164  779
e  159  176  162
e  160  170  372
e  161  207  135
e  161  190  779
e  161  184  543
e  162  165  967
e  162  182  397
e  163  194  603
e  163  165  216
e  164  187  452
e  164  168  56
e  165  198  603
e  165  185  397
e  166  182  136
e  166  227  967
e  166  216  203
e  167  186  551
e  167  195  643
e  168  201  452
e  168  191  551
e  169  171  637
e  170  174  350
e  170  183  670
e  171  221  551
e  171  180  485
e  171  172  968
e  172  177  485
e  173  186  126
e  174  203  502
e  174  196  670
e  175  191  639
e  175  179  295
e  176  192  721
e  176  189  494
e  177  178  242
e  177  180  968
e  178  181  968
e  178  210  357
e  179  197  639
e  180  223  551
e  180  230  682
e  180  181  242
e  181  266  682
e  181  219  357
e  182  185  967
e  183  196  350
e  183  218  639
e  184  187  779
e  185  228  603
e  185  333  637
e  185  286  203
e  185  227  136
e  186  188  617
e  186  204  643
e  187  190  543
e  187  201  56
e  188  200  682
e  188  205  643
e  189  206  721
e  189  235  126
e  190  212  135
e  191  222  452
e  191  197  295
e  192  218  747
e  192  206  494
e  193  294  797
e  193  258  779
e  194  198  216
e  195  204  551
e  196  209  502
e  196  244  639
e  197  224  452
e  197  202  227
e  198  229  303
e  198  250  637
e  198  228  397
e  199  200  485
e  199  211  534
e  199  215  643
e  200  208  643
e  201  239  135
e  201  237  295
e  201  222  551
e  202  291  452
e  202  261  670
e  203  209  670
e  204  205  617
e  204  214  682
e  204  213  751
e  205  208  682
e  206  243  747
e  206  245  126
e  207  212  779
e  208  215  485
e  208  231  485
e  208  214  617
e  209  236  372
e  209  268  195
e  209  278  639
e  209  267  639
e  210  219  968
e  210  247  216
e  211  235  162
e  211  234  643
e  212  217  47
e  212  238  56
e  213  220  682
e  213  221  111
e  214  220  751
e  215  234  534
e  215  241  485
e  216  280  967
e  216  613  639
e  216  603  503
e  217  258  78
e  217  248  56
e  218  244  350
e  218  277  126
e  218  243  494
e  219  287  682
e  219  257  216
e  220  225  111
e  221  225  682
e  221  223  485
e  222  224  295
e  223  226  682
e  224  237  551
e  224  269  135
e  224  354  670
e  224  291  227
e  225  226  485
e  226  233  617
e  226  288  242
e  226  230  551
e  227  280  203
e  228  272  637
e  229  247  637
e  230  266  242
e  231  232  111
e  231  241  485
e  232  233  751
e  232  242  485
e  233  252  485
e  233  308  534
e  233  318  242
e  234  251  162
e  234  249  485
e  235  245  721
e  235  251  643
e  236  253  195
e  237  264  135
e  238  239  543
e  238  248  47
e  239  270  47
e  239  264  295
e  240  254  156
e  240  246  535
e  241  249  534
e  241  242  111
e  242  255  534
e  242  252  751
e  243  256  126
e  244  267  502
e  244  279  126
e  245  256  747
e  245  265  643
e  246  263  156
e  246  294  269
e  247  257  968
e  247  250  303
e  248  283  78
e  248  297  295
e  248  270  543
e  249  260  162
e  249  255  111
e  250  259  968
e  250  272  397
e  251  265  721
e  251  260  485
e  252  273  534
e  253  262  639
e  253  268  372
e  254  625  485
e  254  543  269
e  254  263  535
e  255  271  162
e  255  273  751
e  256  277  494
e  256  282  350
e  256  275  643
e  257  302  682
e  257  259  303
e  258  382  156
e  258  380  295
e  258  283  56
e  259  307  682
e  259  284  397
e  260  276  721
e  260  271  111
e  261  262  373
e  261  322  452
e  261  290  372
e  262  274  372
e  263  303  269
e  264  292  47
e  264  269  551
e  265  275  747
e  265  276  485
e  266  288  551
e  266  287  357
e  267  304  639
e  267  295  126
e  268  274  639
e  269  296  47
e  269  330  78
e  269  387  670
e  270  292  295
e  271  285  721
e  271  299  747
e  271  293  751
e  272  284  968
e  272  401  682
e  272  333  603
e  273  293  162
e  273  324  242
e  273  308  485
e  274  290  373
e  274  344  126
e  274  332  639
e  274  278  195
e  275  298  350
e  275  281  485
e  276  281  747
e  276  285  111
e  277  279  350
e  278  304  639
e  279  295  502
e  279  282  494
e  280  286  136
e  280  583  747
e  280  598  639
e  281  301  350
e  281  289  111
e  282  298  643
e  283  300  295
e  284  312  682
e  285  289  747
e  286  453  637
e  286  486  682
e  286  553  747
e  287  313  551
e  287  302  216
e  288  318  617
e  288  323  534
e  288  313  357
e  289  314  350
e  289  321  751
e  289  299  721
e  290  360  452
e  290  347  126
e  291  322  670
e  292  297  543
e  292  305  78
e  292  296  551
e  293  310  747
e  293  327  242
e  294  303  156
e  295  311  639
e  295  325  485
e  295  315  643
e  296  306  78
e  297  300  78
e  298  316  502
e  298  301  485
e  299  310  751
e  300  380  56
e  300  398  156
e  300  309  551
e  300  305  543
e  301  317  502
e  301  314  111
e  302  326  551
e  302  307  303
e  303  543  535
e  303  497  295
e  303  381  779
e  304  332  195
e  304  311  126
e  305  306  551
e  306  309  543
e  306  458  156
e  306  449  670
e  306  330  47
e  307  338  551
e  307  312  397
e  308  320  242
e  309  408  156
e  310  321  721
e  310  335  242
e  311  337  195
e  311  328  485
e  312  342  551
e  312  392  747
e  312  422  603
e  312  401  968
e  313  339  534
e  313  326  216
e  314  331  502
e  314  376  639
e  314  375  751
e  315  316  494
e  315  319  485
e  316  317  485
e  317  319  494
e  317  336  639
e  317  331  111
e  318  320  534
e  319  325  643
e  319  329  639
e  320  324  485
e  320  334  162
e  320  323  617
e  321  375  350
e  321  359  242
e  322  354  227
e  322  389  126
e  322  360  372
e  323  340  162
e  323  339  357
e  324  327  162
e  325  328  639
e  326  345  534
e  326  338  303
e  327  335  747
e  327  349  357
e  327  334  485
e  328  365  195
e  328  329  643
e  329  377  195
e  329  352  111
e  329  336  494
e  330  425  670
e  331  341  639
e  332  337  126
e  333  410  682
e  333  453  203
e  334  346  357
e  334  340  617
e  335  359  721
e  335  350  357
e  336  341  111
e  337  344  639
e  337  353  373
e  337  365  485
e  338  361  534
e  338  342  397
e  339  343  162
e  339  345  216
e  340  343  357
e  341  352  494
e  341  446  452
e  341  444  216
e  341  400  751
e  341  376  502
e  342  362  534
e  342  369  747
e  343  346  617
e  343  355  747
e  343  348  216
e  344  347  373
e  345  348  162
e  345  361  303
e  346  349  485
e  346  351  747
e  347  379  452
e  347  353  639
e  348  356  747
e  348  363  303
e  349  350  747
e  350  358  216
e  350  351  485
e  351  357  216
e  351  355  617
e  352  393  195
e  353  384  452
e  353  378  485
e  354  387  135
e  354  424  126
e  355  356  216
e  356  357  617
e  356  366  303
e  357  358  485
e  358  374  721
e  358  370  397
e  359  397  350
e  359  373  216
e  360  379  126
e  361  363  162
e  361  362  397
e  362  364  162
e  363  366  747
e  363  364  397
e  364  367  747
e  365  378  373
e  365  377  643
e  366  367  397
e  367  372  485
e  367  412  721
e  367  457  639
e  367  442  551
e  367  368  534
e  368  369  162
e  368  411  551
e  369  392  551
e  370  371  303
e  370  383  721
e  371  372  617
e  371  385  721
e  372  402  721
e  373  374  357
e  373  399  350
e  374  407  350
e  374  383  397
e  375  390  639
e  375  397  242
e  376  390  751
e  377  386  373
e  377  393  111
e  378  388  452
e  378  386  643
e  379  389  372
e  379  391  485
e  379  384  639
e  380  394  156
e  381  382  797
e  381  396  295
e  382  394  295
e  383  409  350
e  383  385  303
e  384  388  485
e  385  420  350
e  385  423  639
e  385  402  617
e  386  395  452
e  386  405  111
e  387  425  78
e  387  429  126
e  388  391  639
e  388  395  643
e  389  424  227
e  389  418  485
e  390  400  502
e  390  414  216
e  390  404  242
e  391  418  372
e  391  433  643
e  392  411  162
e  392  455  603
e  393  405  373
e  393  428  452
e  394  396  797
e  394  398  56
e  395  433  639
e  395  456  135
e  395  417  111
e  396  497  779
e  396  591  485
e  396  450  551
e  396  403  56
e  397  404  639
e  397  399  216
e  398  403  797
e  398  408  551
e  399  406  639
e  399  413  397
e  399  407  357
e  400  426  216
e  401  410  603
e  402  438  639
e  402  412  485
e  403  419  551
e  404  406  216
e  405  417  452
e  406  414  242
e  406  427  502
e  406  415  397
e  407  409  397
e  408  419  797
e  408  458  543
e  409  413  357
e  409  416  639
e  409  420  303
e  410  422  968
e  410  468  747
e  410  463  203
e  411  442  534
e  411  472  639
e  411  488  603
e  412  441  639
e  413  415  639
e  414  426  502
e  415  430  502
e  415  416  357
e  416  431  502
e  416  421  303
e  417  459  135
e  417  512  397
e  417  476  494
e  417  428  373
e  418  434  227
e  418  437  135
e  418  439  643
e  419  450  56
e  419  511  485
e  419  478  543
e  420  421  639
e  421  436  502
e  421  460  617
e  421  423  350
e  422  455  747
e  423  438  617
e  424  429  135
e  424  434  485
e  425  449  47
e  425  440  126
e  426  444  751
e  426  432  397
e  426  427  242
e  427  430  397
e  428  445  494
e  429  440  78
e  429  435  485
e  430  432  242
e  430  443  303
e  430  431  357
e  431  436  303
e  432  454  751
e  432  481  452
e  432  461  303
e  433  439  372
e  433  452  135
e  434  435  135
e  435  448  78
e  435  451  643
e  435  437  227
e  436  443  357
e  436  491  452
e  436  507  617
e  437  447  643
e  438  460  350
e  438  441  485
e  439  447  135
e  440  466  47
e  440  448  485
e  441  475  350
e  441  489  551
e  441  457  721
e  442  467  639
e  443  461  242
e  444  473  452
e  444  454  397
e  445  446  195
e  445  476  373
e  445  493  397
e  445  482  216
e  446  473  216
e  447  451  227
e  447  462  639
e  447  452  372
e  448  471  47
e  448  464  643
e  449  484  156
e  449  466  126
e  450  569  485
e  451  464  78
e  451  477  111
e  451  465  639
e  452  456  639
e  453  463  682
e  454  474  452
e  455  488  162
e  455  504  639
e  455  468  968
e  456  462  372
e  456  459  111
e  457  467  551
e  458  478  797
e  458  484  670
e  459  470  227
e  459  509  78
e  459  533  397
e  460  507  502
e  460  475  485
e  461  485  452
e  462  465  227
e  463  487  747
e  463  486  637
e  464  506  47
e  464  479  111
e  465  469  111
e  466  471  485
e  467  489  721
e  467  532  603
e  467  472  534
e  468  520  639
e  468  487  203
e  469  470  372
e  469  477  639
e  469  480  78
e  470  494  78
e  471  496  156
e  471  506  643
e  472  498  603
e  473  482  195
e  473  474  397
e  474  483  195
e  474  492  303
e  474  481  751
e  475  524  502
e  475  560  603
e  475  540  551
e  476  499  397
e  477  479  78
e  478  505  485
e  478  501  670
e  479  526  47
e  479  480  639
e  480  545  47
e  480  550  156
e  480  494  372
e  481  485  303
e  482  483  397
e  483  493  216
e  483  500  373
e  483  508  303
e  484  501  797
e  484  495  485
e  485  492  751
e  485  513  195
e  485  490  357
e  486  527  747
e  487  522  639
e  487  527  637
e  488  498  639
e  489  540  350
e  489  534  603
e  490  491  242
e  490  516  195
e  491  518  195
e  491  674  135
e  491  663  203
e  491  571  617
e  492  508  195
e  493  499  373
e  494  565  156
e  494  556  397
e  494  509  227
e  495  496  126
e  495  502  797
e  496  503  797
e  496  519  643
e  497  607  535
e  497  596  485
e  498  532  534
e  498  539  721
e  498  530  203
e  498  504  162
e  499  512  494
e  499  500  216
e  500  514  494
e  500  521  303
e  501  502  485
e  502  505  670
e  502  503  126
e  503  510  670
e  503  517  543
e  503  528  643
e  504  523  203
e  504  520  968
e  505  511  543
e  505  510  126
e  506  519  156
e  506  526  111
e  507  571  452
e  507  524  485
e  508  521  373
e  508  525  357
e  508  513  751
e  509  544  397
e  510  515  543
e  511  569  56
e  511  515  126
e  512  533  135
e  512  514  216
e  513  516  357
e  514  536  135
e  514  546  303
e  515  588  56
e  515  605  643
e  515  517  670
e  516  525  751
e  516  535  373
e  516  518  242
e  517  555  643
e  518  537  373
e  518  638  135
e  519  528  797
e  519  529  111
e  520  522  203
e  521  546  494
e  521  552  135
e  521  531  357
e  522  523  968
e  522  538  162
e  522  554  637
e  523  530  162
e  524  585  452
e  524  570  603
e  525  531  373
e  526  529  156
e  526  545  639
e  527  554  639
e  527  553  682
e  528  555  543
e  528  542  111
e  529  542  797
e  529  547  639
e  530  557  721
e  530  538  968
e  531  558  135
e  531  541  242
e  531  535  751
e  532  534  721
e  533  544  78
e  533  536  216
e  534  551  350
e  534  559  203
e  534  539  534
e  535  537  242
e  536  548  78
e  536  549  303
e  537  541  751
e  537  567  135
e  538  604  721
e  538  633  350
e  538  632  637
e  539  557  203
e  540  551  603
e  541  564  135
e  542  568  543
e  542  563  639
e  543  623  485
e  543  607  295
e  544  556  227
e  544  548  216
e  545  547  156
e  546  549  135
e  547  563  797
e  547  580  372
e  547  550  47
e  548  562  227
e  548  561  303
e  549  561  78
e  549  552  494
e  550  565  372
e  551  560  551
e  551  575  502
e  551  566  203
e  552  572  78
e  552  558  357
e  553  574  639
e  553  583  136
e  554  632  162
e  554  609  136
e  554  574  682
e  555  605  670
e  555  568  111
e  556  577  156
e  556  562  216
e  557  559  534
e  557  584  350
e  557  604  968
e  558  573  78
e  558  564  242
e  559  566  350
e  560  570  502
e  561  582  227
e  561  576  357
e  561  572  494
e  562  579  156
e  562  582  303
e  563  589  397
e  564  578  78
e  564  567  751
e  565  580  47
e  565  577  397
e  566  581  502
e  566  584  534
e  567  586  78
e  567  638  373
e  568  646  670
e  568  670  56
e  568  644  397
e  569  591  551
e  569  588  126
e  570  602  452
e  570  593  203
e  570  575  551
e  571  636  203
e  571  585  485
e  572  573  357
e  573  576  494
e  573  578  242
e  574  592  136
e  575  581  203
e  576  606  227
e  576  615  156
e  576  599  242
e  577  587  47
e  577  579  216
e  578  599  494
e  578  624  156
e  578  586  751
e  579  594  47
e  579  600  797
e  579  597  303
e  580  587  397
e  581  593  551
e  581  620  452
e  581  634  968
e  582  597  156
e  582  606  357
e  583  592  639
e  584  612  968
e  585  602  603
e  586  627  156
e  586  694  203
e  586  668  373
e  587  590  797
e  587  594  216
e  588  617  551
e  588  648  779
e  588  647  643
e  589  590  372
e  589  645  543
e  589  601  216
e  590  595  216
e  591  596  779
e  591  617  126
e  592  609  682
e  592  619  967
e  592  598  747
e  593  608  452
e  594  595  797
e  595  601  372
e  595  614  303
e  595  600  47
e  596  616  535
e  596  622  126
e  597  611  797
e  597  610  357
e  598  613  967
e  599  618  156
e  600  611  303
e  601  653  543
e  601  643  303
e  602  608  203
e  603  629  639
e  604  612  350
e  605  647  56
e  605  646  111
e  606  610  156
e  607  616  485
e  608  637  485
e  608  707  135
e  608  620  551
e  609  682  162
e  609  666  503
e  610  628  797
e  610  621  242
e  610  615  227
e  611  614  47
e  611  628  357
e  612  635  502
e  612  673  452
e  612  633  721
e  613  619  747
e  613  629  503
e  614  643  372
e  614  642  357
e  615  618  242
e  616  623  295
e  616  651  346
e  616  649  126
e  617  622  779
e  618  621  227
e  618  624  494
e  619  631  503
e  620  746  135
e  620  657  968
e  621  641  797
e  621  639  751
e  622  649  535
e  622  648  551
e  623  625  269
e  624  627  751
e  625  626  346
e  626  970  397
e  626  662  126
e  626  650  295
e  627  640  227
e  627  664  797
e  627  702  203
e  628  642  47
e  628  641  242
e  629  631  747
e  629  630  72
e  630  660  747
e  630  943  452
e  630  998  156
e  631  667  682
e  631  660  72
e  632  693  350
e  632  703  452
e  632  682  136
e  633  688  452
e  633  693  637
e  634  635  534
e  634  657  452
e  635  661  452
e  636  637  603
e  636  663  617
e  637  680  617
e  637  689  135
e  638  668  78
e  638  679  203
e  638  674  195
e  639  640  494
e  639  652  797
e  640  655  797
e  641  656  47
e  641  652  751
e  642  683  372
e  642  656  242
e  643  675  543
e  643  683  357
e  644  645  639
e  644  715  56
e  644  665  216
e  645  653  216
e  646  659  56
e  647  671  779
e  647  659  111
e  648  672  535
e  648  671  643
e  649  654  346
e  649  678  643
e  649  672  551
e  650  651  269
e  650  658  126
e  651  654  126
e  652  669  47
e  652  655  494
e  653  665  639
e  653  675  303
e  654  658  269
e  654  691  643
e  655  681  47
e  655  754  203
e  655  664  227
e  656  721  372
e  656  751  543
e  656  669  751
e  657  759  135
e  657  765  503
e  657  661  534
e  658  662  295
e  658  697  643
e  659  685  779
e  659  690  535
e  659  670  670
e  660  720  682
e  660  781  452
e  661  747  503
e  661  712  637
e  661  673  502
e  662  902  397
e  662  726  643
e  663  677  135
e  663  680  603
e  664  725  203
e  665  734  56
e  665  722  303
e  666  667  967
e  666  705  162
e  667  736  452
e  667  720  72
e  668  684  203
e  669  768  543
e  669  681  494
e  670  719  535
e  670  715  397
e  671  676  535
e  671  685  111
e  672  676  643
e  673  688  721
e  674  677  203
e  675  722  639
e  675  804  535
e  675  709  357
e  676  678  551
e  676  687  111
e  677  679  195
e  677  686  603
e  678  691  346
e  678  696  111
e  679  684  78
e  679  692  603
e  680  686  135
e  681  826  543
e  681  760  203
e  682  710  452
e  682  705  503
e  683  709  543
e  683  721  242
e  684  694  373
e  684  695  603
e  685  687  535
e  686  692  195
e  686  689  617
e  687  696  551
e  687  704  346
e  687  690  779
e  688  698  637
e  689  700  78
e  689  707  485
e  690  719  670
e  691  697  269
e  691  701  111
e  692  695  78
e  693  698  452
e  694  702  156
e  694  708  603
e  695  708  373
e  695  718  156
e  695  699  617
e  696  701  346
e  697  726  295
e  697  706  111
e  698  713  502
e  698  711  136
e  698  703  350
e  699  700  195
e  699  724  156
e  700  716  485
e  701  706  269
e  701  704  551
e  702  725  797
e  702  714  603
e  703  710  136
e  704  744  269
e  704  741  397
e  705  717  452
e  706  745  295
e  706  752  397
e  706  744  551
e  707  716  78
e  707  746  551
e  708  714  156
e  709  812  535
e  709  732  242
e  710  711  350
e  710  717  503
e  711  727  502
e  711  723  503
e  712  713  721
e  712  737  503
e  712  731  136
e  713  727  136
e  714  740  797
e  714  728  617
e  714  718  373
e  715  729  535
e  715  734  216
e  716  739  156
e  716  749  551
e  717  723  350
e  717  735  967
e  718  724  617
e  719  729  397
e  720  756  452
e  721  732  543
e  722  766  56
e  722  790  535
e  723  730  502
e  723  757  967
e  724  728  373
e  724  738  485
e  725  754  227
e  725  740  603
e  726  745  111
e  727  731  721
e  727  730  503
e  728  753  797
e  728  771  485
e  729  743  346
e  729  748  216
e  730  733  721
e  730  767  967
e  731  733  503
e  732  840  535
e  732  789  751
e  732  751  372
e  733  737  136
e  733  758  637
e  733  805  78
e  733  813  156
e  733  783  967
e  734  748  535
e  734  766  303
e  735  736  162
e  735  757  350
e  735  774  72
e  736  756  72
e  737  747  637
e  738  739  195
e  738  771  373
e  738  775  797
e  739  796  797
e  739  763  551
e  740  788  47
e  740  753  617
e  741  742  670
e  741  750  269
e  742  743  779
e  742  764  269
e  742  762  216
e  743  755  216
e  744  750  397
e  745  792  397
e  746  749  78
e  746  759  968
e  747  765  534
e  747  758  136
e  748  755  346
e  748  772  303
e  749  763  156
e  749  761  968
e  750  752  551
e  750  776  216
e  750  764  670
e  751  768  751
e  752  792  295
e  752  777  216
e  753  834  47
e  753  854  503
e  753  773  485
e  754  760  47
e  755  762  779
e  755  778  303
e  756  774  162
e  756  831  350
e  756  873  156
e  756  781  682
e  757  767  502
e  757  782  72
e  758  784  534
e  758  803  78
e  759  761  78
e  759  779  503
e  760  835  543
e  760  787  603
e  761  770  156
e  761  780  503
e  762  769  269
e  762  793  303
e  763  799  797
e  763  770  968
e  764  769  216
e  765  779  135
e  765  785  78
e  765  784  136
e  766  772  535
e  767  783  721
e  767  794  72
e  768  789  372
e  768  842  203
e  768  826  494
e  769  776  670
e  769  791  551
e  769  798  303
e  770  802  797
e  770  786  503
e  771  773  797
e  772  778  346
e  772  816  639
e  772  790  56
e  773  828  503
e  773  775  373
e  774  782  350
e  775  822  503
e  775  801  551
e  775  796  195
e  776  777  551
e  777  819  295
e  777  838  303
e  777  791  670
e  778  793  779
e  778  837  269
e  778  823  357
e  779  780  78
e  780  786  156
e  780  797  136
e  780  785  135
e  781  879  156
e  781  943  747
e  782  794  502
e  782  831  162
e  783  825  156
e  783  820  72
e  784  795  78
e  785  795  136
e  786  810  797
e  786  800  136
e  787  788  227
e  787  869  543
e  787  874  503
e  787  848  617
e  788  834  617
e  789  870  535
e  789  866  203
e  790  804  639
e  791  818  303
e  792  903  643
e  792  819  216
e  793  798  269
e  794  820  721
e  794  846  156
e  794  851  162
e  795  797  135
e  795  803  534
e  796  799  551
e  797  800  156
e  798  818  551
e  798  847  357
e  798  837  779
e  799  801  195
e  799  802  968
e  800  830  797
e  800  814  637
e  800  806  534
e  801  821  503
e  801  811  968
e  802  811  195
e  802  810  503
e  803  807  156
e  803  805  637
e  804  816  56
e  804  812  357
e  805  808  156
e  806  807  135
e  806  809  637
e  807  808  637
e  808  809  135
e  808  827  967
e  808  813  78
e  809  814  534
e  809  850  797
e  809  829  967
e  810  815  195
e  810  830  136
e  811  815  503
e  812  817  56
e  812  836  346
e  812  840  242
e  813  825  967
e  814  844  797
e  815  821  968
e  815  833  373
e  815  853  136
e  816  817  357
e  817  824  346
e  818  838  670
e  818  901  295
e  818  875  357
e  819  991  643
e  819  856  303
e  820  839  156
e  821  822  551
e  822  828  373
e  823  824  639
e  823  845  269
e  824  859  269
e  824  855  242
e  824  836  56
e  825  827  78
e  825  839  72
e  826  835  203
e  827  829  135
e  827  841  72
e  828  854  485
e  828  861  47
e  828  832  968
e  829  852  797
e  829  843  72
e  830  853  195
e  830  844  637
e  831  851  502
e  831  872  156
e  832  833  551
e  832  877  47
e  833  885  47
e  833  865  136
e  834  848  227
e  834  857  503
e  835  842  494
e  835  869  603
e  836  849  242
e  837  845  357
e  838  856  295
e  839  841  78
e  839  846  721
e  840  849  346
e  840  870  751
e  841  843  135
e  841  858  721
e  842  866  372
e  842  914  535
e  842  921  603
e  843  862  797
e  843  867  721
e  844  882  195
e  844  860  967
e  844  850  534
e  845  847  779
e  845  859  639
e  846  858  78
e  846  868  162
e  847  875  551
e  847  900  242
e  847  863  639
e  848  864  503
e  849  855  56
e  849  878  751
e  850  852  967
e  851  868  156
e  852  860  534
e  852  862  72
e  853  865  373
e  853  882  637
e  854  857  47
e  855  871  269
e  855  899  751
e  856  1075  643
e  856  1107  503
e  856  1095  203
e  856  918  357
e  856  901  670
e  857  864  227
e  857  861  485
e  858  867  135
e  858  883  162
e  859  863  779
e  859  871  242
e  860  886  195
e  860  880  72
e  861  881  227
e  861  877  968
e  862  880  534
e  862  932  195
e  862  977  47
e  862  887  721
e  863  876  242
e  864  874  617
e  864  941  543
e  864  944  136
e  864  881  485
e  865  888  47
e  865  895  967
e  866  884  535
e  867  887  797
e  867  893  162
e  868  883  78
e  868  872  502
e  869  921  494
e  869  926  535
e  869  904  503
e  870  878  346
e  870  884  203
e  871  876  779
e  871  922  203
e  871  909  751
e  872  873  350
e  873  879  682
e  874  904  543
e  875  910  295
e  875  912  242
e  876  900  639
e  876  928  551
e  876  927  203
e  877  898  227
e  877  897  136
e  877  885  551
e  878  899  56
e  878  889  203
e  879  892  78
e  879  984  797
e  879  972  747
e  880  894  195
e  881  940  136
e  881  898  968
e  882  886  967
e  883  893  135
e  883  890  682
e  884  889  346
e  884  914  372
e  885  888  136
e  886  896  373
e  886  894  72
e  887  1012  47
e  887  965  682
e  887  907  162
e  888  897  551
e  888  916  227
e  888  915  967
e  889  905  56
e  889  952  269
e  889  933  603
e  890  891  350
e  890  911  135
e  891  892  502
e  891  919  135
e  892  924  135
e  892  935  797
e  893  907  797
e  893  911  682
e  894  908  373
e  894  932  534
e  895  896  637
e  895  915  47
e  896  920  47
e  896  908  72
e  897  906  227
e  898  906  136
e  899  909  269
e  899  905  203
e  900  912  551
e  901  910  357
e  902  903  111
e  902  970  126
e  902  1018  216
e  903  991  216
e  904  938  535
e  904  941  617
e  905  913  269
e  906  940  968
e  906  950  485
e  906  963  543
e  906  966  967
e  906  916  551
e  907  917  682
e  908  925  47
e  908  948  534
e  909  913  203
e  910  918  670
e  910  954  242
e  911  917  797
e  911  919  350
e  912  954  295
e  912  964  203
e  912  928  639
e  913  922  751
e  913  930  779
e  913  957  603
e  913  952  56
e  914  923  603
e  915  939  227
e  915  936  72
e  915  920  637
e  916  939  967
e  917  965  162
e  917  1031  47
e  917  929  350
e  918  1017  203
e  918  975  242
e  919  929  797
e  919  924  502
e  920  925  72
e  921  923  535
e  922  927  779
e  923  934  346
e  923  926  494
e  924  931  797
e  925  936  637
e  925  949  227
e  925  955  534
e  926  937  346
e  926  938  503
e  927  953  551
e  927  930  751
e  928  953  203
e  929  1082  47
e  929  931  502
e  930  969  551
e  930  967  503
e  931  1098  47
e  931  1056  747
e  931  935  135
e  932  948  373
e  932  959  47
e  933  934  372
e  933  956  269
e  933  947  503
e  934  946  503
e  934  937  494
e  935  1023  747
e  935  984  78
e  936  945  227
e  937  942  503
e  938  942  346
e  938  978  617
e  939  966  551
e  939  945  72
e  940  944  485
e  941  978  535
e  941  958  136
e  942  946  494
e  942  951  372
e  942  981  269
e  942  985  136
e  943  972  156
e  944  958  543
e  944  950  968
e  945  974  551
e  945  983  543
e  945  949  637
e  946  947  372
e  947  960  269
e  947  951  494
e  948  955  47
e  949  993  543
e  949  1002  534
e  950  962  543
e  951  973  269
e  952  956  603
e  953  964  639
e  953  987  295
e  953  969  751
e  954  975  670
e  954  971  203
e  955  1002  227
e  955  1064  682
e  955  959  373
e  956  957  56
e  956  960  503
e  957  961  503
e  958  980  535
e  958  962  968
e  959  1053  682
e  959  977  195
e  960  961  56
e  960  973  494
e  961  968  779
e  961  982  494
e  962  988  535
e  962  963  485
e  963  994  535
e  963  976  967
e  964  971  295
e  965  1022  47
e  966  976  543
e  966  974  72
e  967  968  603
e  967  989  551
e  968  1000  551
e  968  1052  136
e  968  1005  494
e  969  1006  295
e  969  989  503
e  970  1135  485
e  970  1177  503
e  970  1047  216
e  971  990  670
e  971  1016  503
e  971  987  639
e  972  1011  797
e  972  998  452
e  973  982  56
e  973  981  372
e  974  979  543
e  975  990  203
e  976  995  535
e  976  979  72
e  977  1042  682
e  977  1012  721
e  978  980  136
e  979  997  535
e  979  983  551
e  980  986  346
e  980  988  968
e  981  996  56
e  981  1010  136
e  982  1005  779
e  982  996  372
e  983  1009  535
e  983  993  637
e  984  1011  747
e  985  986  617
e  985  1010  269
e  986  1021  269
e  986  992  968
e  987  1008  503
e  987  1006  751
e  988  992  346
e  988  999  967
e  988  994  485
e  989  1007  295
e  989  1000  603
e  990  1017  242
e  990  1030  503
e  991  1018  111
e  991  1075  303
e  992  1024  269
e  992  1015  72
e  992  1001  967
e  993  1013  535
e  993  1043  534
e  994  995  967
e  995  999  485
e  995  997  72
e  996  1020  136
e  997  1004  346
e  997  1009  551
e  998  1083  797
e  998  1111  639
e  999  1001  346
e  1000  1026  295
e  1000  1062  136
e  1001  1003  72
e  1002  1043  543
e  1002  1068  535
e  1002  1079  682
e  1003  1004  485
e  1003  1015  967
e  1003  1027  269
e  1004  1038  269
e  1004  1044  637
e  1004  1014  551
e  1005  1028  136
e  1006  1007  503
e  1007  1008  751
e  1007  1036  639
e  1007  1026  603
e  1008  1016  639
e  1009  1014  346
e  1009  1013  637
e  1010  1020  56
e  1010  1021  617
e  1011  1023  78
e  1011  1083  452
e  1012  1022  682
e  1013  1019  346
e  1013  1055  534
e  1014  1019  637
e  1015  1025  269
e  1016  1030  670
e  1016  1036  751
e  1017  1095  357
e  1017  1063  503
e  1018  1047  126
e  1019  1044  551
e  1019  1049  269
e  1019  1060  534
e  1020  1029  779
e  1020  1034  72
e  1021  1032  72
e  1021  1024  968
e  1022  1042  721
e  1022  1057  195
e  1022  1031  162
e  1023  1056  135
e  1023  1159  452
e  1024  1025  72
e  1025  1032  968
e  1025  1027  967
e  1026  1059  639
e  1026  1081  136
e  1027  1033  968
e  1027  1039  56
e  1027  1038  485
e  1028  1029  372
e  1028  1052  494
e  1028  1072  551
e  1028  1054  72
e  1029  1041  72
e  1030  1063  242
e  1030  1073  603
e  1031  1085  195
e  1031  1119  535
e  1031  1082  350
e  1032  1035  56
e  1032  1033  967
e  1033  1037  56
e  1034  1035  617
e  1034  1041  779
e  1034  1040  967
e  1035  1037  967
e  1036  1059  603
e  1037  1040  617
e  1037  1039  968
e  1038  1061  56
e  1038  1048  637
e  1039  1045  617
e  1039  1051  779
e  1039  1061  485
e  1040  1046  779
e  1040  1045  968
e  1041  1054  372
e  1041  1046  967
e  1042  1053  195
e  1043  1055  535
e  1044  1048  269
e  1045  1050  779
e  1046  1058  372
e  1046  1050  968
e  1047  1164  503
e  1047  1108  303
e  1048  1066  56
e  1048  1049  551
e  1049  1069  56
e  1049  1100  534
e  1050  1065  372
e  1050  1051  617
e  1051  1071  372
e  1051  1090  637
e  1051  1070  485
e  1052  1062  551
e  1053  1064  373
e  1053  1057  721
e  1054  1076  551
e  1054  1058  967
e  1055  1060  346
e  1055  1068  543
e  1056  1158  47
e  1057  1067  373
e  1057  1085  162
e  1058  1080  551
e  1058  1065  968
e  1059  1074  670
e  1060  1100  269
e  1060  1097  682
e  1060  1086  543
e  1061  1070  779
e  1061  1066  637
e  1062  1081  295
e  1062  1078  72
e  1062  1072  494
e  1063  1102  357
e  1064  1079  227
e  1064  1067  721
e  1065  1091  551
e  1065  1071  617
e  1066  1077  779
e  1066  1069  551
e  1067  1088  227
e  1067  1094  162
e  1068  1086  346
e  1068  1089  682
e  1069  1084  779
e  1069  1131  534
e  1070  1077  637
e  1071  1101  551
e  1071  1106  637
e  1072  1076  72
e  1073  1074  751
e  1073  1166  136
e  1074  1128  136
e  1075  1109  126
e  1075  1138  503
e  1076  1078  494
e  1076  1080  967
e  1077  1090  485
e  1077  1117  372
e  1077  1084  551
e  1078  1092  295
e  1078  1087  967
e  1079  1089  535
e  1079  1088  721
e  1080  1087  494
e  1080  1115  295
e  1080  1091  968
e  1081  1129  670
e  1081  1092  72
e  1082  1140  535
e  1082  1098  502
e  1083  1159  78
e  1083  1157  639
e  1084  1126  372
e  1084  1133  551
e  1084  1136  534
e  1085  1094  373
e  1085  1112  535
e  1086  1093  682
e  1087  1096  295
e  1088  1099  535
e  1089  1093  346
e  1089  1099  721
e  1090  1106  372
e  1091  1116  295
e  1091  1101  617
e  1092  1137  670
e  1092  1096  967
e  1093  1097  543
e  1093  1103  721
e  1094  1105  535
e  1095  1102  503
e  1096  1146  670
e  1096  1118  968
e  1096  1115  494
e  1097  1130  269
e  1097  1113  721
e  1098  1154  535
e  1098  1158  747
e  1099  1103  346
e  1099  1104  162
e  1100  1131  56
e  1100  1130  682
e  1101  1127  295
e  1101  1121  637
e  1102  1107  203
e  1102  1155  643
e  1103  1113  543
e  1103  1110  162
e  1104  1105  227
e  1104  1110  346
e  1105  1114  346
e  1105  1112  373
e  1106  1121  551
e  1106  1117  485
e  1107  1138  643
e  1108  1109  111
e  1108  1150  503
e  1109  1143  503
e  1110  1123  543
e  1110  1125  373
e  1110  1114  227
e  1111  1157  797
e  1112  1120  346
e  1112  1119  195
e  1113  1145  269
e  1113  1123  162
e  1114  1120  373
e  1115  1116  968
e  1116  1118  494
e  1116  1127  617
e  1117  1124  551
e  1117  1126  551
e  1118  1173  670
e  1118  1161  637
e  1119  1122  346
e  1119  1140  350
e  1120  1125  227
e  1120  1122  195
e  1121  1134  295
e  1121  1124  485
e  1122  1141  227
e  1122  1152  543
e  1122  1144  350
e  1123  1149  269
e  1123  1142  373
e  1124  1148  295
e  1124  1132  551
e  1125  1142  543
e  1125  1141  195
e  1126  1132  551
e  1127  1134  637
e  1128  1129  639
e  1128  1166  751
e  1128  1139  72
e  1129  1137  72
e  1130  1160  56
e  1130  1145  721
e  1131  1136  779
e  1131  1160  682
e  1132  1153  295
e  1132  1133  372
e  1133  1175  295
e  1133  1179  534
e  1134  1162  494
e  1134  1148  485
e  1135  1185  503
e  1136  1179  551
e  1136  1165  682
e  1137  1139  639
e  1137  1146  967
e  1138  1143  126
e  1138  1155  203
e  1139  1170  751
e  1139  1151  967
e  1140  1144  346
e  1140  1154  502
e  1141  1147  543
e  1142  1169  269
e  1142  1147  195
e  1143  1150  111
e  1143  1163  203
e  1144  1167  543
e  1144  1156  502
e  1145  1176  56
e  1145  1149  162
e  1146  1151  639
e  1146  1173  968
e  1147  1171  269
e  1147  1178  350
e  1147  1152  227
e  1148  1153  551
e  1149  1180  56
e  1149  1169  373
e  1150  1164  303
e  1150  1168  203
e  1151  1188  751
e  1151  1187  968
e  1152  1167  350
e  1153  1175  372
e  1154  1156  346
e  1154  1172  747
e  1155  1163  126
e  1156  1186  543
e  1156  1174  747
e  1158  1172  535
e  1160  1165  779
e  1160  1176  721
e  1161  1162  617
e  1161  1189  670
e  1163  1168  111
e  1164  1177  216
e  1165  1192  551
e  1165  1181  721
e  1166  1170  72
e  1167  1178  227
e  1167  1184  269
e  1167  1186  502
e  1169  1171  195
e  1170  1188  967
e  1171  1182  350
e  1172  1174  346
e  1173  1187  639
e  1173  1189  637
e  1175  1191  534
e  1176  1181  779
e  1176  1180  162
e  1177  1185  485
e  1178  1182  269
e  1179  1191  295
e  1179  1192  682
e  1180  1183  779
e  1181  1183  162
e  1182  1184  227
e  1184  1190  502
e  1186  1190  269
