p   edge 2330  4498
e  0  2289  920
e  0  1270  310
e  0  1147  956
e  0  168  891
e  0  70  295
e  1  2  920
e  1  150  953
e  1  645  559
e  1  1215  77
e  1  1549  10
e  1  2098  295
e  2  3  147
e  2  91  953
e  3  4  953
e  4  5  310
e  4  87  559
e  4  91  147
e  5  6  559
e  6  7  537
e  6  87  310
e  7  8  792
e  7  114  310
e  8  9  863
e  8  149  352
e  8  130  310
e  9  10  272
e  9  97  352
e  10  11  685
e  10  81  352
e  11  12  334
e  11  76  352
e  12  13  352
e  13  14  780
e  13  76  334
e  14  15  827
e  14  99  566
e  14  88  334
e  15  16  449
e  15  79  566
e  16  17  566
e  17  18  117
e  17  79  449
e  18  19  264
e  18  89  449
e  19  20  399
e  19  125  728
e  19  108  449
e  20  21  159
e  20  104  728
e  21  22  997
e  21  75  728
e  22  23  728
e  23  24  520
e  23  75  997
e  24  25  739
e  24  109  490
e  24  96  997
e  25  26  431
e  25  101  490
e  26  27  490
e  27  28  496
e  27  101  431
e  28  29  358
e  28  73  256
e  28  123  739
e  28  117  431
e  29  30  256
e  30  31  203
e  30  73  358
e  31  32  477
e  31  133  655
e  31  95  358
e  32  33  39
e  32  74  655
e  33  34  655
e  34  35  956
e  34  71  587
e  34  74  39
e  35  36  587
e  36  37  445
e  36  71  956
e  37  38  911
e  37  100  956
e  38  39  968
e  38  112  488
e  38  105  956
e  39  40  81
e  39  103  488
e  40  41  488
e  41  42  508
e  41  140  968
e  41  103  81
e  42  43  594
e  42  167  968
e  43  44  233
e  43  164  510
e  43  182  956
e  43  176  968
e  44  45  513
e  44  141  510
e  45  46  526
e  45  118  510
e  46  47  161
e  46  92  510
e  47  48  510
e  48  49  643
e  48  85  77
e  48  92  161
e  49  50  389
e  49  83  77
e  50  51  77
e  51  52  427
e  51  83  389
e  52  53  652
e  52  86  858
e  52  110  389
e  53  54  168
e  53  82  858
e  54  55  858
e  55  56  122
e  55  82  168
e  56  57  801
e  56  90  168
e  57  58  277
e  57  144  168
e  58  59  658
e  58  111  425
e  58  145  7
e  58  155  168
e  59  60  672
e  59  102  425
e  60  61  425
e  61  62  7
e  61  102  672
e  62  63  694
e  62  120  821
e  62  119  672
e  63  64  469
e  63  77  821
e  64  65  821
e  65  66  181
e  65  78  10
e  65  77  469
e  66  67  891
e  66  72  10
e  67  68  10
e  68  69  452
e  68  72  891
e  69  70  970
e  69  80  891
e  70  134  891
e  71  100  445
e  71  132  488
e  71  93  39
e  72  80  452
e  72  78  181
e  73  95  203
e  73  236  587
e  73  147  739
e  74  93  587
e  74  133  477
e  75  96  520
e  75  180  490
e  75  138  399
e  75  104  159
e  76  88  780
e  76  81  685
e  77  98  10
e  77  120  694
e  78  84  452
e  78  98  469
e  79  89  117
e  79  99  827
e  80  134  970
e  80  84  181
e  81  94  780
e  81  97  272
e  82  90  122
e  82  86  652
e  83  110  427
e  83  85  643
e  84  186  970
e  84  107  469
e  85  143  427
e  85  165  858
e  85  113  161
e  86  106  122
e  86  126  389
e  87  114  537
e  87  153  147
e  88  127  566
e  88  94  685
e  89  108  264
e  89  116  827
e  90  144  801
e  90  185  277
e  90  106  652
e  91  153  559
e  91  150  920
e  92  113  77
e  92  118  526
e  93  139  488
e  93  161  358
e  93  154  477
e  94  131  566
e  94  115  272
e  95  148  655
e  95  219  587
e  96  128  490
e  97  115  780
e  97  149  863
e  98  107  452
e  98  136  694
e  99  116  117
e  99  127  334
e  100  105  911
e  100  129  488
e  101  117  496
e  101  109  739
e  102  119  7
e  102  111  658
e  103  112  968
e  104  125  399
e  105  122  488
e  106  211  277
e  106  184  389
e  107  230  295
e  107  175  694
e  108  137  728
e  108  151  827
e  109  121  496
e  109  128  997
e  110  126  858
e  110  143  643
e  111  124  7
e  112  140  81
e  112  122  956
e  113  197  858
e  113  225  956
e  113  142  526
e  114  130  792
e  114  268  147
e  115  146  566
e  115  242  863
e  116  151  264
e  116  158  728
e  116  169  334
e  117  121  739
e  118  142  77
e  118  141  513
e  119  166  821
e  119  124  658
e  120  136  10
e  120  166  672
e  121  123  431
e  121  135  997
e  122  163  81
e  122  174  508
e  122  181  39
e  122  129  911
e  123  147  256
e  124  173  821
e  124  238  168
e  124  145  425
e  125  138  159
e  125  137  449
e  126  184  122
e  126  152  643
e  127  169  117
e  127  131  685
e  128  135  496
e  128  208  399
e  128  180  520
e  129  162  39
e  129  132  445
e  130  202  352
e  130  280  147
e  131  179  117
e  131  146  272
e  132  139  39
e  133  154  587
e  133  148  358
e  134  168  295
e  134  186  181
e  135  160  256
e  136  175  452
e  136  178  672
e  137  170  159
e  137  156  827
e  138  198  490
e  138  170  449
e  139  162  445
e  139  256  508
e  139  264  77
e  139  213  358
e  140  167  508
e  140  163  956
e  141  172  77
e  141  164  233
e  142  200  956
e  142  172  513
e  143  152  858
e  144  155  277
e  145  205  168
e  146  190  117
e  146  243  728
e  146  304  310
e  146  248  863
e  147  261  587
e  147  159  997
e  148  157  587
e  149  242  780
e  149  253  566
e  149  202  310
e  150  234  559
e  151  156  728
e  152  292  122
e  152  300  956
e  152  226  161
e  152  165  427
e  153  268  537
e  153  378  792
e  153  234  920
e  154  157  358
e  155  205  7
e  155  227  652
e  155  185  801
e  156  191  159
e  156  262  334
e  156  158  264
e  157  161  477
e  157  255  488
e  157  286  997
e  157  245  203
e  157  219  655
e  158  194  334
e  159  160  431
e  159  263  587
e  159  320  449
e  160  285  449
e  160  217  399
e  161  213  488
e  162  181  911
e  162  220  508
e  163  171  508
e  164  183  77
e  164  187  956
e  165  197  161
e  166  178  10
e  166  173  658
e  167  176  594
e  167  171  956
e  168  997  956
e  168  401  469
e  168  201  181
e  169  194  728
e  169  179  685
e  170  207  490
e  170  191  827
e  171  177  594
e  171  174  81
e  172  196  956
e  172  183  233
e  173  189  10
e  173  241  168
e  174  195  594
e  174  209  39
e  175  364  295
e  175  228  672
e  176  177  956
e  177  182  968
e  177  188  510
e  177  195  81
e  178  228  452
e  178  189  658
e  179  206  728
e  179  190  272
e  180  198  399
e  181  209  508
e  182  187  510
e  183  192  956
e  184  306  277
e  184  324  956
e  184  292  643
e  185  211  652
e  186  201  295
e  187  192  77
e  187  188  968
e  188  193  77
e  188  203  81
e  189  250  452
e  189  258  168
e  190  212  728
e  191  215  490
e  191  273  334
e  192  196  233
e  192  193  968
e  193  199  233
e  193  210  81
e  194  262  264
e  194  214  272
e  194  206  685
e  195  203  510
e  196  200  513
e  196  199  968
e  197  226  427
e  197  259  956
e  198  208  520
e  198  207  449
e  199  204  513
e  199  224  81
e  200  225  526
e  200  204  968
e  201  229  469
e  202  272  566
e  202  433  147
e  203  210  77
e  204  233  526
e  204  266  39
e  204  237  81
e  205  238  425
e  205  247  821
e  205  275  652
e  206  212  272
e  207  216  520
e  207  235  256
e  207  215  827
e  208  218  256
e  208  216  449
e  209  223  77
e  209  220  911
e  210  224  233
e  210  221  39
e  211  227  801
e  211  317  7
e  211  306  389
e  212  214  685
e  212  295  490
e  212  328  256
e  212  346  310
e  212  243  117
e  213  299  77
e  213  255  477
e  214  283  490
e  215  244  256
e  215  278  334
e  216  231  256
e  217  218  496
e  217  232  449
e  218  231  449
e  219  236  203
e  220  239  77
e  220  256  445
e  221  222  594
e  221  240  233
e  221  257  911
e  222  223  510
e  222  246  911
e  223  239  911
e  224  237  513
e  224  240  39
e  225  259  858
e  225  233  968
e  226  279  956
e  227  275  7
e  228  374  295
e  228  250  658
e  229  230  970
e  229  401  181
e  229  788  956
e  229  500  672
e  230  400  672
e  230  364  694
e  231  232  496
e  231  249  827
e  231  235  520
e  232  285  399
e  232  326  587
e  232  251  827
e  233  270  858
e  233  277  39
e  234  421  792
e  234  1090  77
e  234  645  953
e  235  244  827
e  236  245  655
e  236  261  739
e  237  252  39
e  238  241  821
e  239  246  510
e  239  260  445
e  240  252  513
e  240  274  911
e  241  258  10
e  241  247  425
e  242  248  566
e  243  311  310
e  244  249  520
e  244  254  496
e  244  284  334
e  245  267  739
e  246  257  594
e  246  265  445
e  247  271  10
e  247  298  652
e  248  276  310
e  248  253  780
e  249  251  496
e  250  413  295
e  250  308  168
e  251  327  587
e  251  330  334
e  251  254  520
e  252  266  81
e  252  291  526
e  252  290  911
e  253  272  310
e  254  305  334
e  255  358  77
e  255  314  997
e  256  260  77
e  257  274  233
e  257  289  445
e  258  308  452
e  258  355  652
e  258  271  425
e  259  279  427
e  259  270  968
e  260  265  510
e  260  264  508
e  261  267  655
e  261  263  997
e  262  273  159
e  263  269  655
e  263  322  449
e  264  288  510
e  264  299  358
e  265  289  594
e  265  315  358
e  265  288  508
e  266  277  526
e  267  269  997
e  268  280  792
e  269  287  203
e  269  336  488
e  269  333  449
e  270  297  427
e  270  294  39
e  271  307  652
e  272  276  780
e  272  379  728
e  272  580  147
e  273  278  490
e  274  290  513
e  274  303  445
e  275  298  821
e  275  317  801
e  276  304  863
e  276  319  728
e  277  294  858
e  277  291  81
e  278  284  256
e  278  281  272
e  279  300  161
e  279  297  968
e  280  433  352
e  280  425  920
e  280  378  537
e  281  282  264
e  281  293  256
e  282  283  159
e  282  296  256
e  283  295  685
e  284  305  496
e  284  293  272
e  285  320  431
e  285  323  587
e  286  287  739
e  286  314  488
e  287  318  488
e  288  309  358
e  289  303  233
e  289  334  358
e  290  341  526
e  290  348  858
e  290  321  445
e  291  310  858
e  291  341  911
e  292  316  956
e  293  313  496
e  293  312  685
e  293  296  264
e  294  325  427
e  294  310  81
e  295  302  256
e  296  301  685
e  297  342  161
e  297  349  122
e  297  325  39
e  298  307  10
e  298  343  801
e  299  309  510
e  299  358  477
e  300  316  122
e  300  342  968
e  301  302  159
e  301  312  264
e  301  338  496
e  302  381  496
e  302  376  310
e  302  328  490
e  303  321  513
e  303  340  358
e  304  311  728
e  305  330  520
e  305  313  272
e  306  350  7
e  306  353  956
e  307  355  425
e  307  397  956
e  307  351  801
e  308  440  295
e  308  499  956
e  308  399  652
e  309  315  508
e  309  422  997
e  309  389  477
e  310  362  427
e  310  344  911
e  311  346  117
e  311  319  863
e  312  329  496
e  313  335  520
e  313  329  685
e  314  377  77
e  314  318  739
e  315  334  594
e  315  390  233
e  315  431  997
e  316  324  643
e  316  345  968
e  317  343  821
e  317  350  389
e  318  388  77
e  318  386  827
e  318  336  203
e  319  380  117
e  319  414  256
e  319  379  780
e  320  322  587
e  321  372  858
e  321  352  358
e  322  333  655
e  322  331  827
e  322  323  431
e  323  326  399
e  324  353  277
e  324  363  968
e  325  359  122
e  325  362  81
e  326  327  827
e  327  332  431
e  327  347  655
e  327  366  334
e  328  371  310
e  329  361  520
e  329  411  587
e  329  338  264
e  330  366  587
e  330  335  272
e  331  332  399
e  331  337  655
e  332  339  655
e  333  357  488
e  333  337  827
e  334  340  233
e  335  369  587
e  335  361  685
e  336  357  449
e  337  360  488
e  337  339  399
e  338  424  587
e  338  423  310
e  338  381  159
e  339  367  488
e  339  347  431
e  340  352  513
e  340  457  997
e  340  390  594
e  341  344  858
e  342  345  122
e  343  351  10
e  343  354  389
e  344  418  427
e  344  391  358
e  344  348  526
e  345  363  643
e  345  368  39
e  345  349  161
e  346  371  256
e  346  380  863
e  347  385  488
e  347  383  272
e  348  372  445
e  349  359  39
e  350  354  821
e  350  365  956
e  351  356  389
e  352  375  858
e  352  470  997
e  353  365  7
e  353  396  10
e  353  394  968
e  354  356  10
e  354  370  956
e  355  399  452
e  356  373  956
e  357  360  827
e  358  389  510
e  358  377  997
e  359  368  161
e  359  446  10
e  359  444  81
e  360  387  203
e  360  367  399
e  361  382  587
e  362  444  122
e  362  461  358
e  362  418  911
e  363  394  277
e  363  393  39
e  364  374  672
e  365  370  821
e  366  369  272
e  367  416  203
e  367  455  77
e  367  434  272
e  367  385  431
e  368  393  643
e  368  430  10
e  369  384  655
e  369  382  685
e  370  373  10
e  371  376  490
e  371  405  863
e  372  375  358
e  373  398  801
e  373  407  968
e  373  395  7
e  374  400  694
e  374  571  970
e  374  546  168
e  374  413  658
e  375  392  526
e  375  485  997
e  376  415  496
e  376  426  863
e  377  402  510
e  377  388  739
e  378  421  920
e  379  536  256
e  379  598  147
e  380  405  256
e  381  415  310
e  382  420  655
e  382  448  264
e  382  411  520
e  383  384  334
e  383  408  488
e  384  409  488
e  384  420  685
e  385  408  272
e  386  387  449
e  386  427  77
e  387  429  77
e  387  416  399
e  388  417  510
e  388  427  827
e  389  402  997
e  390  454  997
e  391  392  445
e  391  435  427
e  392  471  427
e  392  532  997
e  393  406  277
e  393  428  10
e  394  403  10
e  394  406  39
e  395  396  821
e  395  404  968
e  396  403  968
e  397  398  389
e  397  439  452
e  398  477  452
e  398  453  968
e  399  438  956
e  400  500  970
e  401  942  956
e  402  422  477
e  402  443  508
e  402  417  739
e  403  404  821
e  403  410  39
e  404  407  7
e  404  412  39
e  405  426  490
e  405  414  117
e  406  410  10
e  407  453  801
e  407  419  39
e  408  434  431
e  408  409  334
e  409  442  431
e  409  489  77
e  409  432  685
e  410  412  821
e  410  428  277
e  411  424  264
e  412  419  7
e  412  436  643
e  413  440  168
e  414  458  490
e  414  536  780
e  415  423  159
e  415  475  587
e  415  487  863
e  416  441  77
e  417  450  508
e  417  447  827
e  418  435  358
e  419  456  801
e  419  545  452
e  419  559  358
e  419  452  643
e  420  432  488
e  420  459  264
e  421  425  537
e  421  1031  256
e  421  1044  488
e  421  1063  77
e  422  431  508
e  423  445  587
e  424  448  520
e  424  445  310
e  425  612  352
e  425  1004  256
e  426  487  496
e  426  537  587
e  426  458  117
e  427  447  510
e  427  429  449
e  428  430  643
e  429  449  510
e  429  441  399
e  430  437  821
e  430  446  161
e  431  454  233
e  431  460  739
e  431  443  477
e  432  501  77
e  432  476  310
e  432  468  264
e  433  580  566
e  433  646  728
e  433  612  920
e  434  463  77
e  434  442  334
e  435  461  911
e  435  494  122
e  435  516  10
e  435  471  445
e  436  437  277
e  436  452  7
e  436  462  161
e  437  451  161
e  438  439  425
e  438  499  652
e  438  590  295
e  438  506  39
e  439  497  39
e  439  477  389
e  440  546  658
e  440  596  970
e  440  549  956
e  441  464  510
e  441  479  272
e  441  455  203
e  442  469  77
e  443  450  739
e  444  472  10
e  444  481  358
e  445  465  520
e  445  467  655
e  445  488  488
e  445  475  159
e  446  451  821
e  446  472  81
e  447  484  508
e  447  449  449
e  448  459  655
e  448  465  310
e  449  491  508
e  449  464  399
e  450  460  477
e  450  492  233
e  450  484  827
e  451  462  277
e  451  496  7
e  451  482  81
e  452  554  358
e  452  473  161
e  453  483  452
e  453  456  39
e  454  457  594
e  454  480  739
e  455  463  272
e  456  486  452
e  457  470  513
e  457  493  739
e  458  588  587
e  458  648  780
e  459  468  488
e  459  466  310
e  460  480  233
e  461  481  122
e  462  473  7
e  463  479  203
e  463  469  334
e  464  522  508
e  464  502  272
e  465  466  655
e  466  474  488
e  466  467  520
e  467  478  488
e  468  474  310
e  469  490  203
e  469  521  510
e  469  514  685
e  469  489  431
e  470  485  858
e  470  505  739
e  471  541  10
e  471  568  997
e  472  482  821
e  472  495  358
e  473  544  358
e  473  511  81
e  473  496  277
e  474  476  264
e  474  557  77
e  474  478  520
e  475  538  488
e  475  512  863
e  476  530  77
e  477  483  968
e  478  581  77
e  478  561  863
e  478  488  655
e  479  502  510
e  479  490  334
e  480  493  594
e  480  492  477
e  481  495  10
e  481  494  911
e  482  507  7
e  482  503  358
e  483  486  39
e  484  510  233
e  484  491  449
e  485  532  526
e  485  513  739
e  486  498  389
e  486  525  425
e  486  603  358
e  486  545  801
e  487  512  587
e  488  555  863
e  488  538  159
e  489  501  685
e  490  509  510
e  491  518  233
e  491  522  399
e  492  515  594
e  492  510  827
e  493  505  513
e  493  523  827
e  493  515  477
e  494  504  10
e  495  503  821
e  495  504  911
e  496  507  81
e  497  498  968
e  497  506  425
e  498  508  425
e  499  549  295
e  500  777  956
e  500  586  168
e  500  571  694
e  501  514  431
e  501  551  510
e  501  530  310
e  502  548  508
e  502  509  334
e  503  520  7
e  503  517  911
e  504  517  821
e  504  516  122
e  505  513  858
e  505  526  827
e  506  600  295
e  506  508  968
e  507  511  277
e  507  520  358
e  508  617  295
e  508  525  389
e  509  558  508
e  509  552  685
e  509  521  203
e  510  519  594
e  510  518  449
e  511  524  358
e  512  547  488
e  512  537  496
e  513  573  526
e  513  527  827
e  514  534  510
e  515  519  827
e  516  542  821
e  516  541  445
e  517  543  7
e  517  569  445
e  517  542  122
e  518  528  594
e  518  550  399
e  519  523  477
e  519  529  513
e  519  528  449
e  520  524  277
e  520  543  911
e  521  534  685
e  522  550  233
e  522  548  272
e  523  526  513
e  524  544  81
e  524  570  161
e  524  622  452
e  524  553  911
e  525  692  295
e  525  634  358
e  526  527  858
e  526  529  477
e  527  574  526
e  527  540  449
e  527  531  477
e  528  533  513
e  528  539  858
e  528  562  399
e  529  531  858
e  529  533  449
e  530  560  510
e  530  557  264
e  531  535  449
e  532  568  427
e  532  583  827
e  532  573  739
e  533  535  858
e  534  552  203
e  534  572  310
e  534  551  431
e  535  540  477
e  535  567  399
e  535  539  513
e  536  648  490
e  536  728  587
e  536  647  147
e  537  613  488
e  537  588  117
e  538  547  863
e  539  563  399
e  540  591  526
e  540  608  399
e  541  556  821
e  541  579  997
e  542  556  445
e  543  553  277
e  543  595  445
e  544  554  161
e  545  585  358
e  546  575  970
e  547  555  159
e  547  564  655
e  547  649  117
e  547  613  496
e  548  565  233
e  548  558  334
e  549  672  970
e  549  618  39
e  549  590  652
e  550  562  594
e  550  566  858
e  550  565  272
e  551  560  310
e  552  593  508
e  552  587  310
e  553  631  452
e  553  667  997
e  553  621  445
e  554  559  643
e  554  570  81
e  555  561  655
e  556  569  122
e  556  592  997
e  557  610  510
e  557  581  520
e  558  577  233
e  558  593  685
e  559  585  452
e  559  584  81
e  560  572  431
e  560  653  508
e  560  610  264
e  561  605  77
e  561  564  159
e  562  563  858
e  563  567  513
e  563  578  272
e  563  566  594
e  564  632  77
e  564  699  117
e  565  576  858
e  565  577  334
e  566  576  272
e  567  608  477
e  567  582  272
e  568  579  10
e  568  599  827
e  569  595  7
e  569  611  997
e  570  584  643
e  570  616  452
e  571  575  168
e  572  587  203
e  573  574  827
e  574  583  739
e  574  604  427
e  574  609  10
e  574  591  449
e  575  586  694
e  575  596  658
e  576  578  594
e  576  589  334
e  577  589  858
e  577  619  685
e  578  582  513
e  578  594  334
e  579  592  821
e  579  601  827
e  580  598  728
e  581  605  863
e  582  626  477
e  582  597  334
e  583  599  427
e  584  602  452
e  585  603  801
e  585  602  81
e  586  698  956
e  586  673  658
e  587  607  508
e  588  629  488
e  588  686  780
e  589  594  594
e  589  624  685
e  590  600  39
e  591  614  10
e  591  633  399
e  592  611  122
e  592  615  827
e  593  619  233
e  593  607  310
e  594  597  513
e  594  635  685
e  595  621  277
e  595  623  997
e  596  673  694
e  596  672  956
e  597  659  10
e  597  656  310
e  597  636  685
e  598  647  256
e  598  785  920
e  598  646  566
e  599  601  10
e  599  604  739
e  600  618  652
e  600  617  968
e  601  615  821
e  601  606  739
e  602  670  801
e  602  668  911
e  602  616  643
e  603  634  425
e  603  670  81
e  604  606  10
e  605  651  510
e  605  632  159
e  606  625  821
e  606  620  449
e  606  609  427
e  607  627  233
e  607  654  858
e  607  652  431
e  608  633  526
e  608  626  272
e  609  614  449
e  610  718  508
e  610  650  863
e  611  623  7
e  611  639  827
e  612  755  728
e  612  914  256
e  613  629  117
e  614  620  427
e  614  643  399
e  615  639  122
e  615  625  739
e  616  622  161
e  617  671  652
e  617  697  358
e  617  692  389
e  618  735  970
e  618  671  968
e  619  624  858
e  619  627  310
e  620  628  821
e  621  637  997
e  622  631  911
e  623  637  277
e  623  642  827
e  624  635  594
e  624  630  310
e  625  628  449
e  626  638  526
e  627  630  858
e  628  665  7
e  628  660  272
e  629  649  496
e  629  724  77
e  629  714  780
e  630  640  594
e  630  655  513
e  630  691  431
e  630  654  233
e  631  669  643
e  631  675  997
e  632  717  510
e  632  705  117
e  633  643  10
e  633  638  272
e  634  695  295
e  634  701  81
e  635  636  513
e  635  640  310
e  636  641  310
e  637  667  445
e  637  682  452
e  637  666  827
e  638  644  10
e  639  642  7
e  640  641  513
e  641  656  685
e  641  683  10
e  641  737  431
e  641  655  594
e  642  666  277
e  642  663  449
e  643  644  272
e  644  662  821
e  644  657  334
e  645  1160  77
e  646  755  920
e  647  742  587
e  647  816  488
e  647  790  920
e  648  686  587
e  649  699  655
e  649  715  77
e  650  651  520
e  650  747  508
e  650  769  858
e  651  813  858
e  651  717  159
e  652  653  203
e  652  681  858
e  653  690  858
e  653  718  264
e  654  681  431
e  655  729  431
e  656  679  10
e  657  658  477
e  657  674  821
e  658  659  526
e  658  680  821
e  658  689  310
e  659  679  310
e  660  661  399
e  660  685  7
e  661  662  427
e  661  693  7
e  661  677  334
e  662  674  334
e  663  664  739
e  663  676  277
e  664  665  122
e  664  678  277
e  664  694  272
e  665  685  272
e  666  684  452
e  666  676  449
e  667  675  452
e  668  669  161
e  668  710  801
e  668  723  997
e  669  719  997
e  670  701  425
e  670  710  911
e  671  776  970
e  671  829  358
e  672  688  694
e  672  735  39
e  673  688  956
e  674  677  427
e  674  680  477
e  675  719  643
e  675  687  827
e  675  682  445
e  676  709  452
e  676  678  739
e  677  711  7
e  677  712  310
e  677  700  477
e  678  716  452
e  678  713  272
e  679  689  526
e  679  683  685
e  680  700  427
e  680  696  310
e  681  691  233
e  681  690  203
e  682  684  827
e  683  702  526
e  683  707  821
e  683  760  431
e  684  687  445
e  684  709  449
e  685  694  122
e  685  693  399
e  686  714  488
e  686  745  147
e  686  728  490
e  687  727  643
e  687  732  449
e  688  698  658
e  688  800  39
e  689  696  821
e  689  702  685
e  690  706  233
e  690  726  264
e  691  729  513
e  691  706  203
e  692  695  358
e  693  703  122
e  693  711  334
e  694  713  277
e  694  703  399
e  695  697  389
e  695  799  827
e  695  765  81
e  696  708  427
e  696  704  685
e  697  829  652
e  697  900  970
e  697  849  827
e  698  777  168
e  698  831  672
e  698  830  39
e  699  705  77
e  700  708  310
e  701  765  295
e  701  775  827
e  701  759  997
e  701  740  911
e  702  704  821
e  703  722  277
e  703  720  334
e  704  721  427
e  704  866  7
e  704  876  431
e  704  707  526
e  705  803  510
e  705  862  147
e  705  746  496
e  705  715  655
e  706  757  513
e  706  741  264
e  707  796  431
e  708  712  477
e  708  721  685
e  709  732  445
e  709  716  739
e  710  740  425
e  710  734  997
e  711  720  122
e  711  725  310
e  712  725  7
e  712  738  685
e  713  731  452
e  713  722  399
e  714  768  77
e  714  752  147
e  715  724  496
e  716  773  445
e  716  731  272
e  717  874  858
e  717  803  117
e  718  726  858
e  718  747  863
e  719  723  161
e  719  727  827
e  720  730  277
e  720  736  310
e  721  738  477
e  721  748  7
e  722  744  452
e  722  730  334
e  723  734  801
e  723  733  827
e  724  746  655
e  724  768  780
e  725  736  122
e  725  743  685
e  726  741  233
e  726  753  863
e  727  733  161
e  727  758  449
e  728  742  147
e  729  737  594
e  729  757  203
e  730  751  452
e  730  749  310
e  731  783  445
e  731  825  801
e  731  822  310
e  731  744  399
e  732  758  643
e  732  773  739
e  733  739  801
e  733  764  449
e  734  750  425
e  734  739  827
e  735  800  694
e  735  776  968
e  736  749  277
e  736  761  685
e  737  760  10
e  737  771  203
e  738  743  7
e  739  754  425
e  739  767  449
e  740  750  997
e  741  770  513
e  741  766  863
e  742  745  490
e  742  756  488
e  743  761  122
e  743  748  477
e  744  751  334
e  745  752  488
e  746  850  147
e  746  817  780
e  747  753  858
e  748  787  122
e  748  886  452
e  748  897  863
e  748  885  431
e  748  866  427
e  749  762  452
e  749  772  685
e  750  759  911
e  750  754  827
e  751  762  310
e  752  793  77
e  752  756  490
e  753  766  233
e  753  818  520
e  753  769  508
e  754  763  911
e  754  791  295
e  754  780  449
e  755  785  566
e  755  792  256
e  756  855  77
e  756  873  920
e  756  816  587
e  757  771  594
e  757  770  264
e  758  764  161
e  758  774  801
e  758  797  272
e  759  763  827
e  760  796  821
e  760  795  264
e  760  781  203
e  761  772  277
e  761  787  477
e  762  823  399
e  762  837  801
e  762  789  685
e  763  775  997
e  763  779  295
e  764  767  801
e  765  778  827
e  766  794  513
e  766  805  10
e  766  856  520
e  767  780  425
e  767  807  272
e  767  774  161
e  768  817  655
e  768  793  147
e  769  813  520
e  770  782  594
e  770  786  10
e  770  794  863
e  771  781  10
e  771  782  264
e  772  789  452
e  772  810  477
e  773  783  272
e  774  802  272
e  775  778  295
e  776  879  694
e  776  854  358
e  777  788  672
e  778  799  81
e  778  779  997
e  779  809  81
e  779  828  449
e  779  791  911
e  780  808  295
e  780  812  272
e  781  784  264
e  782  784  10
e  783  798  643
e  784  795  203
e  784  806  863
e  784  786  594
e  785  790  256
e  786  801  863
e  787  810  277
e  787  867  452
e  788  942  181
e  788  957  39
e  788  831  168
e  789  890  801
e  789  898  295
e  789  821  477
e  790  861  488
e  790  792  566
e  791  808  449
e  792  915  488
e  792  914  728
e  793  836  655
e  793  916  920
e  793  855  490
e  794  801  10
e  795  815  821
e  796  876  526
e  796  865  863
e  796  815  264
e  797  798  739
e  797  802  801
e  798  804  801
e  799  849  389
e  799  809  997
e  800  830  658
e  800  879  968
e  801  806  594
e  801  864  821
e  801  805  513
e  802  807  161
e  802  804  739
e  803  936  858
e  803  872  147
e  804  811  161
e  804  826  425
e  804  839  310
e  804  824  445
e  805  895  821
e  805  860  520
e  806  820  821
e  807  812  425
e  807  811  739
e  808  828  911
e  808  827  272
e  809  871  389
e  809  858  449
e  810  821  452
e  811  814  425
e  812  827  295
e  812  814  739
e  813  818  508
e  813  904  10
e  813  874  159
e  814  834  295
e  814  844  310
e  814  826  161
e  815  819  863
e  816  861  920
e  817  836  147
e  818  856  233
e  818  863  10
e  819  820  203
e  819  865  264
e  819  888  7
e  820  919  7
e  820  918  520
e  820  864  594
e  821  964  295
e  821  923  863
e  821  867  277
e  822  823  334
e  822  832  801
e  823  835  801
e  824  825  643
e  824  833  310
e  825  832  310
e  826  841  310
e  827  870  911
e  827  878  310
e  827  834  739
e  828  858  81
e  828  870  272
e  829  854  970
e  830  932  672
e  830  931  968
e  831  932  39
e  832  833  643
e  832  835  334
e  833  839  445
e  833  838  334
e  834  848  310
e  835  838  643
e  835  837  399
e  836  850  780
e  836  880  510
e  837  840  643
e  837  868  425
e  837  887  295
e  837  890  685
e  838  842  445
e  838  840  399
e  839  841  425
e  839  842  334
e  840  846  425
e  841  844  161
e  841  843  334
e  842  843  425
e  843  847  161
e  843  845  399
e  844  848  295
e  844  847  334
e  845  846  445
e  845  851  161
e  845  857  295
e  846  859  295
e  846  868  643
e  847  852  295
e  847  851  399
e  848  878  739
e  848  852  334
e  849  912  970
e  849  871  997
e  850  862  496
e  850  875  510
e  851  853  295
e  852  928  911
e  852  853  399
e  853  947  911
e  853  926  685
e  853  869  445
e  853  857  161
e  854  939  694
e  854  930  827
e  854  900  652
e  855  901  920
e  856  860  10
e  857  859  445
e  858  899  389
e  858  893  272
e  859  869  161
e  859  902  685
e  859  877  643
e  860  905  821
e  860  917  159
e  860  863  233
e  861  873  587
e  861  915  566
e  862  872  510
e  863  907  159
e  863  904  508
e  864  908  520
e  864  895  513
e  865  884  7
e  866  881  431
e  867  886  122
e  868  877  295
e  869  909  685
e  870  893  81
e  870  903  310
e  871  933  970
e  871  899  449
e  872  950  858
e  872  962  10
e  872  882  780
e  872  875  496
e  873  901  77
e  873  945  566
e  874  906  10
e  874  936  117
e  875  880  780
e  876  881  7
e  877  894  685
e  877  887  425
e  878  903  911
e  879  931  658
e  879  939  358
e  880  882  496
e  880  1007  10
e  880  960  920
e  881  885  427
e  881  883  863
e  882  982  10
e  883  884  526
e  883  889  427
e  883  891  264
e  884  888  264
e  885  889  863
e  886  913  863
e  887  892  685
e  888  891  526
e  888  920  427
e  888  919  203
e  889  897  431
e  889  896  264
e  890  892  295
e  891  896  427
e  892  894  425
e  892  898  801
e  893  911  389
e  893  910  310
e  894  902  643
e  894  1033  863
e  894  1013  477
e  894  925  801
e  895  905  520
e  896  922  452
e  896  954  203
e  896  920  526
e  897  913  452
e  898  925  425
e  898  964  477
e  899  943  970
e  899  911  272
e  900  912  827
e  901  916  490
e  901  1006  510
e  901  951  566
e  902  909  161
e  902  1054  863
e  903  910  81
e  903  927  334
e  904  906  159
e  905  908  513
e  905  934  159
e  906  907  508
e  906  944  117
e  907  917  233
e  907  953  821
e  908  918  594
e  908  963  159
e  909  926  445
e  909  1112  970
e  909  1073  863
e  910  929  389
e  910  941  334
e  911  948  970
e  911  929  310
e  912  930  652
e  912  933  997
e  913  924  277
e  913  921  264
e  914  992  488
e  914  1004  352
e  915  945  587
e  915  959  77
e  915  992  728
e  916  961  510
e  917  934  821
e  918  975  7
e  918  984  159
e  919  946  427
e  919  988  452
e  919  975  520
e  920  946  203
e  921  922  431
e  921  935  277
e  922  938  277
e  922  966  203
e  923  924  122
e  923  985  295
e  923  937  264
e  924  935  264
e  925  995  477
e  926  996  911
e  926  1014  389
e  926  1038  970
e  927  928  739
e  927  941  81
e  928  955  81
e  928  947  399
e  929  956  970
e  929  949  334
e  930  980  694
e  930  993  310
e  930  958  997
e  931  1040  672
e  931  981  358
e  932  957  168
e  932  1082  827
e  932  1040  968
e  933  958  652
e  933  943  449
e  934  963  513
e  934  983  147
e  934  953  233
e  935  937  122
e  935  938  431
e  936  944  10
e  936  950  147
e  937  1002  295
e  937  940  431
e  938  940  122
e  938  994  203
e  939  981  658
e  939  980  827
e  940  1024  295
e  940  1011  203
e  941  949  389
e  941  955  739
e  942  997  469
e  942  1030  39
e  943  967  652
e  943  948  272
e  944  952  147
e  945  951  77
e  946  954  526
e  946  976  452
e  947  968  81
e  947  977  389
e  947  996  685
e  948  970  652
e  948  956  310
e  949  978  970
e  949  965  739
e  950  952  10
e  951  1076  510
e  951  1085  537
e  951  1065  728
e  951  959  587
e  952  974  821
e  952  986  780
e  952  962  858
e  953  972  147
e  954  966  452
e  955  965  389
e  955  968  399
e  956  971  652
e  956  978  334
e  957  1030  181
e  957  1105  827
e  958  990  310
e  958  967  449
e  959  1005  728
e  960  961  655
e  960  1022  10
e  960  1098  490
e  961  1006  490
e  962  982  780
e  963  984  594
e  963  1001  147
e  964  995  425
e  964  985  863
e  965  989  970
e  965  969  399
e  966  994  277
e  966  1032  520
e  966  976  526
e  967  979  310
e  967  970  272
e  968  969  389
e  969  991  970
e  969  977  81
e  970  971  310
e  971  979  272
e  971  1021  694
e  971  1018  334
e  972  973  117
e  972  983  233
e  973  974  508
e  973  987  233
e  973  1041  780
e  974  1008  780
e  975  999  452
e  975  1009  159
e  976  1010  520
e  976  988  427
e  977  998  685
e  978  1018  652
e  978  1017  399
e  978  989  739
e  979  990  449
e  980  1000  658
e  980  1003  310
e  981  1059  672
e  981  1000  827
e  982  986  858
e  982  1027  920
e  982  1007  496
e  983  1001  513
e  983  987  117
e  984  1009  7
e  984  1023  147
e  985  1012  425
e  985  1002  264
e  986  1008  821
e  986  1037  920
e  987  1028  513
e  987  1048  780
e  988  999  520
e  989  991  399
e  990  993  997
e  991  1017  739
e  991  1058  652
e  991  1015  685
e  992  1005  77
e  992  1026  352
e  993  1003  694
e  994  1011  122
e  994  1050  520
e  995  1013  801
e  995  1012  863
e  996  998  389
e  997  1147  891
e  997  1204  310
e  997  1106  39
e  998  1016  970
e  998  1014  911
e  999  1010  427
e  999  1043  159
e  1000  1062  672
e  1000  1039  310
e  1001  1023  594
e  1001  1028  117
e  1002  1053  425
e  1002  1024  431
e  1003  1039  658
e  1003  1019  272
e  1004  1026  488
e  1004  1031  537
e  1005  1065  587
e  1005  1064  537
e  1005  1036  352
e  1006  1098  655
e  1006  1110  10
e  1006  1076  566
e  1007  1022  920
e  1008  1041  508
e  1008  1047  920
e  1009  1043  452
e  1009  1034  147
e  1010  1032  526
e  1010  1068  147
e  1011  1083  295
e  1011  1070  520
e  1012  1025  801
e  1012  1053  264
e  1013  1025  863
e  1014  1029  970
e  1015  1016  81
e  1015  1074  652
e  1016  1029  911
e  1017  1051  652
e  1018  1056  694
e  1018  1051  399
e  1019  1020  449
e  1019  1046  658
e  1020  1021  997
e  1020  1055  658
e  1021  1060  658
e  1021  1056  334
e  1022  1027  496
e  1022  1045  858
e  1022  1126  821
e  1022  1109  490
e  1023  1034  7
e  1023  1057  117
e  1024  1088  425
e  1024  1157  147
e  1024  1083  203
e  1025  1033  477
e  1025  1089  643
e  1025  1071  264
e  1026  1036  77
e  1026  1035  537
e  1027  1037  858
e  1028  1057  594
e  1028  1067  7
e  1028  1087  780
e  1029  1179  863
e  1029  1038  389
e  1030  1106  469
e  1030  1143  310
e  1030  1115  827
e  1031  1035  488
e  1032  1050  277
e  1032  1081  147
e  1033  1054  643
e  1034  1049  452
e  1034  1061  117
e  1035  1042  77
e  1035  1044  256
e  1036  1042  537
e  1037  1047  821
e  1037  1045  496
e  1038  1153  863
e  1038  1112  445
e  1039  1077  672
e  1039  1046  272
e  1040  1072  827
e  1040  1059  358
e  1041  1048  233
e  1041  1079  920
e  1042  1064  352
e  1042  1078  587
e  1042  1125  792
e  1042  1052  256
e  1043  1049  147
e  1044  1052  77
e  1045  1066  821
e  1046  1102  672
e  1046  1055  449
e  1047  1079  508
e  1047  1066  496
e  1048  1087  513
e  1048  1086  920
e  1049  1069  427
e  1049  1080  117
e  1050  1070  122
e  1050  1084  147
e  1051  1091  694
e  1051  1058  739
e  1052  1093  792
e  1052  1063  488
e  1053  1071  801
e  1053  1088  431
e  1054  1073  161
e  1054  1089  477
e  1055  1117  672
e  1055  1060  997
e  1056  1095  658
e  1056  1091  399
e  1057  1061  7
e  1058  1101  694
e  1058  1074  685
e  1059  1062  827
e  1060  1131  672
e  1060  1095  334
e  1061  1080  452
e  1061  1067  594
e  1062  1072  358
e  1062  1077  310
e  1063  1090  792
e  1064  1075  587
e  1065  1075  537
e  1066  1170  508
e  1066  1231  452
e  1066  1228  566
e  1066  1192  490
e  1066  1126  858
e  1067  1116  452
e  1067  1099  780
e  1068  1069  159
e  1068  1081  526
e  1069  1092  526
e  1069  1100  277
e  1069  1127  117
e  1070  1107  295
e  1070  1096  147
e  1071  1123  643
e  1071  1111  431
e  1072  1082  968
e  1073  1133  970
e  1073  1151  264
e  1074  1108  694
e  1075  1085  728
e  1075  1078  352
e  1076  1134  10
e  1076  1148  537
e  1077  1104  968
e  1077  1142  181
e  1077  1102  272
e  1078  1097  728
e  1078  1190  510
e  1078  1149  792
e  1079  1086  233
e  1079  1170  496
e  1080  1127  427
e  1080  1161  920
e  1080  1121  780
e  1080  1116  594
e  1081  1084  277
e  1081  1092  159
e  1082  1105  168
e  1082  1103  310
e  1083  1136  147
e  1083  1107  520
e  1084  1096  122
e  1084  1094  159
e  1085  1148  510
e  1085  1097  352
e  1086  1113  513
e  1086  1138  7
e  1086  1178  496
e  1087  1099  7
e  1087  1113  920
e  1088  1111  801
e  1088  1177  147
e  1089  1123  264
e  1090  1093  488
e  1090  1160  953
e  1091  1140  658
e  1091  1128  685
e  1091  1101  739
e  1092  1094  277
e  1093  1125  256
e  1093  1180  953
e  1094  1122  122
e  1094  1150  117
e  1094  1100  526
e  1095  1155  672
e  1095  1140  399
e  1096  1118  295
e  1096  1122  159
e  1097  1163  510
e  1098  1109  10
e  1099  1119  452
e  1099  1120  920
e  1100  1139  117
e  1101  1108  685
e  1102  1144  181
e  1102  1117  449
e  1103  1104  358
e  1103  1114  168
e  1104  1129  168
e  1105  1115  181
e  1105  1114  310
e  1106  1156  310
e  1107  1118  147
e  1108  1128  739
e  1108  1162  658
e  1108  1244  863
e  1109  1169  821
e  1109  1168  566
e  1109  1110  655
e  1110  1134  566
e  1111  1186  643
e  1111  1198  147
e  1112  1133  863
e  1113  1120  7
e  1114  1124  181
e  1114  1129  358
e  1115  1124  310
e  1116  1119  780
e  1117  1158  181
e  1117  1131  997
e  1118  1136  520
e  1118  1206  425
e  1118  1137  159
e  1119  1121  594
e  1119  1130  920
e  1120  1130  452
e  1120  1138  513
e  1121  1135  920
e  1122  1137  295
e  1122  1164  117
e  1123  1152  161
e  1123  1186  431
e  1124  1143  827
e  1124  1159  469
e  1124  1174  272
e  1124  1132  358
e  1125  1149  587
e  1126  1169  490
e  1127  1139  277
e  1127  1166  920
e  1128  1154  658
e  1129  1132  181
e  1130  1135  594
e  1130  1276  295
e  1130  1232  496
e  1130  1171  513
e  1131  1182  181
e  1131  1155  334
e  1132  1146  272
e  1132  1141  968
e  1133  1153  445
e  1133  1243  389
e  1133  1189  264
e  1134  1168  655
e  1134  1195  821
e  1134  1175  537
e  1135  1161  780
e  1135  1172  427
e  1135  1234  295
e  1136  1157  203
e  1136  1197  425
e  1137  1237  425
e  1137  1236  920
e  1137  1167  117
e  1138  1171  452
e  1138  1201  496
e  1139  1150  526
e  1139  1185  295
e  1139  1176  920
e  1140  1210  672
e  1140  1154  685
e  1141  1142  168
e  1141  1145  272
e  1142  1144  272
e  1143  1156  469
e  1144  1145  168
e  1144  1158  449
e  1145  1146  968
e  1145  1165  449
e  1146  1174  358
e  1146  1203  469
e  1146  1183  449
e  1147  1219  310
e  1148  1175  10
e  1148  1163  352
e  1149  1212  510
e  1149  1223  10
e  1149  1221  953
e  1150  1164  122
e  1150  1173  295
e  1151  1152  477
e  1151  1189  970
e  1152  1207  970
e  1153  1179  389
e  1154  1214  672
e  1154  1162  739
e  1155  1193  181
e  1155  1210  399
e  1156  1204  39
e  1156  1159  827
e  1157  1177  425
e  1158  1165  168
e  1158  1182  997
e  1159  1256  891
e  1159  1194  272
e  1160  1180  488
e  1160  1215  559
e  1161  1166  427
e  1162  1248  672
e  1162  1281  863
e  1163  1191  10
e  1163  1190  728
e  1164  1167  295
e  1165  1183  968
e  1165  1200  997
e  1166  1176  277
e  1166  1172  780
e  1167  1196  920
e  1167  1173  122
e  1168  1184  821
e  1169  1192  858
e  1169  1184  566
e  1170  1178  233
e  1171  1208  496
e  1172  1181  277
e  1173  1188  920
e  1173  1185  526
e  1174  1194  469
e  1175  1218  821
e  1175  1191  352
e  1176  1187  295
e  1176  1181  780
e  1177  1198  801
e  1177  1197  203
e  1178  1201  7
e  1179  1247  694
e  1179  1293  264
e  1179  1243  445
e  1180  1222  587
e  1180  1275  10
e  1180  1220  559
e  1181  1199  295
e  1182  1200  168
e  1182  1193  334
e  1183  1216  469
e  1184  1205  858
e  1184  1195  655
e  1185  1187  920
e  1186  1242  970
e  1186  1240  147
e  1187  1188  526
e  1187  1199  780
e  1188  1196  122
e  1188  1202  780
e  1189  1273  389
e  1189  1306  147
e  1189  1207  477
e  1190  1213  10
e  1190  1212  792
e  1191  1225  821
e  1191  1224  792
e  1191  1213  728
e  1192  1205  566
e  1193  1211  168
e  1193  1249  685
e  1194  1261  891
e  1194  1254  449
e  1194  1203  358
e  1195  1218  537
e  1196  1236  117
e  1196  1265  425
e  1196  1209  780
e  1197  1206  520
e  1198  1240  643
e  1198  1299  970
e  1198  1238  520
e  1199  1202  526
e  1199  1235  122
e  1199  1332  496
e  1199  1233  427
e  1200  1211  334
e  1201  1208  452
e  1202  1209  122
e  1203  1216  449
e  1204  1219  891
e  1205  1228  490
e  1205  1226  537
e  1206  1239  801
e  1206  1237  159
e  1207  1277  147
e  1207  1241  431
e  1208  1232  513
e  1208  1331  295
e  1208  1341  537
e  1208  1317  566
e  1208  1229  508
e  1209  1287  425
e  1209  1416  496
e  1209  1235  526
e  1210  1214  685
e  1211  1253  469
e  1211  1268  685
e  1212  1217  10
e  1213  1217  792
e  1214  1250  181
e  1214  1248  739
e  1215  1220  488
e  1215  1397  10
e  1216  1254  358
e  1216  1301  891
e  1216  1251  334
e  1217  1224  728
e  1217  1264  821
e  1217  1262  953
e  1217  1223  510
e  1218  1227  858
e  1218  1225  352
e  1219  1270  956
e  1219  1255  827
e  1220  1291  10
e  1221  1222  256
e  1221  1258  10
e  1222  1269  10
e  1223  1258  953
e  1224  1260  821
e  1225  1267  858
e  1225  1260  792
e  1226  1227  655
e  1226  1292  490
e  1226  1295  452
e  1226  1285  352
e  1227  1267  352
e  1228  1279  452
e  1228  1292  537
e  1229  1230  233
e  1229  1310  566
e  1230  1231  7
e  1230  1289  566
e  1231  1279  566
e  1232  1286  295
e  1233  1234  277
e  1233  1311  496
e  1234  1297  496
e  1234  1276  594
e  1235  1373  496
e  1236  1259  425
e  1237  1271  801
e  1237  1259  920
e  1238  1239  203
e  1238  1312  970
e  1238  1305  920
e  1239  1280  920
e  1239  1271  159
e  1240  1257  970
e  1241  1242  161
e  1241  1263  147
e  1242  1257  147
e  1243  1273  264
e  1244  1245  911
e  1244  1281  658
e  1245  1246  81
e  1245  1365  658
e  1246  1247  652
e  1246  1382  658
e  1246  1344  264
e  1247  1313  264
e  1248  1266  181
e  1248  1333  863
e  1249  1250  399
e  1249  1268  168
e  1250  1272  168
e  1250  1266  739
e  1251  1252  997
e  1251  1302  891
e  1252  1253  968
e  1252  1314  891
e  1252  1328  685
e  1253  1278  685
e  1254  1282  891
e  1255  1256  39
e  1255  1347  956
e  1255  1283  272
e  1256  1261  272
e  1257  1263  161
e  1257  1325  920
e  1257  1299  643
e  1258  1262  510
e  1258  1269  256
e  1259  1274  801
e  1259  1265  117
e  1260  1284  858
e  1260  1264  728
e  1261  1283  39
e  1261  1282  449
e  1262  1290  821
e  1262  1321  559
e  1262  1296  256
e  1263  1277  431
e  1263  1388  389
e  1263  1357  920
e  1264  1309  858
e  1264  1290  953
e  1265  1298  801
e  1265  1287  780
e  1266  1318  168
e  1266  1346  469
e  1266  1345  863
e  1267  1285  655
e  1267  1284  792
e  1268  1278  469
e  1268  1272  399
e  1269  1296  510
e  1269  1303  559
e  1269  1275  587
e  1270  2168  920
e  1270  2057  147
e  1270  1568  272
e  1270  1347  827
e  1271  1274  920
e  1272  1288  469
e  1272  1318  739
e  1273  1293  445
e  1273  1343  694
e  1273  1329  147
e  1274  1280  159
e  1274  1336  970
e  1274  1298  117
e  1275  1291  559
e  1276  1286  496
e  1277  1306  477
e  1277  1381  389
e  1278  1328  968
e  1278  1288  399
e  1279  1289  7
e  1279  1294  537
e  1280  1305  203
e  1280  1330  970
e  1281  1333  672
e  1281  1404  181
e  1281  1436  147
e  1281  1418  264
e  1281  1365  911
e  1282  1367  39
e  1282  1307  334
e  1282  1301  358
e  1283  1376  956
e  1283  1367  449
e  1284  1316  655
e  1284  1358  452
e  1284  1340  953
e  1284  1309  728
e  1285  1323  452
e  1285  1316  792
e  1286  1297  594
e  1286  1342  277
e  1286  1353  537
e  1286  1331  513
e  1287  1320  801
e  1287  1473  537
e  1287  1468  496
e  1288  1355  968
e  1288  1375  891
e  1288  1327  739
e  1289  1310  233
e  1289  1300  537
e  1290  1322  858
e  1290  1334  559
e  1291  1303  587
e  1291  1338  510
e  1291  1398  821
e  1291  1397  488
e  1292  1294  452
e  1293  1313  694
e  1294  1300  7
e  1294  1295  490
e  1295  1304  7
e  1295  1323  352
e  1296  1308  559
e  1297  1311  277
e  1298  1356  970
e  1298  1320  780
e  1299  1312  520
e  1300  1319  233
e  1300  1304  490
e  1301  1302  334
e  1302  1307  358
e  1302  1314  997
e  1303  1308  510
e  1304  1352  233
e  1304  1335  352
e  1305  1315  970
e  1306  1329  389
e  1307  1406  39
e  1307  1498  685
e  1307  1405  997
e  1308  1321  256
e  1308  1339  821
e  1308  1338  587
e  1309  1322  953
e  1310  1317  508
e  1310  1319  537
e  1311  1332  427
e  1311  1394  537
e  1311  1342  594
e  1312  1315  920
e  1313  1344  652
e  1313  1360  147
e  1313  1343  445
e  1314  1405  358
e  1314  1351  685
e  1315  1326  643
e  1315  1330  203
e  1316  1337  452
e  1317  1324  537
e  1318  1327  469
e  1319  1324  508
e  1319  1352  490
e  1320  1368  970
e  1320  1506  537
e  1321  1334  821
e  1322  1340  728
e  1322  1377  452
e  1322  1384  559
e  1323  1335  7
e  1323  1337  792
e  1324  1341  566
e  1324  1349  295
e  1324  1362  490
e  1325  1326  520
e  1325  1357  161
e  1326  1387  161
e  1326  1363  159
e  1327  1419  891
e  1327  1408  863
e  1327  1346  168
e  1328  1351  891
e  1328  1355  399
e  1329  1354  694
e  1329  1402  431
e  1329  1381  477
e  1330  1336  159
e  1331  1348  537
e  1332  1373  122
e  1332  1401  537
e  1333  1345  181
e  1334  1384  858
e  1334  1339  256
e  1335  1379  233
e  1335  1386  295
e  1335  1350  792
e  1336  1364  643
e  1336  1356  117
e  1337  1350  7
e  1337  1370  953
e  1337  1358  655
e  1338  1371  821
e  1339  1450  858
e  1339  1508  452
e  1339  1371  587
e  1340  1361  452
e  1341  1348  295
e  1342  1380  537
e  1343  1354  147
e  1344  1395  658
e  1344  1374  147
e  1345  1396  469
e  1345  1449  147
e  1345  1404  672
e  1346  1396  863
e  1347  1376  272
e  1348  1353  513
e  1348  1349  566
e  1349  1359  513
e  1349  1369  490
e  1350  1389  295
e  1350  1378  953
e  1351  1461  358
e  1351  1366  399
e  1352  1362  508
e  1352  1372  295
e  1352  1379  352
e  1353  1380  277
e  1353  1359  566
e  1354  1360  445
e  1354  1430  652
e  1354  1458  920
e  1354  1411  431
e  1355  1366  891
e  1356  1391  643
e  1356  1368  780
e  1357  1429  389
e  1357  1457  694
e  1357  1387  520
e  1358  1361  953
e  1359  1393  277
e  1359  1426  352
e  1359  1415  490
e  1360  1374  652
e  1361  1370  655
e  1361  1385  7
e  1361  1377  728
e  1362  1369  295
e  1363  1364  203
e  1363  1428  161
e  1363  1427  117
e  1364  1391  117
e  1365  1403  264
e  1365  1382  81
e  1366  1566  358
e  1366  1640  39
e  1366  1565  863
e  1366  1482  739
e  1366  1375  968
e  1367  1475  956
e  1367  1406  334
e  1368  1410  643
e  1368  1507  537
e  1369  1415  513
e  1369  1390  352
e  1369  1372  508
e  1370  1378  7
e  1371  1540  452
e  1371  1398  510
e  1372  1383  352
e  1373  1416  526
e  1373  1423  537
e  1374  1407  658
e  1374  1474  920
e  1374  1430  445
e  1375  1419  739
e  1376  1568  827
e  1376  1975  147
e  1376  1567  334
e  1376  1475  449
e  1377  1399  7
e  1377  1414  559
e  1378  1409  295
e  1378  1424  728
e  1378  1385  655
e  1379  1383  295
e  1380  1394  594
e  1380  1393  566
e  1381  1388  431
e  1382  1395  264
e  1383  1390  508
e  1383  1392  792
e  1383  1386  233
e  1384  1414  452
e  1384  1450  256
e  1385  1399  728
e  1386  1389  792
e  1387  1494  694
e  1387  1428  159
e  1388  1402  477
e  1388  1413  694
e  1388  1429  920
e  1389  1392  233
e  1389  1409  953
e  1390  1420  513
e  1390  1400  792
e  1391  1427  203
e  1391  1410  780
e  1392  1400  508
e  1392  1422  953
e  1393  1412  594
e  1393  1454  427
e  1393  1453  792
e  1393  1437  352
e  1394  1401  427
e  1394  1412  566
e  1395  1403  81
e  1395  1407  147
e  1396  1408  168
e  1396  1484  147
e  1397  1532  821
e  1397  1549  77
e  1398  1632  452
e  1398  1532  488
e  1399  1424  655
e  1399  1443  295
e  1399  1434  559
e  1400  1425  513
e  1400  1432  953
e  1401  1423  122
e  1401  1421  566
e  1402  1411  694
e  1403  1418  911
e  1403  1417  147
e  1404  1442  147
e  1405  1461  685
e  1406  1488  956
e  1406  1505  685
e  1407  1417  81
e  1407  1487  181
e  1407  1481  920
e  1408  1460  891
e  1408  1517  147
e  1409  1422  233
e  1409  1438  728
e  1410  1456  161
e  1410  1595  537
e  1411  1445  920
e  1411  1413  477
e  1412  1421  427
e  1413  1433  920
e  1414  1434  7
e  1414  1476  256
e  1415  1420  352
e  1416  1468  425
e  1416  1446  537
e  1417  1431  911
e  1417  1472  181
e  1418  1431  147
e  1419  1482  968
e  1419  1460  863
e  1420  1426  490
e  1420  1425  792
e  1421  1444  122
e  1421  1465  792
e  1421  1454  594
e  1422  1432  508
e  1422  1491  559
e  1422  1485  728
e  1423  1446  526
e  1423  1444  566
e  1424  1438  295
e  1425  1435  490
e  1425  1440  277
e  1425  1447  953
e  1426  1437  277
e  1426  1435  792
e  1427  1441  161
e  1428  1514  694
e  1428  1441  117
e  1429  1433  694
e  1430  1462  920
e  1431  1436  264
e  1431  1448  181
e  1432  1447  513
e  1432  1492  277
e  1432  1499  559
e  1433  1445  477
e  1433  1495  652
e  1433  1515  520
e  1433  1457  389
e  1434  1451  295
e  1434  1522  256
e  1435  1439  277
e  1436  1442  181
e  1437  1439  792
e  1438  1485  233
e  1438  1466  559
e  1438  1443  655
e  1439  1453  352
e  1439  1464  427
e  1439  1469  953
e  1439  1440  490
e  1440  1452  953
e  1441  1520  694
e  1441  1455  780
e  1442  1449  672
e  1442  1448  264
e  1443  1451  559
e  1444  1480  526
e  1444  1479  792
e  1445  1458  431
e  1445  1471  652
e  1446  1470  425
e  1446  1480  566
e  1447  1452  277
e  1448  1459  672
e  1448  1472  911
e  1449  1484  469
e  1449  1459  264
e  1450  1476  452
e  1451  1466  655
e  1451  1552  233
e  1451  1610  277
e  1451  1533  256
e  1452  1469  490
e  1452  1486  427
e  1452  1519  559
e  1452  1492  513
e  1453  1463  427
e  1454  1463  792
e  1455  1456  203
e  1455  1526  694
e  1456  1560  694
e  1456  1627  537
e  1457  1494  520
e  1458  1462  652
e  1459  1504  469
e  1459  1535  920
e  1459  1497  911
e  1460  1524  968
e  1460  1536  147
e  1461  1498  997
e  1461  1518  39
e  1461  1566  399
e  1462  1474  445
e  1462  1496  658
e  1462  1471  431
e  1463  1465  594
e  1463  1464  352
e  1464  1467  594
e  1464  1477  953
e  1465  1479  122
e  1465  1467  352
e  1466  1489  233
e  1467  1483  122
e  1467  1478  953
e  1468  1470  537
e  1469  1477  427
e  1470  1473  496
e  1470  1534  970
e  1470  1500  566
e  1471  1501  658
e  1471  1495  477
e  1472  1497  672
e  1472  1521  920
e  1472  1487  81
e  1473  1506  801
e  1473  1513  970
e  1474  1481  658
e  1475  1488  334
e  1476  1522  7
e  1476  1551  295
e  1476  1550  587
e  1476  1508  858
e  1477  1478  594
e  1477  1486  490
e  1478  1490  122
e  1478  1493  490
e  1479  1512  526
e  1479  1511  953
e  1479  1483  352
e  1480  1500  425
e  1480  1512  792
e  1481  1503  181
e  1481  1516  431
e  1481  1496  445
e  1482  1524  863
e  1483  1490  953
e  1484  1517  168
e  1484  1504  264
e  1485  1489  559
e  1486  1493  594
e  1486  1546  559
e  1487  1503  920
e  1488  1567  449
e  1488  1579  685
e  1489  1491  728
e  1489  1502  508
e  1489  1553  277
e  1489  1552  655
e  1490  1511  352
e  1490  1528  526
e  1490  1556  425
e  1490  1510  490
e  1491  1499  508
e  1492  1509  559
e  1493  1510  122
e  1494  1515  389
e  1494  1514  159
e  1495  1539  658
e  1495  1577  520
e  1496  1501  431
e  1497  1523  920
e  1498  1505  39
e  1499  1509  277
e  1499  1502  728
e  1500  1547  970
e  1500  1529  792
e  1501  1516  445
e  1501  1563  181
e  1501  1539  477
e  1502  1527  277
e  1503  1521  81
e  1503  1530  672
e  1503  1545  431
e  1504  1564  168
e  1504  1548  920
e  1505  1579  956
e  1505  1518  997
e  1506  1507  970
e  1507  1595  643
e  1507  1597  953
e  1507  1541  496
e  1507  1513  801
e  1508  1540  587
e  1509  1519  513
e  1509  1527  728
e  1510  1573  425
e  1510  1554  559
e  1511  1525  526
e  1512  1529  425
e  1512  1525  953
e  1513  1534  496
e  1514  1542  389
e  1514  1520  117
e  1515  1577  652
e  1515  1561  780
e  1515  1542  159
e  1516  1545  181
e  1517  1536  891
e  1517  1564  264
e  1518  1623  956
e  1518  1591  399
e  1519  1546  427
e  1519  1538  728
e  1520  1543  389
e  1520  1526  780
e  1521  1523  672
e  1522  1533  295
e  1523  1535  911
e  1523  1578  469
e  1523  1530  81
e  1524  1565  739
e  1524  1621  147
e  1525  1531  425
e  1525  1528  352
e  1526  1544  389
e  1526  1560  203
e  1527  1538  513
e  1527  1611  655
e  1527  1553  508
e  1528  1537  425
e  1529  1531  953
e  1530  1604  469
e  1530  1575  431
e  1531  1558  970
e  1531  1537  352
e  1532  1670  452
e  1532  1770  295
e  1532  1722  77
e  1533  1651  277
e  1533  1601  587
e  1533  1551  7
e  1534  1541  801
e  1534  1547  566
e  1535  1548  469
e  1536  1621  968
e  1536  1628  920
e  1536  1572  264
e  1537  1569  970
e  1537  1603  559
e  1537  1581  490
e  1537  1556  526
e  1538  1576  427
e  1538  1633  655
e  1539  1574  181
e  1539  1589  520
e  1540  1550  858
e  1540  1609  295
e  1540  1632  510
e  1541  1587  953
e  1541  1559  566
e  1542  1543  117
e  1543  1544  780
e  1544  1562  159
e  1544  1593  652
e  1544  1636  658
e  1544  1614  203
e  1545  1575  672
e  1545  1563  445
e  1546  1555  122
e  1546  1576  728
e  1547  1559  801
e  1547  1557  953
e  1548  1585  168
e  1548  1599  891
e  1548  1578  911
e  1549  1722  821
e  1549  1952  295
e  1550  1586  295
e  1551  1586  587
e  1552  1580  277
e  1553  1580  655
e  1554  1555  594
e  1554  1584  425
e  1554  1602  728
e  1555  1592  728
e  1556  1573  490
e  1557  1558  792
e  1557  1570  801
e  1558  1571  801
e  1558  1569  352
e  1559  1570  953
e  1560  1614  389
e  1560  1631  537
e  1561  1562  117
e  1561  1583  652
e  1562  1588  652
e  1563  1617  672
e  1563  1574  477
e  1564  1572  891
e  1564  1585  920
e  1565  1660  39
e  1565  1683  147
e  1566  1591  39
e  1567  1931  147
e  1567  1924  685
e  1568  2005  147
e  1569  1582  801
e  1569  1605  559
e  1570  1587  566
e  1570  1571  792
e  1571  1613  496
e  1571  1582  352
e  1572  1590  920
e  1573  1581  526
e  1573  1584  559
e  1574  1620  672
e  1574  1616  780
e  1574  1607  520
e  1575  1618  469
e  1575  1639  477
e  1575  1617  445
e  1576  1592  122
e  1576  1673  655
e  1577  1589  658
e  1577  1583  780
e  1578  1622  431
e  1578  1604  81
e  1579  1924  449
e  1579  1850  147
e  1579  1799  863
e  1579  1623  997
e  1580  1611  508
e  1580  1686  256
e  1580  1610  233
e  1581  1594  559
e  1582  1653  496
e  1582  1675  643
e  1582  1624  559
e  1583  1596  658
e  1583  1588  117
e  1584  1594  526
e  1584  1626  970
e  1584  1625  728
e  1585  1590  891
e  1586  1601  7
e  1586  1609  858
e  1587  1597  496
e  1588  1598  658
e  1588  1593  159
e  1589  1607  181
e  1589  1596  780
e  1590  1628  264
e  1590  1749  968
e  1590  1795  780
e  1590  1693  431
e  1590  1599  168
e  1591  1648  956
e  1591  1667  863
e  1591  1640  358
e  1592  1602  594
e  1592  1652  425
e  1592  1697  970
e  1592  1687  655
e  1593  1600  658
e  1594  1603  490
e  1594  1606  970
e  1595  1627  161
e  1595  1654  694
e  1595  1630  953
e  1596  1608  181
e  1596  1598  117
e  1597  1630  643
e  1597  1612  792
e  1598  1615  181
e  1598  1600  159
e  1599  1658  431
e  1600  1619  181
e  1600  1636  652
e  1601  1773  277
e  1601  1875  970
e  1601  1848  488
e  1601  1672  858
e  1602  1625  425
e  1603  1605  970
e  1604  1618  431
e  1605  1624  801
e  1605  1606  490
e  1606  1635  801
e  1606  1644  728
e  1606  1626  526
e  1607  1608  780
e  1608  1616  520
e  1608  1615  117
e  1609  1672  7
e  1609  1671  510
e  1610  1651  256
e  1611  1633  513
e  1611  1730  256
e  1612  1613  566
e  1612  1641  643
e  1613  1649  643
e  1613  1653  352
e  1614  1655  658
e  1614  1677  181
e  1614  1669  537
e  1615  1638  672
e  1615  1619  159
e  1616  1629  672
e  1617  1620  477
e  1618  1622  81
e  1618  1682  891
e  1618  1647  780
e  1618  1643  477
e  1619  1642  672
e  1619  1717  537
e  1619  1664  203
e  1619  1656  652
e  1620  1639  445
e  1620  1629  780
e  1621  1683  739
e  1621  1684  920
e  1622  1659  891
e  1623  1648  399
e  1624  1694  643
e  1624  1635  490
e  1625  1634  970
e  1625  1652  594
e  1626  1634  728
e  1627  1631  694
e  1628  1684  968
e  1629  1646  469
e  1629  1637  117
e  1630  1661  694
e  1630  1641  792
e  1631  1669  389
e  1631  1662  953
e  1631  1654  161
e  1632  1671  295
e  1632  1670  488
e  1633  1673  427
e  1633  1737  970
e  1633  1736  256
e  1634  1644  526
e  1634  1780  801
e  1634  1779  655
e  1634  1674  594
e  1635  1782  694
e  1635  1681  728
e  1636  1656  181
e  1636  1655  203
e  1637  1638  520
e  1637  1650  469
e  1638  1657  469
e  1638  1642  159
e  1639  1643  469
e  1640  1660  863
e  1641  1676  694
e  1641  1649  566
e  1642  1665  469
e  1642  1721  537
e  1643  1645  780
e  1644  1681  801
e  1645  1646  445
e  1645  1647  477
e  1645  1666  117
e  1646  1650  117
e  1647  1690  891
e  1647  1679  117
e  1648  1701  863
e  1649  1691  694
e  1649  1668  352
e  1650  1666  445
e  1650  1657  520
e  1651  1686  233
e  1651  1774  970
e  1651  1773  587
e  1652  1674  970
e  1653  1668  643
e  1654  1661  953
e  1655  1663  181
e  1656  1663  203
e  1657  1678  445
e  1657  1665  159
e  1658  1659  911
e  1658  1693  168
e  1658  1718  780
e  1659  1692  780
e  1659  1682  81
e  1660  1667  358
e  1660  1716  147
e  1661  1662  161
e  1661  1676  792
e  1662  1702  389
e  1662  1680  792
e  1663  1664  652
e  1663  1688  537
e  1663  1677  658
e  1664  1695  537
e  1665  1689  445
e  1665  1724  891
e  1665  1728  537
e  1666  1679  477
e  1666  1678  520
e  1667  1701  956
e  1667  1733  147
e  1668  1698  694
e  1668  1675  496
e  1669  1685  181
e  1669  1702  953
e  1670  1696  295
e  1671  1696  488
e  1672  1771  488
e  1673  1687  122
e  1673  1731  970
e  1674  1709  655
e  1674  1697  425
e  1675  1694  559
e  1676  1680  161
e  1676  1691  566
e  1677  1685  537
e  1678  1699  477
e  1678  1707  891
e  1678  1689  159
e  1679  1700  891
e  1679  1699  520
e  1680  1726  389
e  1680  1732  181
e  1680  1703  566
e  1681  1810  694
e  1681  1877  256
e  1681  1840  655
e  1681  1780  526
e  1682  1690  780
e  1683  1716  39
e  1684  1797  39
e  1684  1749  264
e  1685  1688  658
e  1685  1706  953
e  1686  1730  508
e  1686  1751  970
e  1687  1705  970
e  1688  1695  652
e  1688  1713  953
e  1689  1708  891
e  1690  1692  81
e  1690  1700  117
e  1691  1703  161
e  1691  1698  352
e  1692  1718  911
e  1692  1725  168
e  1692  1715  117
e  1693  1719  780
e  1694  1711  694
e  1695  1717  203
e  1695  1723  672
e  1695  1720  953
e  1696  1772  7
e  1696  1857  77
e  1696  1770  452
e  1697  1705  655
e  1698  1712  161
e  1698  1710  559
e  1699  1704  891
e  1700  1715  81
e  1700  1704  520
e  1701  1800  997
e  1701  1743  147
e  1702  1706  181
e  1702  1726  792
e  1703  1753  181
e  1703  1712  352
e  1704  1738  81
e  1704  1714  159
e  1704  1707  477
e  1705  1709  425
e  1705  1752  256
e  1705  1731  122
e  1706  1713  658
e  1706  1727  792
e  1707  1708  159
e  1708  1714  477
e  1708  1792  168
e  1708  1790  537
e  1708  1724  445
e  1709  1779  594
e  1709  1755  256
e  1710  1711  496
e  1710  1729  161
e  1711  1746  161
e  1711  1825  181
e  1711  1781  490
e  1712  1754  181
e  1712  1729  559
e  1713  1720  652
e  1713  1735  792
e  1714  1742  81
e  1715  1739  168
e  1715  1738  520
e  1716  1733  358
e  1716  1798  956
e  1716  1796  920
e  1717  1721  672
e  1718  1719  168
e  1719  1795  431
e  1719  1748  117
e  1719  1725  911
e  1720  1741  672
e  1720  1750  792
e  1721  1728  469
e  1721  1723  203
e  1722  1843  295
e  1723  1734  469
e  1723  1741  953
e  1724  1757  537
e  1725  1739  117
e  1726  1727  181
e  1727  1735  658
e  1727  1761  566
e  1727  1732  389
e  1728  1757  891
e  1728  1759  953
e  1728  1734  203
e  1729  1758  181
e  1729  1746  496
e  1730  1736  513
e  1730  1744  970
e  1731  1745  256
e  1731  1737  427
e  1732  1753  566
e  1733  1743  956
e  1734  1747  953
e  1735  1750  652
e  1735  1763  566
e  1736  1740  970
e  1737  1740  256
e  1738  1756  168
e  1738  1742  159
e  1739  1748  911
e  1739  1756  520
e  1740  1745  427
e  1740  1744  513
e  1741  1747  469
e  1741  1766  792
e  1742  1760  168
e  1743  1820  997
e  1743  1813  920
e  1743  1798  358
e  1744  1751  508
e  1745  1752  122
e  1746  1783  181
e  1747  1759  203
e  1747  1789  891
e  1747  1768  792
e  1748  1862  431
e  1748  1884  953
e  1748  1861  537
e  1748  1793  159
e  1749  1910  39
e  1749  1951  953
e  1749  1894  780
e  1750  1766  672
e  1750  1788  469
e  1750  1785  559
e  1751  1778  425
e  1751  1774  233
e  1752  1755  425
e  1753  1761  389
e  1753  1754  352
e  1754  1762  389
e  1754  1758  559
e  1755  1831  594
e  1755  1849  801
e  1755  1775  508
e  1756  1760  159
e  1757  1790  445
e  1757  1769  953
e  1758  1765  389
e  1758  1784  658
e  1758  1783  496
e  1759  1769  891
e  1760  1794  911
e  1760  1816  537
e  1760  1791  477
e  1761  1763  658
e  1761  1762  352
e  1762  1764  658
e  1762  1765  559
e  1763  1764  352
e  1764  1767  559
e  1765  1767  658
e  1766  1768  469
e  1767  1787  652
e  1767  1818  496
e  1767  1784  389
e  1768  1802  891
e  1768  1803  559
e  1768  1788  672
e  1769  1811  445
e  1769  1832  168
e  1769  1819  792
e  1769  1789  203
e  1770  1843  77
e  1771  1772  510
e  1771  1848  858
e  1772  1913  858
e  1772  1953  970
e  1772  1988  77
e  1773  1830  970
e  1774  1839  425
e  1774  1830  587
e  1775  1776  513
e  1775  1933  801
e  1775  1932  587
e  1776  1777  427
e  1776  1904  587
e  1777  1778  122
e  1777  1897  587
e  1777  1876  233
e  1778  1839  233
e  1779  1823  801
e  1779  1831  256
e  1780  1823  655
e  1781  1782  643
e  1781  1834  181
e  1781  1815  728
e  1782  1810  728
e  1783  1814  658
e  1783  1845  490
e  1783  1825  161
e  1784  1814  496
e  1785  1786  352
e  1785  1801  469
e  1786  1787  566
e  1786  1804  469
e  1787  1805  469
e  1787  1837  496
e  1788  1801  559
e  1789  1802  792
e  1790  1806  168
e  1790  1811  953
e  1791  1792  81
e  1791  1812  537
e  1792  1806  537
e  1793  1794  520
e  1793  1853  537
e  1794  1828  537
e  1795  1894  968
e  1795  1909  953
e  1795  1862  117
e  1796  1797  739
e  1796  1809  956
e  1797  1833  956
e  1797  1910  264
e  1798  1809  920
e  1799  1800  399
e  1799  1824  147
e  1800  1820  147
e  1801  1803  672
e  1801  1804  352
e  1802  1819  203
e  1802  1821  559
e  1803  1821  891
e  1803  1807  352
e  1804  1807  672
e  1804  1805  566
e  1805  1808  672
e  1805  1838  496
e  1806  1812  81
e  1806  1817  953
e  1807  1826  891
e  1807  1808  566
e  1808  1829  891
e  1808  1846  496
e  1809  1813  358
e  1809  1833  739
e  1810  1815  643
e  1810  1889  181
e  1810  1908  256
e  1811  1817  168
e  1812  1816  477
e  1812  1822  953
e  1813  1871  997
e  1813  2030  953
e  1813  1885  739
e  1814  1818  389
e  1814  1868  469
e  1814  1858  490
e  1815  1844  181
e  1816  1828  911
e  1816  1827  953
e  1817  1822  81
e  1817  1847  792
e  1817  1832  445
e  1818  1837  652
e  1818  1841  469
e  1819  1842  168
e  1819  1851  559
e  1820  1824  399
e  1820  1871  920
e  1821  1851  203
e  1821  1864  168
e  1821  1826  352
e  1822  1827  477
e  1822  1855  792
e  1823  1840  526
e  1823  1836  256
e  1824  1850  863
e  1824  1887  920
e  1825  1834  490
e  1826  1869  168
e  1826  1829  566
e  1827  1835  911
e  1827  1870  792
e  1828  1853  520
e  1828  1835  953
e  1829  1881  168
e  1829  1859  496
e  1830  1863  425
e  1830  1947  488
e  1830  1875  277
e  1831  1836  801
e  1832  1842  792
e  1833  1885  358
e  1833  1923  264
e  1834  1845  161
e  1834  1844  728
e  1835  1860  520
e  1835  1872  792
e  1836  1852  526
e  1836  1948  694
e  1836  1849  594
e  1837  1838  469
e  1838  1846  672
e  1838  1841  652
e  1839  1876  122
e  1839  1863  587
e  1840  1852  256
e  1841  1880  672
e  1841  1879  490
e  1841  1868  389
e  1842  1847  445
e  1842  1856  559
e  1843  1857  452
e  1843  1952  821
e  1844  1854  161
e  1844  1898  658
e  1844  1941  469
e  1844  1945  256
e  1844  1889  643
e  1845  1858  658
e  1845  1854  728
e  1846  1859  891
e  1846  1891  490
e  1846  1880  652
e  1847  1855  81
e  1847  1867  559
e  1848  1926  970
e  1848  1913  510
e  1849  1956  694
e  1849  1955  587
e  1849  1933  508
e  1850  1930  449
e  1850  1943  920
e  1851  1856  168
e  1852  1877  655
e  1852  1912  694
e  1853  1861  159
e  1853  1860  953
e  1854  1866  658
e  1855  1870  477
e  1855  1883  911
e  1855  1874  559
e  1856  1867  445
e  1856  1882  352
e  1856  1864  203
e  1857  1988  7
e  1857  2083  970
e  1857  2156  821
e  1858  1873  469
e  1858  1866  728
e  1859  1937  168
e  1859  1918  728
e  1859  1900  490
e  1860  1865  159
e  1860  1938  792
e  1861  1865  953
e  1862  1893  953
e  1863  1888  122
e  1863  1989  488
e  1864  1869  352
e  1865  1884  537
e  1865  1902  431
e  1865  1950  968
e  1865  1949  792
e  1866  1878  469
e  1866  1898  161
e  1867  1874  81
e  1867  1892  352
e  1868  1873  490
e  1869  1882  203
e  1869  1881  566
e  1870  1872  911
e  1871  1887  399
e  1871  2082  953
e  1872  1938  520
e  1872  1901  559
e  1872  1883  477
e  1873  1879  389
e  1873  1878  728
e  1874  1896  911
e  1874  1907  352
e  1875  1926  488
e  1876  1888  587
e  1877  1908  694
e  1878  1886  389
e  1878  1917  891
e  1878  1915  161
e  1879  1890  672
e  1879  1886  728
e  1880  1890  490
e  1881  1906  203
e  1881  1919  445
e  1881  1998  81
e  1881  1937  496
e  1882  1892  445
e  1882  1906  566
e  1883  1896  559
e  1884  1893  431
e  1885  2025  953
e  1885  1970  264
e  1886  1895  672
e  1887  1943  863
e  1887  2004  449
e  1887  2115  953
e  1888  1897  233
e  1888  1914  427
e  1888  2049  801
e  1888  2065  181
e  1888  2064  488
e  1889  1929  256
e  1890  1891  652
e  1890  1895  728
e  1891  1900  891
e  1891  1899  728
e  1892  1907  81
e  1892  1911  566
e  1893  1909  117
e  1893  1902  537
e  1894  1922  953
e  1895  1899  652
e  1895  1905  891
e  1896  1901  477
e  1896  1927  352
e  1897  1904  427
e  1898  1915  469
e  1899  1903  891
e  1900  1903  728
e  1901  1946  520
e  1901  1976  968
e  1901  1936  352
e  1902  1921  117
e  1902  1928  968
e  1903  1918  490
e  1903  1972  168
e  1903  2011  256
e  1903  1997  389
e  1903  1905  652
e  1904  1932  513
e  1904  1954  801
e  1904  1914  233
e  1905  1916  389
e  1906  1911  445
e  1907  1927  911
e  1907  1920  566
e  1908  1929  181
e  1908  1912  655
e  1909  1922  968
e  1909  1921  537
e  1910  1923  956
e  1910  1969  953
e  1911  1920  81
e  1911  1919  203
e  1912  1934  181
e  1912  1948  526
e  1913  1944  970
e  1914  1990  801
e  1915  1942  891
e  1915  1963  256
e  1915  1941  658
e  1916  1917  672
e  1916  1997  652
e  1916  1996  256
e  1916  1964  161
e  1917  1942  161
e  1918  1965  168
e  1919  1935  81
e  1920  1939  911
e  1920  1935  203
e  1921  1925  968
e  1922  1951  780
e  1922  1981  39
e  1922  1925  537
e  1923  1970  358
e  1923  1971  953
e  1924  1930  147
e  1925  1986  39
e  1925  2002  956
e  1925  2015  559
e  1925  1928  117
e  1926  1947  277
e  1926  1944  510
e  1927  1936  477
e  1927  1939  566
e  1928  2001  559
e  1928  1962  792
e  1928  1950  431
e  1929  1945  643
e  1929  1934  655
e  1930  1931  685
e  1930  1966  920
e  1931  1975  334
e  1931  1977  920
e  1932  1940  801
e  1933  1940  587
e  1934  1974  469
e  1934  2028  587
e  1934  1993  594
e  1934  1978  526
e  1935  1999  911
e  1935  2016  496
e  1935  1998  445
e  1936  2007  968
e  1936  1957  566
e  1937  2014  81
e  1937  1965  728
e  1938  1949  159
e  1938  1946  559
e  1939  1957  477
e  1939  2122  728
e  1939  1999  203
e  1940  1955  508
e  1940  1991  694
e  1940  1954  513
e  1941  1959  256
e  1942  1964  672
e  1942  1968  256
e  1943  1966  449
e  1944  2027  277
e  1944  1953  858
e  1945  1959  469
e  1946  1961  968
e  1947  1989  425
e  1947  2027  510
e  1948  1978  181
e  1948  1956  594
e  1949  1958  968
e  1950  1958  792
e  1951  1969  39
e  1952  2156  452
e  1952  2290  970
e  1952  2098  10
e  1953  2099  277
e  1953  2157  425
e  1953  2034  77
e  1954  2013  694
e  1954  1990  233
e  1955  1982  694
e  1956  1979  181
e  1956  1982  587
e  1957  2031  968
e  1957  2135  728
e  1958  1962  431
e  1958  1960  559
e  1959  1963  658
e  1959  1973  655
e  1960  1961  159
e  1960  1967  431
e  1961  2000  431
e  1961  2046  352
e  1961  1976  520
e  1962  1967  559
e  1963  1968  891
e  1963  1980  655
e  1964  1984  256
e  1965  2038  81
e  1965  1972  490
e  1966  1977  685
e  1966  2004  863
e  1967  2001  792
e  1967  2021  956
e  1967  2000  159
e  1968  1984  672
e  1968  1985  655
e  1969  1971  956
e  1969  1981  780
e  1970  2006  953
e  1971  2006  358
e  1971  2003  537
e  1971  1983  780
e  1972  2062  81
e  1972  2070  256
e  1973  1974  643
e  1973  1980  658
e  1974  1995  891
e  1974  2033  587
e  1975  2005  827
e  1975  2012  920
e  1976  2007  352
e  1977  2012  334
e  1977  2113  827
e  1977  2056  863
e  1978  1979  594
e  1979  1993  526
e  1979  1992  587
e  1980  1985  891
e  1981  1983  956
e  1981  1986  537
e  1982  1992  181
e  1982  1991  508
e  1983  1987  537
e  1984  1996  161
e  1984  2008  655
e  1985  2008  672
e  1985  1994  643
e  1986  1987  956
e  1987  2003  780
e  1987  2044  358
e  1987  2018  559
e  1987  2002  39
e  1988  2034  970
e  1989  2064  122
e  1989  2090  181
e  1989  2063  510
e  1990  2032  694
e  1990  2050  181
e  1990  2049  427
e  1991  2010  181
e  1991  2013  513
e  1992  2019  526
e  1992  2041  469
e  1992  2010  508
e  1993  2019  587
e  1994  1995  658
e  1994  2052  672
e  1994  2051  587
e  1995  2040  587
e  1996  2009  652
e  1996  2037  655
e  1997  2009  256
e  1998  2014  496
e  1999  2107  728
e  1999  2054  496
e  2000  2069  956
e  2000  2055  352
e  2001  2015  117
e  2002  2017  559
e  2003  2029  358
e  2004  2056  685
e  2004  2155  953
e  2005  2057  272
e  2005  2026  920
e  2006  2025  264
e  2006  2039  739
e  2006  2029  537
e  2007  2046  520
e  2007  2094  956
e  2007  2031  566
e  2008  2037  161
e  2008  2053  652
e  2008  2092  587
e  2008  2052  643
e  2009  2011  389
e  2009  2042  655
e  2010  2059  469
e  2010  2023  513
e  2011  2070  168
e  2011  2047  655
e  2012  2026  827
e  2013  2023  181
e  2013  2032  233
e  2014  2016  445
e  2014  2038  728
e  2015  2017  956
e  2016  2054  911
e  2016  2043  728
e  2017  2018  39
e  2017  2020  792
e  2018  2058  358
e  2018  2022  792
e  2019  2028  594
e  2019  2036  469
e  2020  2021  117
e  2020  2022  39
e  2021  2024  39
e  2021  2069  159
e  2022  2071  358
e  2022  2024  117
e  2023  2084  469
e  2023  2035  233
e  2024  2111  358
e  2024  2085  352
e  2024  2078  159
e  2025  2030  739
e  2026  2079  272
e  2026  2221  953
e  2026  2140  863
e  2026  2113  334
e  2027  2063  425
e  2027  2099  858
e  2028  2033  469
e  2029  2060  739
e  2029  2089  559
e  2029  2044  780
e  2030  2082  997
e  2030  2076  537
e  2030  2039  264
e  2031  2108  956
e  2031  2138  728
e  2032  2035  181
e  2033  2040  891
e  2033  2036  594
e  2034  2173  425
e  2034  2184  181
e  2034  2083  7
e  2035  2095  469
e  2035  2102  891
e  2035  2101  488
e  2035  2066  427
e  2035  2050  694
e  2036  2045  891
e  2036  2041  526
e  2037  2042  652
e  2038  2043  445
e  2038  2062  490
e  2039  2060  537
e  2040  2051  658
e  2040  2045  594
e  2041  2048  891
e  2041  2059  508
e  2042  2047  389
e  2042  2053  161
e  2043  2068  911
e  2043  2074  490
e  2044  2058  559
e  2045  2073  658
e  2045  2048  526
e  2046  2055  431
e  2046  2093  956
e  2047  2116  168
e  2047  2144  587
e  2047  2105  161
e  2048  2088  658
e  2048  2067  508
e  2049  2061  181
e  2050  2061  427
e  2051  2077  672
e  2051  2073  594
e  2052  2077  587
e  2053  2105  389
e  2053  2126  587
e  2054  2068  728
e  2055  2075  956
e  2056  2132  827
e  2056  2189  953
e  2057  2079  920
e  2058  2089  780
e  2058  2112  739
e  2058  2071  792
e  2059  2067  891
e  2059  2084  513
e  2060  2076  264
e  2060  2097  559
e  2061  2066  694
e  2061  2065  801
e  2062  2074  445
e  2062  2183  256
e  2063  2133  181
e  2063  2127  858
e  2064  2080  181
e  2065  2072  694
e  2065  2080  488
e  2066  2091  488
e  2066  2072  801
e  2067  2103  658
e  2067  2087  513
e  2068  2107  496
e  2068  2137  203
e  2068  2151  968
e  2068  2106  490
e  2069  2078  39
e  2069  2075  352
e  2070  2183  81
e  2070  2116  655
e  2071  2117  739
e  2071  2111  117
e  2072  2086  488
e  2073  2104  672
e  2073  2088  526
e  2074  2106  911
e  2074  2210  256
e  2075  2081  39
e  2075  2093  431
e  2076  2124  997
e  2076  2118  559
e  2077  2092  643
e  2077  2104  594
e  2078  2081  352
e  2079  2168  147
e  2079  2316  310
e  2079  2232  953
e  2080  2086  694
e  2080  2090  122
e  2081  2085  159
e  2081  2174  358
e  2081  2130  566
e  2081  2109  520
e  2082  2115  399
e  2082  2124  537
e  2083  2286  181
e  2083  2251  821
e  2084  2087  891
e  2084  2095  233
e  2085  2139  358
e  2086  2091  801
e  2086  2142  891
e  2086  2100  122
e  2087  2134  658
e  2087  2096  233
e  2088  2121  672
e  2088  2103  508
e  2089  2097  739
e  2090  2100  694
e  2090  2133  510
e  2091  2101  427
e  2091  2125  891
e  2092  2126  652
e  2092  2163  594
e  2093  2094  520
e  2094  2110  39
e  2094  2108  566
e  2095  2096  891
e  2096  2143  658
e  2096  2120  488
e  2096  2102  469
e  2097  2118  264
e  2097  2131  792
e  2097  2112  780
e  2098  2314  970
e  2099  2127  425
e  2100  2147  891
e  2100  2146  510
e  2101  2119  891
e  2102  2119  488
e  2103  2129  672
e  2103  2134  513
e  2104  2163  643
e  2104  2162  508
e  2104  2121  526
e  2105  2136  587
e  2106  2172  968
e  2106  2220  256
e  2107  2122  203
e  2108  2114  39
e  2108  2190  728
e  2109  2110  431
e  2109  2123  566
e  2110  2114  566
e  2111  2188  739
e  2111  2139  352
e  2112  2117  792
e  2113  2132  863
e  2114  2123  431
e  2114  2236  358
e  2114  2206  728
e  2115  2155  449
e  2115  2167  537
e  2116  2278  81
e  2116  2171  587
e  2117  2131  780
e  2117  2165  264
e  2117  2202  997
e  2117  2201  352
e  2117  2188  117
e  2118  2141  997
e  2118  2145  792
e  2119  2120  469
e  2119  2125  427
e  2120  2154  658
e  2120  2128  427
e  2121  2129  508
e  2122  2135  477
e  2122  2137  496
e  2123  2130  520
e  2123  2212  358
e  2124  2167  399
e  2124  2141  559
e  2125  2128  469
e  2125  2142  801
e  2126  2136  389
e  2126  2186  594
e  2127  2158  181
e  2127  2176  77
e  2127  2157  277
e  2128  2197  658
e  2128  2196  510
e  2128  2160  122
e  2128  2150  801
e  2129  2162  526
e  2129  2224  652
e  2129  2198  488
e  2129  2153  513
e  2130  2177  358
e  2131  2145  264
e  2132  2140  334
e  2132  2191  953
e  2133  2146  694
e  2133  2158  858
e  2134  2153  672
e  2134  2143  233
e  2135  2138  968
e  2136  2144  161
e  2136  2216  168
e  2136  2225  594
e  2137  2149  968
e  2138  2190  956
e  2138  2148  496
e  2139  2193  739
e  2139  2181  566
e  2139  2174  159
e  2140  2204  953
e  2141  2175  399
e  2141  2166  792
e  2142  2150  469
e  2142  2147  122
e  2143  2161  672
e  2143  2154  488
e  2144  2171  168
e  2145  2166  997
e  2145  2165  780
e  2146  2159  891
e  2146  2192  858
e  2147  2152  469
e  2147  2159  510
e  2148  2149  477
e  2148  2213  956
e  2148  2200  490
e  2148  2164  203
e  2149  2151  203
e  2150  2152  122
e  2151  2164  477
e  2151  2172  490
e  2152  2160  801
e  2152  2169  510
e  2153  2180  488
e  2153  2161  233
e  2154  2170  672
e  2154  2197  427
e  2155  2189  685
e  2155  2203  827
e  2155  2227  559
e  2155  2214  537
e  2156  2251  970
e  2157  2173  77
e  2158  2192  694
e  2158  2195  891
e  2158  2178  77
e  2159  2169  469
e  2159  2194  858
e  2160  2185  510
e  2161  2170  488
e  2162  2199  643
e  2163  2186  652
e  2163  2199  508
e  2164  2187  490
e  2165  2182  997
e  2166  2209  399
e  2166  2182  780
e  2167  2214  449
e  2167  2175  559
e  2168  2289  310
e  2169  2185  801
e  2169  2242  77
e  2169  2208  858
e  2170  2180  233
e  2170  2259  652
e  2170  2270  510
e  2170  2218  427
e  2171  2323  81
e  2171  2294  488
e  2171  2274  594
e  2171  2216  161
e  2172  2187  477
e  2172  2261  956
e  2172  2253  256
e  2173  2176  277
e  2173  2179  181
e  2174  2177  566
e  2175  2217  449
e  2175  2209  792
e  2176  2178  181
e  2177  2181  159
e  2177  2305  739
e  2177  2212  520
e  2178  2205  891
e  2178  2179  277
e  2179  2219  891
e  2179  2184  425
e  2180  2198  513
e  2180  2252  652
e  2181  2250  739
e  2182  2262  399
e  2182  2266  352
e  2182  2202  264
e  2183  2210  445
e  2183  2278  655
e  2184  2230  891
e  2184  2286  7
e  2185  2196  122
e  2185  2243  658
e  2185  2269  77
e  2186  2225  389
e  2186  2211  508
e  2187  2200  203
e  2187  2239  956
e  2188  2193  352
e  2189  2191  827
e  2190  2206  39
e  2190  2213  496
e  2191  2204  334
e  2191  2254  559
e  2191  2203  685
e  2192  2194  891
e  2193  2201  117
e  2193  2265  997
e  2193  2250  566
e  2194  2208  469
e  2194  2207  77
e  2194  2195  694
e  2195  2205  77
e  2196  2222  658
e  2197  2218  672
e  2197  2222  510
e  2198  2228  652
e  2199  2211  652
e  2200  2226  956
e  2201  2240  997
e  2202  2240  352
e  2203  2246  559
e  2204  2221  863
e  2204  2276  272
e  2204  2264  559
e  2205  2207  694
e  2205  2219  277
e  2206  2279  358
e  2206  2229  496
e  2207  2215  469
e  2207  2233  277
e  2208  2215  77
e  2209  2247  449
e  2209  2262  780
e  2210  2220  911
e  2210  2315  655
e  2211  2244  389
e  2211  2235  488
e  2211  2223  526
e  2212  2312  728
e  2212  2236  431
e  2213  2229  39
e  2213  2226  490
e  2214  2217  559
e  2215  2242  858
e  2215  2287  658
e  2215  2237  277
e  2216  2238  594
e  2217  2227  537
e  2217  2248  827
e  2217  2247  792
e  2218  2234  510
e  2219  2233  694
e  2219  2241  469
e  2219  2230  425
e  2220  2253  968
e  2220  2317  655
e  2221  2232  272
e  2222  2234  672
e  2222  2243  122
e  2223  2224  643
e  2223  2231  488
e  2224  2228  488
e  2225  2238  168
e  2225  2244  508
e  2226  2245  39
e  2226  2239  203
e  2227  2246  827
e  2228  2231  643
e  2228  2252  513
e  2229  2324  358
e  2229  2245  490
e  2230  2257  469
e  2230  2303  7
e  2231  2235  526
e  2231  2272  168
e  2231  2271  513
e  2232  2302  559
e  2232  2276  863
e  2233  2237  469
e  2234  2270  427
e  2234  2307  77
e  2234  2258  122
e  2235  2255  389
e  2235  2260  168
e  2236  2279  728
e  2237  2268  425
e  2237  2241  694
e  2238  2274  161
e  2238  2273  488
e  2238  2249  508
e  2239  2275  39
e  2239  2261  477
e  2240  2266  264
e  2240  2265  117
e  2241  2257  425
e  2242  2269  801
e  2242  2280  658
e  2243  2258  672
e  2243  2277  77
e  2244  2249  168
e  2244  2255  488
e  2245  2326  358
e  2245  2275  203
e  2246  2254  685
e  2246  2248  537
e  2247  2285  827
e  2247  2319  780
e  2248  2263  685
e  2248  2285  792
e  2249  2256  488
e  2250  2300  997
e  2250  2305  159
e  2251  2290  452
e  2252  2271  643
e  2252  2259  233
e  2253  2297  956
e  2253  2325  655
e  2254  2264  334
e  2254  2263  537
e  2255  2256  168
e  2256  2273  508
e  2256  2293  161
e  2256  2283  526
e  2256  2260  389
e  2257  2268  694
e  2257  2322  7
e  2258  2281  77
e  2259  2282  643
e  2259  2299  168
e  2259  2321  510
e  2260  2272  526
e  2261  2309  39
e  2261  2297  256
e  2262  2319  449
e  2262  2301  352
e  2263  2267  334
e  2263  2306  792
e  2264  2295  272
e  2264  2267  537
e  2265  2300  566
e  2266  2301  399
e  2267  2311  272
e  2267  2310  792
e  2269  2277  658
e  2270  2321  652
e  2271  2288  168
e  2271  2282  233
e  2272  2283  389
e  2272  2288  513
e  2273  2284  161
e  2274  2284  488
e  2275  2318  256
e  2275  2309  477
e  2276  2295  559
e  2277  2281  672
e  2277  2291  858
e  2277  2280  801
e  2278  2315  445
e  2278  2323  587
e  2279  2312  431
e  2279  2324  496
e  2280  2287  858
e  2281  2307  122
e  2281  2296  858
e  2282  2292  168
e  2283  2304  513
e  2284  2294  594
e  2284  2293  508
e  2285  2306  685
e  2286  2303  891
e  2287  2291  801
e  2287  2298  672
e  2288  2304  389
e  2288  2292  233
e  2289  2316  147
e  2290  2314  10
e  2291  2296  672
e  2292  2308  389
e  2292  2299  643
e  2295  2302  863
e  2295  2311  537
e  2296  2298  801
e  2297  2313  39
e  2299  2327  510
e  2301  2328  449
e  2302  2320  537
e  2303  2322  469
e  2304  2308  233
e  2306  2310  334
e  2309  2313  256
e  2310  2329  272
e  2311  2320  863
e  2311  2329  792
e  2313  2318  477
e  2315  2317  911
e  2317  2325  968
e  2319  2328  352
e  2321  2327  168
e  2324  2326  490
