p   edge 2781  5348
e  0  2772  327
e  0  1376  703
e  0  794  369
e  0  202  972
e  0  77  153
e  1  2  640
e  1  535  496
e  1  1336  469
e  1  1877  283
e  2  3  327
e  2  357  496
e  3  4  198
e  3  309  496
e  4  5  703
e  4  89  223
e  4  154  496
e  5  6  223
e  6  7  483
e  6  101  852
e  6  89  703
e  7  8  654
e  7  90  852
e  8  9  852
e  9  10  555
e  9  82  496
e  9  90  654
e  10  11  496
e  11  12  821
e  11  82  555
e  12  13  414
e  12  91  555
e  13  14  919
e  13  135  751
e  13  102  555
e  14  15  304
e  14  98  751
e  15  16  751
e  16  17  258
e  16  98  304
e  17  18  808
e  17  136  304
e  18  19  857
e  18  161  304
e  19  20  83
e  19  96  796
e  19  170  304
e  20  21  796
e  21  22  793
e  21  96  83
e  22  23  310
e  22  105  308
e  22  130  816
e  22  140  83
e  23  24  308
e  24  25  389
e  24  97  816
e  24  105  310
e  25  26  580
e  25  85  816
e  26  27  816
e  27  28  824
e  27  85  580
e  28  29  550
e  28  194  310
e  28  92  580
e  29  30  545
e  29  145  574
e  29  252  490
e  29  241  310
e  30  31  574
e  31  32  11
e  31  86  91
e  31  145  545
e  32  33  91
e  33  34  50
e  33  87  584
e  33  86  11
e  34  35  584
e  35  36  166
e  35  99  490
e  35  87  50
e  36  37  311
e  36  80  490
e  37  38  490
e  38  39  946
e  38  216  86
e  38  80  311
e  39  40  700
e  39  187  86
e  40  41  283
e  40  138  842
e  40  172  86
e  41  42  817
e  41  124  842
e  42  43  842
e  43  44  86
e  43  124  817
e  44  45  157
e  44  132  817
e  45  46  5
e  45  151  817
e  46  47  377
e  46  155  177
e  46  165  817
e  47  48  177
e  48  49  837
e  48  125  489
e  48  179  817
e  48  155  377
e  49  50  642
e  49  79  489
e  50  51  333
e  50  78  489
e  51  52  489
e  52  53  989
e  52  78  333
e  53  54  598
e  53  111  333
e  54  55  668
e  54  139  333
e  55  56  844
e  55  156  36
e  55  147  333
e  56  57  742
e  56  93  36
e  57  58  321
e  57  81  36
e  58  59  36
e  59  60  487
e  59  81  321
e  60  61  755
e  60  83  882
e  60  88  321
e  61  62  882
e  62  63  718
e  62  83  755
e  63  64  83
e  63  94  755
e  64  65  369
e  64  100  52
e  64  107  755
e  65  66  52
e  66  67  966
e  66  100  369
e  67  68  400
e  67  158  469
e  67  108  369
e  68  69  201
e  68  126  469
e  69  70  821
e  69  118  469
e  70  71  666
e  70  95  469
e  71  72  410
e  71  84  469
e  72  73  469
e  73  74  677
e  73  84  410
e  74  75  412
e  74  164  410
e  75  76  972
e  75  110  283
e  75  178  410
e  76  77  283
e  77  110  972
e  78  111  989
e  78  79  642
e  79  115  989
e  79  197  668
e  79  293  817
e  79  125  837
e  80  246  86
e  80  226  11
e  80  137  50
e  80  99  166
e  81  88  487
e  81  93  742
e  82  91  821
e  82  109  654
e  83  94  718
e  83  104  321
e  84  164  677
e  84  177  201
e  84  95  666
e  85  92  824
e  85  97  389
e  86  113  584
e  86  171  545
e  87  114  490
e  87  113  11
e  88  104  882
e  88  106  742
e  89  112  852
e  89  142  496
e  90  109  496
e  90  101  483
e  91  102  414
e  91  120  654
e  92  153  310
e  92  103  389
e  93  106  487
e  93  148  882
e  93  176  333
e  93  156  844
e  94  107  83
e  94  117  321
e  95  150  201
e  95  118  821
e  96  140  793
e  96  193  304
e  97  103  824
e  97  122  310
e  98  136  258
e  98  135  919
e  99  114  50
e  100  108  966
e  100  208  469
e  100  185  755
e  101  116  496
e  101  112  703
e  102  206  751
e  102  168  703
e  102  134  654
e  103  127  310
e  104  117  718
e  104  121  742
e  105  122  816
e  106  121  882
e  107  185  52
e  107  131  321
e  108  159  469
e  109  120  821
e  109  123  703
e  109  116  483
e  110  202  153
e  110  304  201
e  110  186  410
e  111  139  598
e  111  115  642
e  112  119  496
e  113  128  490
e  113  183  545
e  114  137  166
e  114  128  11
e  115  141  598
e  115  174  668
e  116  119  703
e  117  131  83
e  117  149  742
e  118  126  201
e  119  123  483
e  119  133  821
e  119  167  223
e  119  142  852
e  120  134  414
e  120  129  703
e  121  149  718
e  121  199  333
e  121  148  487
e  122  127  824
e  122  130  308
e  123  129  821
e  124  132  86
e  124  138  283
e  125  234  817
e  126  150  821
e  126  233  666
e  126  239  283
e  126  163  369
e  126  158  400
e  127  153  389
e  127  367  490
e  127  144  308
e  128  162  166
e  128  191  545
e  129  143  414
e  129  133  483
e  130  144  824
e  130  268  83
e  131  200  52
e  131  238  469
e  131  184  742
e  132  151  157
e  132  146  283
e  133  160  414
e  133  220  223
e  134  143  703
e  135  169  258
e  135  222  703
e  135  206  555
e  136  161  808
e  136  182  857
e  136  169  919
e  137  162  11
e  138  146  86
e  139  147  668
e  139  141  642
e  140  268  816
e  140  235  304
e  141  152  668
e  142  154  223
e  143  168  654
e  143  221  751
e  143  160  483
e  144  395  490
e  144  447  703
e  144  381  304
e  144  307  83
e  145  171  91
e  145  225  490
e  146  157  157
e  146  189  700
e  146  172  842
e  147  166  36
e  147  152  642
e  148  181  333
e  149  184  83
e  149  217  333
e  150  177  666
e  151  165  5
e  151  157  283
e  152  175  36
e  152  229  989
e  152  174  598
e  153  194  580
e  153  299  490
e  154  167  852
e  154  328  821
e  154  309  198
e  155  173  817
e  156  166  333
e  157  190  5
e  157  196  177
e  157  195  700
e  158  159  369
e  159  163  400
e  159  231  321
e  159  208  966
e  160  288  751
e  160  329  857
e  160  380  223
e  161  170  857
e  162  226  50
e  162  282  157
e  163  249  283
e  164  178  412
e  164  201  283
e  165  173  177
e  165  190  283
e  166  176  844
e  166  175  642
e  167  220  821
e  168  211  751
e  169  203  857
e  169  240  703
e  170  193  796
e  170  212  919
e  170  182  808
e  171  183  584
e  172  187  700
e  173  179  377
e  173  192  283
e  174  197  989
e  175  180  844
e  175  198  882
e  175  243  989
e  176  181  882
e  176  180  642
e  177  210  283
e  177  233  821
e  178  186  283
e  179  234  489
e  179  204  283
e  180  188  882
e  181  199  487
e  181  188  642
e  182  203  919
e  183  191  490
e  184  264  469
e  184  261  333
e  185  213  469
e  185  200  321
e  186  215  201
e  186  201  412
e  187  189  842
e  187  207  157
e  187  216  946
e  188  205  487
e  188  198  844
e  189  195  157
e  190  192  177
e  191  335  157
e  191  286  310
e  191  224  91
e  192  204  377
e  192  228  700
e  192  196  5
e  193  235  793
e  193  218  919
e  194  241  550
e  194  287  490
e  195  219  177
e  195  237  946
e  195  207  842
e  196  219  700
e  197  229  598
e  197  247  36
e  197  275  882
e  198  248  989
e  199  217  718
e  199  205  642
e  200  214  469
e  201  209  201
e  202  550  369
e  202  407  201
e  203  212  808
e  203  223  796
e  203  245  703
e  204  257  489
e  204  242  700
e  205  230  718
e  205  340  989
e  206  211  703
e  207  227  946
e  208  213  755
e  209  210  677
e  209  215  412
e  209  254  821
e  210  236  821
e  211  222  555
e  211  244  258
e  211  221  654
e  212  218  796
e  213  214  321
e  214  232  966
e  214  352  283
e  214  315  742
e  214  238  52
e  215  304  410
e  215  278  369
e  216  227  157
e  216  246  311
e  217  261  83
e  217  230  642
e  218  255  793
e  218  285  703
e  218  223  808
e  219  228  5
e  219  256  946
e  220  380  414
e  220  480  796
e  220  328  852
e  221  260  258
e  221  266  857
e  221  288  483
e  222  240  258
e  223  259  703
e  224  225  584
e  224  269  310
e  225  252  574
e  226  272  157
e  227  237  842
e  227  250  311
e  228  242  377
e  228  274  946
e  229  243  36
e  230  276  83
e  230  324  469
e  230  361  989
e  231  232  755
e  231  302  283
e  232  316  283
e  233  236  283
e  234  293  837
e  234  257  283
e  235  312  816
e  235  255  919
e  236  254  677
e  236  258  369
e  236  239  666
e  237  256  177
e  237  273  311
e  238  264  742
e  239  249  369
e  240  245  857
e  240  244  555
e  241  265  490
e  242  280  489
e  242  292  946
e  243  248  882
e  243  247  598
e  244  251  857
e  244  260  654
e  245  259  796
e  245  251  555
e  246  250  157
e  247  253  882
e  248  341  487
e  248  387  817
e  248  253  598
e  249  258  666
e  249  277  677
e  249  301  321
e  250  273  842
e  250  291  177
e  250  271  11
e  251  267  796
e  251  263  654
e  252  265  310
e  253  348  817
e  253  275  36
e  254  262  369
e  255  327  816
e  255  289  703
e  256  274  5
e  256  283  311
e  257  337  837
e  257  280  700
e  258  262  677
e  259  285  808
e  259  298  793
e  259  267  555
e  260  263  857
e  261  290  469
e  261  276  642
e  262  279  412
e  262  277  666
e  263  281  796
e  263  266  258
e  264  315  52
e  264  290  333
e  265  270  584
e  265  287  550
e  266  310  796
e  266  306  483
e  267  308  793
e  267  281  654
e  268  307  824
e  268  312  304
e  269  270  574
e  269  286  91
e  270  300  550
e  271  272  86
e  271  294  177
e  271  284  50
e  272  282  50
e  273  283  177
e  274  292  377
e  274  297  311
e  275  338  817
e  276  295  469
e  277  303  412
e  277  344  321
e  278  279  821
e  278  391  410
e  278  495  153
e  278  422  321
e  279  370  321
e  279  303  666
e  280  350  837
e  280  419  882
e  280  320  946
e  281  311  793
e  281  321  483
e  281  310  258
e  282  284  86
e  282  334  545
e  283  297  5
e  283  296  11
e  283  291  842
e  284  305  177
e  284  347  545
e  285  289  793
e  286  382  157
e  286  449  580
e  286  332  550
e  287  300  584
e  287  299  580
e  288  306  857
e  289  345  816
e  289  330  654
e  289  319  555
e  289  298  808
e  290  342  52
e  290  295  642
e  291  294  11
e  292  320  489
e  292  317  311
e  293  339  882
e  293  337  283
e  294  296  842
e  294  305  50
e  295  354  52
e  295  396  283
e  295  472  817
e  295  324  83
e  296  314  5
e  296  313  50
e  297  317  377
e  297  314  11
e  298  308  555
e  299  323  584
e  299  367  389
e  300  333  91
e  300  323  580
e  301  302  400
e  301  344  677
e  301  343  755
e  302  316  755
e  303  351  321
e  304  407  153
e  304  391  369
e  305  313  842
e  305  383  5
e  305  360  545
e  306  318  796
e  306  329  751
e  307  331  304
e  308  319  808
e  308  311  654
e  309  590  821
e  309  357  327
e  310  318  483
e  311  322  808
e  311  356  483
e  312  331  824
e  312  327  919
e  313  325  5
e  314  326  377
e  314  325  50
e  315  364  283
e  315  342  333
e  316  343  400
e  316  390  677
e  316  389  333
e  316  352  966
e  317  336  489
e  317  326  11
e  318  321  258
e  318  413  793
e  318  358  751
e  319  322  654
e  320  426  882
e  320  384  11
e  320  336  311
e  321  356  793
e  322  330  555
e  322  378  816
e  322  416  483
e  323  359  91
e  323  418  389
e  324  429  817
e  324  394  989
e  325  349  377
e  325  403  489
e  325  393  545
e  325  383  842
e  326  346  489
e  326  349  50
e  327  355  824
e  327  345  703
e  328  607  796
e  328  590  198
e  329  358  796
e  330  375  816
e  331  381  83
e  331  401  703
e  331  355  919
e  332  333  574
e  332  368  580
e  333  359  580
e  334  335  166
e  334  347  86
e  335  353  86
e  335  382  310
e  336  346  11
e  337  371  882
e  337  350  700
e  338  339  668
e  338  348  36
e  338  377  283
e  339  371  283
e  340  341  844
e  340  361  718
e  341  388  718
e  341  397  817
e  342  366  283
e  342  354  642
e  343  363  677
e  344  351  412
e  344  363  755
e  345  365  824
e  345  375  654
e  346  384  311
e  346  442  882
e  346  362  50
e  347  360  177
e  347  353  166
e  348  387  598
e  348  432  469
e  348  385  700
e  349  362  489
e  350  373  882
e  351  370  666
e  351  376  755
e  352  369  333
e  352  364  742
e  353  372  177
e  353  398  310
e  354  374  283
e  355  365  703
e  356  416  808
e  356  427  816
e  356  413  258
e  357  615  821
e  357  696  796
e  357  535  640
e  358  446  793
e  358  444  223
e  359  368  574
e  359  506  157
e  360  392  5
e  360  372  166
e  361  394  469
e  361  404  817
e  361  388  844
e  362  465  882
e  362  412  545
e  362  403  377
e  363  376  412
e  363  390  400
e  364  366  333
e  365  401  919
e  365  417  83
e  365  517  490
e  365  400  654
e  366  369  742
e  366  374  642
e  367  418  584
e  367  395  308
e  368  449  550
e  368  471  157
e  369  389  966
e  370  422  821
e  370  421  755
e  371  377  668
e  371  373  700
e  372  428  5
e  372  402  310
e  373  379  668
e  373  431  946
e  373  419  837
e  374  406  966
e  374  485  677
e  374  546  817
e  374  396  52
e  375  400  824
e  375  378  555
e  376  421  666
e  376  464  333
e  376  415  400
e  377  379  700
e  378  411  824
e  378  424  483
e  379  386  36
e  380  445  796
e  381  414  703
e  382  398  86
e  382  450  177
e  382  469  580
e  383  392  545
e  384  430  882
e  385  386  283
e  385  434  469
e  386  443  469
e  386  455  11
e  387  397  487
e  387  425  469
e  388  399  817
e  389  423  677
e  389  405  642
e  390  415  412
e  390  423  333
e  391  433  153
e  392  393  842
e  392  428  166
e  393  409  489
e  394  408  817
e  395  448  584
e  395  473  703
e  396  479  817
e  397  399  718
e  397  420  469
e  398  402  177
e  399  404  844
e  399  410  469
e  400  520  490
e  400  411  555
e  401  414  83
e  402  441  5
e  402  507  489
e  402  497  580
e  402  450  86
e  403  409  545
e  404  408  469
e  405  406  742
e  405  437  677
e  406  462  677
e  407  433  369
e  408  429  989
e  408  461  700
e  408  410  844
e  409  412  377
e  409  451  310
e  410  440  700
e  410  420  718
e  411  536  490
e  411  468  483
e  412  498  882
e  412  466  310
e  413  559  816
e  413  446  751
e  414  447  304
e  414  476  490
e  414  417  919
e  415  438  333
e  416  424  816
e  417  483  490
e  418  530  703
e  418  448  308
e  419  426  946
e  420  439  700
e  420  425  487
e  421  548  821
e  421  489  333
e  422  519  153
e  422  624  333
e  422  548  755
e  423  438  412
e  423  437  642
e  424  468  824
e  424  427  808
e  425  435  700
e  425  432  598
e  426  431  837
e  426  430  11
e  427  499  824
e  427  636  223
e  427  559  258
e  428  441  310
e  429  472  83
e  429  494  283
e  429  488  700
e  430  436  837
e  430  442  311
e  431  436  11
e  432  434  700
e  433  550  201
e  433  549  321
e  433  495  410
e  434  435  598
e  434  443  283
e  435  439  487
e  436  457  36
e  436  454  311
e  437  463  412
e  437  462  742
e  438  464  400
e  438  463  642
e  439  440  718
e  440  461  844
e  440  458  283
e  441  453  489
e  442  454  837
e  442  465  50
e  443  460  718
e  443  481  11
e  444  445  857
e  444  505  793
e  444  482  414
e  445  480  414
e  446  577  816
e  446  505  223
e  447  473  490
e  448  501  703
e  449  469  157
e  450  490  580
e  451  452  166
e  451  466  377
e  452  453  842
e  452  477  377
e  453  541  377
e  453  566  580
e  453  507  5
e  454  467  36
e  454  484  50
e  455  456  946
e  455  481  469
e  456  457  668
e  456  487  469
e  456  470  311
e  457  467  311
e  458  459  598
e  458  474  844
e  458  516  11
e  459  460  487
e  459  509  11
e  460  504  11
e  461  488  989
e  461  510  283
e  461  474  283
e  462  475  412
e  462  485  966
e  463  478  400
e  463  475  742
e  464  489  666
e  464  478  642
e  465  484  837
e  465  493  36
e  465  498  545
e  466  525  882
e  466  477  166
e  467  470  668
e  467  486  50
e  468  605  490
e  468  499  808
e  469  490  177
e  469  471  550
e  470  496  469
e  470  491  50
e  471  492  177
e  471  506  574
e  472  479  283
e  473  501  584
e  473  476  304
e  474  513  283
e  474  527  11
e  475  547  400
e  475  622  817
e  475  518  966
e  476  514  584
e  476  483  919
e  477  586  882
e  477  637  580
e  477  541  842
e  478  511  666
e  478  547  742
e  479  546  52
e  479  503  700
e  479  494  83
e  480  482  857
e  480  607  852
e  481  504  718
e  481  487  946
e  482  558  793
e  482  647  852
e  483  524  584
e  483  523  654
e  483  517  83
e  484  486  36
e  485  518  412
e  485  568  817
e  486  491  668
e  486  493  837
e  487  515  718
e  487  496  311
e  488  500  283
e  489  582  821
e  489  511  642
e  490  497  86
e  490  492  550
e  491  512  469
e  491  532  545
e  491  508  837
e  492  502  86
e  492  572  703
e  492  540  574
e  493  508  668
e  493  521  545
e  494  500  700
e  495  519  321
e  496  526  718
e  496  512  50
e  497  551  489
e  497  502  550
e  498  521  36
e  498  525  310
e  499  747  490
e  499  682  223
e  500  503  83
e  500  528  283
e  500  510  989
e  501  530  308
e  501  553  157
e  501  514  304
e  502  560  489
e  502  574  703
e  503  587  52
e  503  640  677
e  503  531  283
e  504  509  487
e  504  515  946
e  505  591  816
e  505  558  414
e  506  540  177
e  506  537  703
e  507  551  580
e  508  529  545
e  509  516  598
e  509  522  946
e  510  513  283
e  511  623  821
e  511  725  153
e  511  761  817
e  511  599  742
e  512  552  718
e  512  534  545
e  513  528  989
e  513  545  83
e  513  544  11
e  514  570  157
e  514  524  919
e  515  522  487
e  515  526  311
e  516  527  844
e  516  543  946
e  517  520  654
e  518  588  817
e  519  549  410
e  519  627  333
e  520  523  83
e  520  536  555
e  521  529  668
e  521  561  469
e  521  556  310
e  522  543  598
e  522  533  311
e  523  578  584
e  523  592  555
e  524  576  157
e  524  578  654
e  525  556  36
e  525  595  469
e  525  586  166
e  526  533  487
e  526  552  50
e  527  544  283
e  527  555  946
e  528  531  83
e  529  532  837
e  529  542  469
e  530  539  157
e  531  645  677
e  531  598  11
e  531  545  989
e  532  534  469
e  533  554  598
e  533  584  283
e  533  562  50
e  534  596  718
e  534  580  310
e  534  542  837
e  535  909  796
e  536  592  83
e  536  628  584
e  536  605  483
e  537  538  389
e  537  557  177
e  538  539  91
e  538  575  177
e  538  571  308
e  539  553  308
e  540  557  703
e  541  621  580
e  542  565  310
e  542  561  668
e  543  555  844
e  543  554  311
e  544  581  83
e  544  563  946
e  545  581  11
e  546  568  677
e  546  587  700
e  547  599  666
e  547  686  817
e  548  582  333
e  549  990  972
e  549  727  333
e  550  794  972
e  551  566  5
e  551  560  550
e  552  562  487
e  552  596  545
e  553  571  91
e  553  570  304
e  554  567  844
e  554  573  283
e  555  563  283
e  555  567  311
e  556  564  469
e  557  572  574
e  557  579  86
e  557  575  389
e  558  676  816
e  558  699  852
e  559  616  223
e  559  577  751
e  560  583  5
e  560  604  703
e  561  564  310
e  562  589  283
e  562  606  545
e  563  626  83
e  563  569  311
e  564  565  668
e  564  653  166
e  564  595  36
e  565  580  837
e  565  715  283
e  565  684  166
e  566  621  377
e  566  583  550
e  567  569  283
e  568  588  412
e  568  601  700
e  569  632  83
e  569  603  50
e  569  573  844
e  570  594  177
e  570  576  919
e  571  585  177
e  572  574  86
e  573  597  50
e  573  584  598
e  574  604  489
e  574  643  304
e  574  579  574
e  575  609  86
e  575  608  304
e  575  585  308
e  576  600  177
e  576  614  654
e  577  591  223
e  578  614  157
e  578  611  555
e  579  619  304
e  579  609  389
e  580  625  718
e  580  666  283
e  581  598  989
e  581  626  946
e  582  624  755
e  582  631  153
e  582  623  642
e  583  644  377
e  583  620  703
e  584  589  50
e  585  593  304
e  586  633  469
e  586  683  703
e  586  673  580
e  587  601  677
e  588  622  966
e  588  613  700
e  589  597  598
e  589  610  545
e  590  669  796
e  590  615  327
e  591  616  751
e  591  701  824
e  591  676  414
e  592  611  584
e  593  594  91
e  593  608  308
e  593  602  919
e  594  600  919
e  595  633  166
e  596  606  487
e  596  630  283
e  596  625  310
e  597  603  844
e  597  639  545
e  598  659  677
e  598  672  946
e  599  687  817
e  600  602  91
e  600  655  86
e  600  634  654
e  601  613  412
e  601  651  283
e  601  640  52
e  602  618  86
e  603  662  83
e  603  641  545
e  604  620  5
e  604  646  304
e  605  688  584
e  605  702  157
e  605  747  808
e  606  610  283
e  607  647  857
e  607  669  198
e  608  612  86
e  609  612  304
e  610  639  598
e  610  638  310
e  610  630  487
e  611  642  157
e  611  628  83
e  612  619  389
e  612  617  919
e  613  656  966
e  613  722  11
e  613  668  283
e  614  634  177
e  614  642  555
e  615  675  796
e  616  636  258
e  617  618  308
e  617  629  389
e  617  661  489
e  618  665  489
e  618  660  654
e  618  655  91
e  619  643  574
e  619  629  919
e  620  650  377
e  620  677  304
e  621  637  842
e  621  652  703
e  621  644  550
e  622  686  400
e  622  656  700
e  623  654  153
e  624  627  153
e  625  635  283
e  626  672  989
e  626  632  311
e  627  727  410
e  627  726  642
e  627  631  755
e  628  664  157
e  628  688  483
e  629  649  489
e  630  635  310
e  631  654  642
e  632  678  989
e  632  662  50
e  633  653  36
e  633  691  703
e  634  657  86
e  634  663  555
e  635  638  487
e  635  773  703
e  635  666  718
e  636  682  824
e  637  673  882
e  637  658  703
e  638  671  598
e  638  716  844
e  638  792  703
e  639  641  844
e  639  671  310
e  640  645  283
e  641  692  83
e  641  674  310
e  642  663  177
e  642  664  83
e  643  646  489
e  644  650  703
e  645  651  52
e  645  659  11
e  646  677  5
e  646  648  919
e  647  699  793
e  647  697  327
e  648  649  574
e  648  680  5
e  649  661  389
e  650  652  550
e  650  670  842
e  650  712  882
e  650  710  919
e  651  668  412
e  651  667  11
e  652  658  842
e  653  684  668
e  653  714  703
e  654  726  755
e  654  820  410
e  654  823  817
e  654  725  821
e  655  657  654
e  656  724  666
e  656  738  11
e  657  660  91
e  657  693  555
e  658  679  882
e  658  670  550
e  659  667  52
e  659  721  412
e  659  719  311
e  660  685  489
e  661  665  308
e  662  718  989
e  662  692  545
e  663  693  86
e  663  689  83
e  664  689  177
e  664  694  483
e  665  685  654
e  666  768  703
e  666  759  166
e  666  715  837
e  667  681  412
e  668  681  11
e  669  675  327
e  670  690  882
e  671  674  844
e  672  678  311
e  673  679  703
e  674  717  83
e  674  838  703
e  674  716  598
e  675  698  857
e  675  696  821
e  676  809  824
e  676  870  327
e  676  797  852
e  677  680  919
e  678  720  677
e  678  718  50
e  679  683  580
e  679  695  469
e  679  690  550
e  680  711  377
e  680  706  654
e  681  722  283
e  681  749  966
e  681  742  311
e  681  721  52
e  682  854  490
e  682  700  751
e  683  691  469
e  684  731  283
e  684  728  703
e  685  709  5
e  685  704  555
e  686  687  666
e  687  761  742
e  687  723  700
e  688  694  157
e  689  741  86
e  689  703  483
e  690  713  469
e  690  734  919
e  690  712  842
e  691  714  36
e  691  695  580
e  692  744  989
e  692  757  677
e  692  717  310
e  693  705  489
e  693  741  83
e  694  703  177
e  694  702  584
e  695  737  36
e  695  713  550
e  696  808  857
e  696  965  793
e  696  909  640
e  697  698  198
e  697  751  793
e  698  755  793
e  698  808  821
e  699  797  816
e  699  751  327
e  700  701  258
e  700  949  490
e  701  967  490
e  701  809  414
e  702  770  177
e  702  845  808
e  703  752  86
e  703  833  489
e  703  770  584
e  704  705  91
e  704  753  5
e  704  810  483
e  705  774  483
e  705  758  83
e  706  707  308
e  706  750  377
e  706  775  882
e  707  708  389
e  707  781  882
e  708  709  574
e  708  786  882
e  708  783  555
e  709  753  555
e  710  711  304
e  710  729  882
e  711  730  882
e  711  750  654
e  712  729  919
e  713  766  36
e  713  739  919
e  714  728  668
e  714  737  580
e  715  731  166
e  716  832  703
e  717  760  677
e  717  852  703
e  718  732  677
e  718  744  545
e  719  720  946
e  719  733  412
e  720  735  412
e  720  732  50
e  721  733  311
e  722  738  966
e  723  724  400
e  723  800  742
e  723  819  153
e  723  793  11
e  724  782  11
e  725  788  817
e  726  762  410
e  727  1064  972
e  727  762  642
e  728  746  283
e  728  767  580
e  729  734  842
e  729  730  304
e  730  736  842
e  730  743  469
e  730  756  654
e  731  759  837
e  731  746  703
e  732  754  412
e  732  748  545
e  733  742  52
e  733  735  946
e  734  739  469
e  734  736  304
e  735  745  52
e  735  754  50
e  736  740  469
e  737  767  668
e  737  766  550
e  738  782  666
e  738  749  283
e  739  778  36
e  739  740  304
e  740  785  36
e  740  776  654
e  740  743  842
e  741  758  489
e  741  752  483
e  742  843  966
e  742  745  946
e  743  763  654
e  744  748  677
e  745  851  966
e  745  772  50
e  746  765  837
e  746  816  718
e  746  779  580
e  747  845  157
e  747  854  223
e  748  771  412
e  748  769  310
e  748  757  989
e  749  818  666
e  749  843  311
e  750  756  882
e  751  822  816
e  751  755  198
e  752  764  489
e  753  783  574
e  753  801  882
e  753  811  469
e  753  824  483
e  754  772  52
e  754  771  545
e  755  828  816
e  755  846  821
e  756  763  469
e  756  784  308
e  756  775  377
e  757  760  310
e  758  764  483
e  759  765  703
e  760  769  989
e  760  817  412
e  760  869  703
e  761  788  153
e  761  800  700
e  762  1133  972
e  762  987  700
e  762  820  755
e  763  776  842
e  763  826  555
e  763  789  308
e  764  774  83
e  764  835  5
e  764  871  469
e  764  956  808
e  764  833  86
e  765  768  166
e  765  777  718
e  766  802  668
e  766  778  919
e  767  779  283
e  767  802  550
e  768  773  718
e  769  780  412
e  770  911  489
e  770  863  808
e  771  787  52
e  771  780  310
e  772  862  966
e  772  787  545
e  773  792  487
e  773  777  166
e  774  810  91
e  775  781  308
e  776  821  36
e  776  836  555
e  777  829  487
e  777  850  580
e  777  816  837
e  778  805  668
e  778  785  304
e  779  841  718
e  779  815  919
e  779  806  550
e  780  799  52
e  780  817  989
e  781  784  377
e  781  786  389
e  782  793  400
e  782  818  283
e  783  795  882
e  784  789  469
e  785  814  283
e  785  821  654
e  786  791  469
e  786  795  555
e  787  865  966
e  787  799  310
e  788  823  821
e  788  804  700
e  789  812  555
e  789  790  389
e  790  791  377
e  790  798  555
e  791  796  555
e  792  832  844
e  792  829  166
e  793  853  153
e  793  830  283
e  794  1280  700
e  794  989  321
e  795  796  469
e  795  801  574
e  796  798  377
e  796  803  574
e  797  822  327
e  798  812  389
e  798  858  842
e  798  885  283
e  798  887  483
e  798  825  574
e  799  867  966
e  799  919  703
e  799  913  989
e  800  804  153
e  801  803  469
e  802  806  283
e  802  805  919
e  803  825  377
e  803  842  483
e  803  811  882
e  804  839  821
e  804  888  11
e  804  819  742
e  805  807  283
e  806  807  919
e  807  815  550
e  807  813  304
e  808  846  793
e  809  1000  490
e  809  929  327
e  810  824  5
e  811  840  483
e  812  826  308
e  812  844  842
e  813  814  668
e  813  827  550
e  813  837  654
e  814  831  654
e  815  849  718
e  815  827  304
e  816  841  580
e  817  913  52
e  817  884  703
e  818  830  400
e  818  882  311
e  819  853  11
e  820  917  817
e  821  831  283
e  821  848  555
e  822  870  852
e  822  939  824
e  822  828  198
e  823  917  410
e  823  839  700
e  824  840  469
e  824  834  83
e  825  860  483
e  826  836  842
e  827  855  718
e  828  948  824
e  828  910  821
e  829  926  844
e  829  878  919
e  830  894  153
e  830  935  310
e  830  901  311
e  831  837  668
e  831  856  555
e  832  838  598
e  832  934  919
e  832  926  166
e  833  940  808
e  833  911  584
e  834  835  91
e  834  847  469
e  835  857  469
e  836  848  36
e  836  844  308
e  837  877  718
e  837  875  555
e  838  852  83
e  838  937  919
e  839  923  410
e  839  895  11
e  840  842  882
e  840  847  83
e  841  850  837
e  841  849  919
e  842  860  377
e  842  859  83
e  843  882  666
e  843  851  946
e  844  864  36
e  844  858  389
e  845  863  177
e  845  907  223
e  846  910  816
e  846  1011  640
e  846  965  857
e  847  859  882
e  847  857  91
e  848  856  283
e  848  864  308
e  849  861  837
e  849  855  304
e  850  861  919
e  851  886  666
e  851  880  310
e  851  862  50
e  852  869  677
e  852  954  919
e  853  888  742
e  853  916  821
e  853  894  283
e  854  907  157
e  854  949  751
e  855  866  837
e  855  876  654
e  856  875  668
e  856  868  308
e  857  872  882
e  857  871  5
e  858  874  283
e  859  896  377
e  859  955  283
e  859  872  91
e  860  887  574
e  860  897  283
e  860  896  83
e  861  879  487
e  861  866  304
e  862  865  545
e  863  930  489
e  863  925  223
e  864  868  283
e  865  867  310
e  866  883  487
e  866  889  654
e  867  881  50
e  867  893  666
e  867  982  703
e  868  906  668
e  868  873  389
e  869  884  412
e  869  958  919
e  870  929  824
e  871  931  882
e  871  970  808
e  872  960  283
e  872  931  5
e  873  874  36
e  873  920  668
e  873  904  483
e  873  898  842
e  874  885  842
e  875  924  718
e  875  906  308
e  876  877  550
e  876  889  837
e  877  905  837
e  877  924  555
e  878  879  580
e  878  928  844
e  878  899  304
e  879  883  304
e  880  881  545
e  880  890  666
e  881  891  666
e  882  901  400
e  882  900  310
e  882  886  946
e  883  899  580
e  883  903  654
e  884  918  52
e  884  981  919
e  885  898  36
e  885  892  483
e  886  890  310
e  887  892  283
e  888  895  821
e  889  903  487
e  889  905  550
e  890  900  946
e  890  891  545
e  891  915  400
e  891  893  50
e  892  902  36
e  892  897  574
e  893  922  400
e  893  991  703
e  894  985  821
e  894  938  310
e  895  986  410
e  895  1045  310
e  895  1015  283
e  895  916  742
e  896  927  283
e  897  912  36
e  897  927  83
e  898  902  483
e  899  936  844
e  899  943  654
e  900  908  400
e  901  908  310
e  902  904  842
e  902  912  574
e  903  943  580
e  903  957  844
e  903  1006  555
e  903  921  550
e  904  933  668
e  904  932  574
e  905  921  487
e  905  946  555
e  906  942  483
e  906  920  389
e  907  925  177
e  907  995  751
e  908  935  311
e  908  945  153
e  908  914  545
e  909  1004  793
e  909  1077  816
e  910  1108  824
e  910  1022  640
e  911  930  808
e  912  932  842
e  912  941  83
e  913  918  703
e  914  915  946
e  914  951  153
e  915  959  153
e  915  922  50
e  916  985  283
e  917  923  700
e  918  919  989
e  918  1035  919
e  919  982  966
e  919  1089  666
e  919  1058  919
e  920  933  483
e  921  952  555
e  922  961  153
e  922  1007  703
e  923  988  755
e  923  986  11
e  924  946  837
e  924  976  487
e  924  974  483
e  925  968  489
e  925  1008  751
e  926  928  919
e  927  941  36
e  927  971  91
e  927  955  377
e  928  934  166
e  928  944  598
e  928  936  304
e  929  1061  490
e  929  966  198
e  929  939  852
e  930  940  584
e  930  969  86
e  930  1001  469
e  930  968  223
e  931  1040  283
e  931  1016  808
e  932  973  668
e  932  972  83
e  933  942  389
e  933  997  718
e  933  1026  83
e  933  973  574
e  934  937  598
e  935  938  153
e  936  947  598
e  936  953  654
e  937  954  83
e  937  950  304
e  937  944  166
e  938  1002  821
e  938  984  545
e  938  945  311
e  939  948  198
e  940  956  86
e  941  972  842
e  941  1025  668
e  941  1024  91
e  942  975  718
e  943  953  844
e  944  947  304
e  945  951  545
e  946  952  487
e  947  950  166
e  947  962  654
e  948  966  852
e  948  1095  157
e  948  1108  821
e  949  995  157
e  949  967  258
e  950  963  83
e  951  984  311
e  951  1036  821
e  951  983  50
e  951  959  946
e  952  1006  550
e  952  1020  844
e  952  1056  677
e  952  1017  483
e  952  976  837
e  953  962  598
e  953  957  580
e  954  958  677
e  954  963  304
e  955  960  91
e  956  970  469
e  956  969  584
e  957  977  598
e  957  1014  677
e  957  1013  555
e  958  981  412
e  958  964  304
e  959  961  50
e  960  971  377
e  960  1083  36
e  960  1050  808
e  960  1040  5
e  961  983  946
e  961  1059  821
e  961  1021  703
e  962  980  677
e  962  977  580
e  963  964  677
e  964  992  412
e  964  978  654
e  965  1004  640
e  966  1079  157
e  967  1012  157
e  967  1000  414
e  968  1003  469
e  968  1063  751
e  969  996  469
e  970  1016  882
e  970  1019  223
e  970  996  584
e  971  1024  36
e  972  994  668
e  973  994  83
e  974  975  308
e  974  1010  487
e  975  1031  487
e  975  997  389
e  976  1010  483
e  977  993  677
e  978  979  166
e  978  999  412
e  979  980  83
e  979  1009  412
e  979  998  580
e  980  993  580
e  981  1035  52
e  981  992  304
e  982  991  666
e  983  1053  821
e  984  1028  821
e  985  1015  742
e  985  1002  310
e  986  1046  755
e  986  1067  310
e  987  988  817
e  987  1143  972
e  988  1168  972
e  988  1046  11
e  989  990  201
e  989  1249  700
e  989  1122  333
e  990  1064  333
e  991  1007  400
e  991  1090  153
e  991  1102  919
e  991  1089  966
e  992  1048  52
e  992  999  654
e  993  998  83
e  993  1029  555
e  993  1014  598
e  994  1026  574
e  994  1055  718
e  994  1025  842
e  995  1008  177
e  995  1012  258
e  996  1005  223
e  996  1001  86
e  997  1051  487
e  997  1049  83
e  998  1018  412
e  998  1034  555
e  999  1054  52
e  999  1044  580
e  999  1009  166
e  1000  1023  157
e  1000  1061  327
e  1001  1003  223
e  1002  1032  742
e  1002  1028  545
e  1003  1005  86
e  1003  1071  751
e  1004  1011  857
e  1004  1038  816
e  1005  1019  584
e  1005  1068  882
e  1005  1125  751
e  1006  1013  844
e  1007  1021  153
e  1008  1063  489
e  1008  1030  258
e  1009  1018  580
e  1010  1017  837
e  1010  1031  308
e  1011  1022  816
e  1012  1030  177
e  1012  1023  414
e  1013  1027  677
e  1013  1020  550
e  1014  1027  555
e  1015  1032  310
e  1016  1047  283
e  1016  1039  223
e  1017  1065  677
e  1017  1041  308
e  1018  1044  166
e  1018  1043  555
e  1019  1039  882
e  1020  1033  677
e  1021  1072  821
e  1021  1138  919
e  1021  1090  400
e  1022  1177  824
e  1022  1244  469
e  1022  1038  857
e  1023  1037  177
e  1023  1066  327
e  1024  1104  668
e  1024  1126  808
e  1024  1083  377
e  1025  1174  718
e  1025  1104  91
e  1026  1049  718
e  1027  1029  598
e  1027  1033  550
e  1028  1060  742
e  1028  1036  311
e  1029  1034  83
e  1029  1042  550
e  1030  1037  414
e  1031  1041  837
e  1031  1051  389
e  1032  1045  283
e  1032  1093  410
e  1032  1060  545
e  1033  1042  598
e  1033  1070  483
e  1033  1056  844
e  1034  1043  412
e  1034  1052  550
e  1035  1058  989
e  1035  1048  304
e  1036  1092  742
e  1036  1101  703
e  1036  1053  50
e  1037  1082  469
e  1037  1075  327
e  1038  1296  469
e  1038  1077  793
e  1039  1062  283
e  1039  1068  584
e  1040  1047  808
e  1041  1105  677
e  1041  1069  389
e  1042  1052  83
e  1043  1087  166
e  1043  1137  52
e  1043  1152  483
e  1043  1057  550
e  1044  1087  555
e  1045  1067  410
e  1046  1170  972
e  1046  1155  310
e  1047  1050  5
e  1047  1062  223
e  1048  1074  989
e  1048  1054  654
e  1049  1097  487
e  1049  1055  574
e  1050  1114  36
e  1050  1073  223
e  1051  1069  837
e  1051  1097  83
e  1052  1057  412
e  1053  1091  703
e  1053  1059  946
e  1054  1076  989
e  1054  1109  555
e  1055  1136  487
e  1055  1241  223
e  1055  1212  91
e  1055  1174  842
e  1056  1065  483
e  1057  1084  483
e  1058  1100  666
e  1058  1088  654
e  1058  1074  304
e  1059  1072  703
e  1060  1098  410
e  1060  1113  703
e  1060  1092  311
e  1061  1066  157
e  1062  1073  5
e  1062  1210  751
e  1062  1096  584
e  1063  1071  469
e  1064  1122  201
e  1064  1156  700
e  1064  1133  642
e  1065  1070  844
e  1065  1105  308
e  1066  1075  177
e  1066  1078  198
e  1067  1155  755
e  1067  1169  703
e  1067  1121  545
e  1067  1093  283
e  1068  1096  283
e  1068  1134  751
e  1069  1123  677
e  1069  1127  83
e  1070  1086  412
e  1070  1128  308
e  1071  1125  86
e  1071  1080  414
e  1072  1091  946
e  1072  1132  742
e  1072  1213  410
e  1072  1218  919
e  1073  1131  36
e  1073  1221  751
e  1074  1076  654
e  1075  1111  469
e  1075  1094  198
e  1076  1088  304
e  1076  1115  666
e  1076  1163  555
e  1077  1326  469
e  1078  1079  490
e  1078  1094  177
e  1078  1099  852
e  1079  1095  852
e  1080  1081  258
e  1080  1149  283
e  1081  1082  489
e  1081  1157  283
e  1081  1118  327
e  1082  1111  327
e  1083  1114  808
e  1084  1085  598
e  1084  1152  550
e  1084  1181  52
e  1084  1166  308
e  1085  1086  83
e  1085  1151  308
e  1086  1135  308
e  1087  1110  52
e  1088  1112  666
e  1089  1100  919
e  1090  1129  919
e  1091  1101  50
e  1091  1106  742
e  1092  1103  703
e  1093  1098  545
e  1094  1124  469
e  1094  1107  852
e  1095  1099  490
e  1095  1117  177
e  1095  1193  821
e  1096  1140  751
e  1097  1127  837
e  1097  1136  574
e  1098  1121  283
e  1098  1120  703
e  1099  1107  177
e  1100  1102  966
e  1100  1112  654
e  1101  1103  742
e  1102  1129  153
e  1102  1116  654
e  1103  1113  311
e  1103  1130  410
e  1103  1106  50
e  1104  1186  718
e  1104  1185  223
e  1104  1176  808
e  1105  1128  844
e  1105  1150  412
e  1105  1123  389
e  1106  1142  410
e  1106  1132  946
e  1107  1139  469
e  1107  1117  490
e  1108  1193  157
e  1108  1209  469
e  1108  1177  640
e  1109  1110  580
e  1109  1163  989
e  1110  1187  989
e  1110  1198  483
e  1110  1137  166
e  1111  1118  489
e  1111  1124  198
e  1112  1116  966
e  1112  1115  304
e  1113  1120  410
e  1114  1126  377
e  1114  1131  223
e  1115  1119  966
e  1115  1179  555
e  1116  1141  153
e  1116  1119  304
e  1117  1173  469
e  1118  1172  283
e  1118  1145  198
e  1119  1146  153
e  1119  1188  555
e  1120  1154  283
e  1120  1264  755
e  1120  1130  311
e  1121  1154  703
e  1122  1191  700
e  1123  1162  412
e  1123  1158  83
e  1124  1145  489
e  1124  1139  852
e  1125  1134  882
e  1126  1176  668
e  1126  1144  223
e  1127  1158  677
e  1128  1135  412
e  1129  1138  400
e  1129  1141  654
e  1130  1294  755
e  1130  1142  50
e  1131  1144  377
e  1131  1251  751
e  1132  1167  410
e  1133  1143  700
e  1134  1140  283
e  1135  1151  83
e  1135  1165  389
e  1135  1150  844
e  1136  1202  677
e  1136  1260  223
e  1137  1171  483
e  1138  1218  821
e  1138  1153  654
e  1139  1160  489
e  1139  1240  821
e  1139  1173  490
e  1140  1210  584
e  1140  1147  414
e  1141  1153  400
e  1141  1146  304
e  1142  1302  755
e  1142  1167  946
e  1143  1156  642
e  1143  1190  11
e  1143  1168  817
e  1144  1178  668
e  1144  1314  751
e  1145  1184  283
e  1145  1160  852
e  1146  1159  400
e  1146  1196  555
e  1147  1148  86
e  1147  1234  5
e  1147  1232  327
e  1147  1164  258
e  1148  1149  882
e  1148  1161  258
e  1149  1157  258
e  1150  1162  389
e  1151  1166  598
e  1151  1180  389
e  1152  1171  52
e  1153  1225  821
e  1153  1159  304
e  1154  1169  545
e  1154  1204  755
e  1155  1229  972
e  1155  1189  703
e  1156  1191  201
e  1156  1203  11
e  1157  1161  882
e  1157  1172  327
e  1158  1183  412
e  1158  1201  574
e  1159  1242  821
e  1159  1217  555
e  1160  1195  283
e  1160  1246  821
e  1161  1164  86
e  1161  1175  327
e  1162  1165  844
e  1162  1183  83
e  1163  1179  666
e  1163  1187  580
e  1164  1182  327
e  1165  1180  83
e  1165  1194  83
e  1166  1268  52
e  1166  1197  389
e  1167  1368  755
e  1167  1367  654
e  1167  1293  919
e  1167  1213  742
e  1168  1170  11
e  1169  1189  755
e  1170  1190  817
e  1170  1214  642
e  1170  1237  201
e  1170  1265  703
e  1170  1229  310
e  1171  1198  166
e  1171  1257  666
e  1171  1181  550
e  1172  1175  882
e  1172  1184  198
e  1173  1199  821
e  1174  1186  91
e  1175  1182  86
e  1175  1192  198
e  1176  1178  223
e  1177  1216  469
e  1178  1185  808
e  1178  1220  718
e  1178  1321  751
e  1179  1188  966
e  1179  1207  580
e  1180  1197  598
e  1180  1206  83
e  1181  1275  666
e  1181  1268  308
e  1182  1232  258
e  1182  1254  5
e  1182  1205  198
e  1183  1194  844
e  1183  1238  574
e  1184  1192  882
e  1184  1195  852
e  1185  1211  718
e  1186  1212  842
e  1186  1211  223
e  1187  1207  666
e  1187  1223  483
e  1188  1196  153
e  1188  1227  580
e  1189  1239  972
e  1189  1204  545
e  1190  1203  642
e  1191  1249  333
e  1191  1215  11
e  1192  1205  86
e  1192  1208  852
e  1193  1200  469
e  1194  1206  83
e  1194  1299  574
e  1195  1208  882
e  1195  1253  821
e  1196  1217  400
e  1196  1228  580
e  1197  1316  52
e  1197  1226  83
e  1198  1223  989
e  1198  1248  666
e  1199  1200  177
e  1199  1240  490
e  1199  1252  489
e  1199  1222  640
e  1200  1219  640
e  1200  1209  157
e  1201  1202  837
e  1201  1238  412
e  1202  1274  412
e  1202  1288  223
e  1203  1215  201
e  1203  1214  817
e  1204  1290  972
e  1204  1264  283
e  1205  1285  5
e  1205  1231  852
e  1206  1226  598
e  1206  1309  574
e  1207  1227  966
e  1207  1236  153
e  1207  1230  483
e  1208  1231  86
e  1208  1297  821
e  1209  1216  640
e  1210  1221  5
e  1211  1235  842
e  1211  1220  808
e  1212  1235  223
e  1213  1271  919
e  1214  1224  201
e  1215  1279  333
e  1215  1317  703
e  1215  1224  817
e  1216  1219  157
e  1216  1244  824
e  1217  1310  821
e  1217  1277  483
e  1217  1269  580
e  1218  1271  410
e  1218  1225  654
e  1219  1222  177
e  1219  1272  824
e  1220  1247  842
e  1220  1353  677
e  1220  1349  327
e  1221  1251  36
e  1221  1233  414
e  1222  1258  489
e  1222  1284  283
e  1222  1283  824
e  1223  1230  666
e  1224  1295  703
e  1224  1237  642
e  1225  1281  410
e  1225  1242  304
e  1226  1322  52
e  1226  1417  223
e  1226  1358  574
e  1227  1228  153
e  1228  1269  400
e  1228  1245  483
e  1228  1236  966
e  1229  1239  703
e  1230  1243  153
e  1230  1263  166
e  1230  1248  989
e  1231  1320  5
e  1231  1344  36
e  1231  1342  640
e  1232  1250  5
e  1233  1234  584
e  1233  1256  36
e  1233  1255  327
e  1234  1250  327
e  1235  1241  91
e  1235  1247  808
e  1236  1243  483
e  1237  1278  703
e  1238  1299  844
e  1238  1324  223
e  1238  1274  837
e  1239  1265  310
e  1239  1282  201
e  1239  1290  545
e  1240  1246  489
e  1241  1260  487
e  1241  1262  808
e  1242  1307  410
e  1242  1310  555
e  1243  1245  966
e  1243  1276  166
e  1244  1272  157
e  1244  1296  857
e  1245  1270  400
e  1245  1305  166
e  1246  1253  283
e  1246  1259  640
e  1246  1252  490
e  1247  1262  91
e  1247  1298  487
e  1248  1257  166
e  1249  1280  321
e  1249  1279  11
e  1250  1255  584
e  1250  1254  258
e  1251  1314  377
e  1251  1256  414
e  1252  1258  640
e  1253  1297  882
e  1253  1261  640
e  1254  1273  584
e  1254  1291  36
e  1254  1285  198
e  1255  1266  36
e  1255  1273  258
e  1256  1318  377
e  1256  1266  327
e  1257  1263  989
e  1257  1289  153
e  1257  1275  550
e  1258  1259  490
e  1258  1267  283
e  1259  1261  283
e  1260  1288  677
e  1260  1287  808
e  1261  1308  882
e  1261  1267  490
e  1262  1287  487
e  1263  1276  153
e  1264  1294  311
e  1265  1278  201
e  1266  1323  377
e  1266  1286  258
e  1267  1341  882
e  1267  1340  824
e  1267  1284  489
e  1268  1361  153
e  1268  1359  83
e  1268  1316  389
e  1269  1270  483
e  1270  1277  580
e  1270  1394  821
e  1270  1363  550
e  1271  1293  742
e  1271  1281  654
e  1272  1283  177
e  1273  1286  36
e  1274  1313  223
e  1275  1292  153
e  1276  1305  966
e  1276  1300  550
e  1276  1289  989
e  1277  1365  821
e  1278  1295  642
e  1278  1282  310
e  1279  1303  321
e  1279  1329  703
e  1280  1303  11
e  1281  1301  742
e  1281  1307  304
e  1282  1311  642
e  1282  1372  545
e  1283  1327  283
e  1284  1327  824
e  1285  1304  36
e  1285  1320  852
e  1286  1312  198
e  1286  1291  584
e  1287  1306  677
e  1287  1298  91
e  1288  1313  412
e  1288  1306  808
e  1289  1292  550
e  1290  1372  201
e  1290  1369  50
e  1291  1304  198
e  1292  1300  989
e  1292  1362  966
e  1292  1360  308
e  1293  1301  654
e  1294  1302  50
e  1295  1317  817
e  1295  1311  310
e  1296  1339  283
e  1296  1326  793
e  1297  1308  640
e  1298  1319  677
e  1299  1309  83
e  1300  1315  966
e  1301  1367  919
e  1301  1388  755
e  1301  1325  304
e  1302  1371  972
e  1302  1368  946
e  1303  1331  703
e  1304  1312  584
e  1304  1330  852
e  1305  1315  550
e  1306  1333  412
e  1306  1319  91
e  1307  1325  742
e  1307  1366  555
e  1308  1343  86
e  1308  1524  857
e  1308  1341  490
e  1309  1358  598
e  1309  1356  223
e  1310  1366  410
e  1310  1365  483
e  1311  1375  321
e  1311  1422  545
e  1312  1348  668
e  1312  1345  852
e  1313  1324  837
e  1313  1333  808
e  1314  1321  668
e  1314  1318  414
e  1315  1364  400
e  1315  1408  308
e  1315  1362  989
e  1316  1322  83
e  1317  1329  333
e  1318  1328  668
e  1318  1323  327
e  1319  1354  412
e  1319  1352  842
e  1320  1330  36
e  1321  1328  414
e  1322  1359  389
e  1322  1385  153
e  1322  1441  223
e  1323  1332  668
e  1324  1357  83
e  1324  1355  808
e  1325  1421  755
e  1325  1387  555
e  1326  1381  283
e  1326  1334  496
e  1327  1340  489
e  1327  1337  857
e  1328  1332  327
e  1329  1331  321
e  1330  1345  584
e  1330  1427  668
e  1330  1424  640
e  1330  1344  5
e  1331  1378  369
e  1331  1373  310
e  1332  1351  718
e  1332  1346  198
e  1333  1355  837
e  1333  1354  91
e  1334  1335  796
e  1334  1400  283
e  1335  1336  816
e  1335  1411  283
e  1336  1420  283
e  1337  1338  157
e  1337  1397  489
e  1337  1416  793
e  1338  1339  177
e  1338  1412  793
e  1339  1381  793
e  1340  1401  882
e  1340  1397  857
e  1341  1401  824
e  1342  1343  821
e  1342  1409  36
e  1343  1418  36
e  1343  1583  857
e  1344  1409  640
e  1345  1383  668
e  1346  1347  258
e  1346  1379  718
e  1347  1348  377
e  1347  1389  718
e  1347  1393  852
e  1348  1383  852
e  1349  1350  414
e  1349  1398  677
e  1350  1351  751
e  1350  1403  677
e  1351  1407  677
e  1351  1379  198
e  1352  1353  487
e  1352  1413  412
e  1352  1410  327
e  1353  1398  327
e  1354  1443  837
e  1354  1430  327
e  1354  1413  842
e  1355  1390  83
e  1355  1443  91
e  1356  1357  844
e  1356  1384  598
e  1356  1391  808
e  1357  1390  808
e  1358  1384  223
e  1359  1380  153
e  1360  1361  666
e  1360  1395  966
e  1360  1386  83
e  1361  1380  83
e  1362  1395  308
e  1363  1364  166
e  1363  1481  821
e  1364  1507  821
e  1364  1434  308
e  1365  1404  410
e  1365  1394  580
e  1366  1387  742
e  1366  1404  483
e  1367  1382  755
e  1368  1399  972
e  1368  1382  654
e  1369  1370  311
e  1369  1455  201
e  1370  1371  283
e  1370  1447  654
e  1371  1406  654
e  1371  1399  946
e  1372  1422  642
e  1372  1472  654
e  1372  1455  50
e  1373  1374  817
e  1373  1396  369
e  1374  1375  333
e  1374  1436  369
e  1374  1493  545
e  1375  1462  545
e  1376  1377  11
e  1376  2720  327
e  1376  1893  654
e  1376  1534  310
e  1377  1378  700
e  1377  1463  310
e  1378  1396  310
e  1379  1426  677
e  1379  1389  258
e  1380  1386  666
e  1380  1385  389
e  1381  1412  177
e  1381  1400  496
e  1382  1402  972
e  1382  1388  919
e  1383  1393  377
e  1383  1427  584
e  1384  1417  574
e  1384  1453  52
e  1384  1433  808
e  1385  1392  666
e  1385  1466  223
e  1386  1428  966
e  1386  1392  389
e  1387  1483  972
e  1387  1448  483
e  1388  1405  972
e  1388  1421  304
e  1389  1440  677
e  1389  1415  852
e  1390  1391  844
e  1390  1469  91
e  1391  1433  598
e  1391  1506  327
e  1391  1489  91
e  1392  1444  966
e  1392  1486  223
e  1393  1415  718
e  1394  1465  410
e  1394  1481  550
e  1395  1408  989
e  1395  1428  83
e  1396  1463  700
e  1396  1650  654
e  1396  1601  545
e  1396  1436  817
e  1397  1429  882
e  1397  1451  793
e  1398  1410  487
e  1398  1403  414
e  1399  1402  654
e  1400  1432  177
e  1400  1411  796
e  1401  1429  857
e  1402  1406  946
e  1402  1405  919
e  1403  1419  487
e  1403  1407  751
e  1404  1448  742
e  1404  1465  580
e  1405  1414  946
e  1405  1435  304
e  1406  1447  283
e  1406  1414  919
e  1407  1425  487
e  1407  1426  198
e  1408  1434  400
e  1408  1446  83
e  1409  1424  5
e  1409  1418  821
e  1410  1423  412
e  1410  1419  414
e  1411  1457  177
e  1411  1420  816
e  1412  1416  157
e  1412  1432  496
e  1413  1423  327
e  1414  1454  283
e  1414  1491  201
e  1414  1484  304
e  1415  1450  677
e  1415  1499  640
e  1415  1476  584
e  1416  1451  489
e  1416  1438  496
e  1417  1441  52
e  1418  1439  5
e  1418  1585  857
e  1419  1431  412
e  1419  1425  751
e  1420  1497  177
e  1420  1630  882
e  1420  2248  677
e  1420  2572  153
e  1420  1877  469
e  1421  1435  972
e  1422  1462  321
e  1422  1532  654
e  1423  1430  842
e  1423  1431  414
e  1424  1468  668
e  1424  1439  821
e  1425  1437  412
e  1425  1442  198
e  1426  1442  487
e  1426  1440  258
e  1427  1477  718
e  1427  1468  640
e  1428  1446  989
e  1428  1444  389
e  1429  1525  490
e  1429  1474  496
e  1430  1487  837
e  1430  1445  414
e  1431  1445  842
e  1431  1437  751
e  1432  1438  157
e  1432  1457  796
e  1433  1490  52
e  1433  1537  327
e  1434  1545  821
e  1434  1456  83
e  1435  1484  946
e  1435  1531  201
e  1435  1482  555
e  1436  1503  545
e  1437  1452  842
e  1437  1449  198
e  1438  1458  489
e  1438  1467  796
e  1439  1488  668
e  1439  1671  677
e  1439  1670  857
e  1440  1459  487
e  1440  1450  852
e  1441  1466  153
e  1441  1453  574
e  1442  1449  412
e  1442  1459  258
e  1443  1469  83
e  1443  1487  327
e  1444  1470  989
e  1444  1502  400
e  1444  1522  223
e  1445  1505  837
e  1445  1452  751
e  1446  1456  400
e  1446  1470  389
e  1447  1461  201
e  1447  1454  919
e  1448  1523  972
e  1448  1561  580
e  1449  1473  842
e  1449  1464  258
e  1450  1479  412
e  1450  1513  640
e  1451  1458  496
e  1452  1517  837
e  1452  1473  198
e  1453  1501  153
e  1453  1490  808
e  1454  1471  201
e  1455  1460  654
e  1456  1556  821
e  1456  1480  389
e  1457  1467  157
e  1457  1497  816
e  1458  1475  882
e  1458  1498  796
e  1459  1464  412
e  1460  1461  311
e  1460  1472  50
e  1460  1485  919
e  1461  1471  919
e  1462  1493  333
e  1462  1533  369
e  1462  1544  654
e  1463  1534  11
e  1463  1709  654
e  1464  1514  842
e  1464  1478  852
e  1465  1561  742
e  1465  1552  550
e  1466  1486  666
e  1466  1501  574
e  1467  1498  489
e  1467  1510  816
e  1468  1494  718
e  1468  1488  821
e  1469  1489  844
e  1469  1495  327
e  1470  1480  400
e  1471  1485  311
e  1471  1515  304
e  1471  1491  283
e  1472  1532  642
e  1472  1492  919
e  1473  1518  837
e  1473  1528  83
e  1473  1514  258
e  1474  1475  793
e  1474  1582  490
e  1474  1632  36
e  1475  1654  36
e  1475  1511  796
e  1476  1477  377
e  1476  1496  640
e  1477  1494  640
e  1478  1479  487
e  1478  1527  842
e  1478  1550  640
e  1479  1541  640
e  1480  1587  821
e  1480  1555  223
e  1480  1502  989
e  1481  1552  410
e  1481  1507  166
e  1482  1483  755
e  1482  1551  201
e  1482  1539  483
e  1483  1523  483
e  1484  1504  201
e  1485  1492  50
e  1485  1557  304
e  1486  1522  966
e  1486  1549  808
e  1486  1530  574
e  1487  1495  83
e  1487  1505  414
e  1488  1508  718
e  1488  1633  677
e  1489  1500  327
e  1490  1512  153
e  1490  1566  327
e  1491  1504  304
e  1492  1546  642
e  1492  1575  304
e  1493  1503  369
e  1494  1496  377
e  1494  1508  821
e  1495  1500  844
e  1495  1509  414
e  1496  1499  584
e  1496  1526  677
e  1496  1516  821
e  1497  1510  157
e  1497  1598  882
e  1498  1511  882
e  1498  1542  816
e  1499  1513  677
e  1500  1506  91
e  1500  1520  414
e  1501  1530  666
e  1501  1512  808
e  1502  1547  223
e  1503  1601  817
e  1503  1564  654
e  1503  1533  333
e  1504  1515  283
e  1504  1574  555
e  1504  1531  946
e  1505  1509  83
e  1505  1517  751
e  1506  1537  598
e  1506  1554  414
e  1507  1592  410
e  1507  1545  308
e  1508  1516  377
e  1508  1553  677
e  1509  1520  844
e  1509  1529  198
e  1509  1519  751
e  1510  1542  489
e  1510  1567  882
e  1511  1681  36
e  1511  1548  816
e  1512  1538  666
e  1512  1573  327
e  1513  1541  412
e  1513  1543  821
e  1513  1526  584
e  1514  1562  83
e  1514  1527  852
e  1515  1557  311
e  1515  1593  555
e  1516  1535  677
e  1517  1519  83
e  1517  1518  198
e  1518  1521  83
e  1519  1521  198
e  1520  1554  91
e  1520  1536  198
e  1521  1529  751
e  1521  1540  844
e  1521  1569  852
e  1521  1528  837
e  1522  1547  400
e  1522  1584  808
e  1523  1539  755
e  1523  1628  580
e  1524  1525  824
e  1524  1583  86
e  1524  1599  36
e  1525  1603  36
e  1525  1582  496
e  1526  1535  821
e  1527  1565  83
e  1527  1615  640
e  1528  1562  258
e  1529  1536  844
e  1530  1538  808
e  1531  1551  555
e  1532  1544  321
e  1532  1546  919
e  1533  1559  654
e  1534  1796  654
e  1535  1543  584
e  1535  1568  412
e  1535  1553  377
e  1536  1572  598
e  1536  1540  751
e  1537  1566  52
e  1537  1563  414
e  1538  1549  574
e  1538  1605  966
e  1538  1591  327
e  1539  1596  201
e  1539  1689  580
e  1540  1580  598
e  1540  1578  852
e  1541  1550  487
e  1541  1560  821
e  1542  1548  882
e  1543  1560  412
e  1544  1559  369
e  1544  1558  919
e  1545  1602  410
e  1545  1556  83
e  1546  1558  321
e  1546  1588  304
e  1547  1555  989
e  1547  1608  808
e  1548  1756  36
e  1548  1915  677
e  1548  1631  157
e  1548  1567  489
e  1549  1584  966
e  1550  1615  842
e  1550  1634  83
e  1550  1577  821
e  1551  1574  946
e  1551  1596  483
e  1552  1675  742
e  1552  1644  83
e  1552  1592  166
e  1553  1617  412
e  1553  1700  496
e  1553  1690  857
e  1553  1633  718
e  1554  1563  598
e  1555  1614  821
e  1555  1643  808
e  1556  1609  410
e  1556  1587  389
e  1557  1575  50
e  1557  1613  642
e  1558  1576  369
e  1558  1594  304
e  1559  1564  333
e  1559  1576  919
e  1560  1577  487
e  1560  1568  584
e  1561  1628  972
e  1561  1675  550
e  1562  1565  852
e  1563  1589  52
e  1563  1571  198
e  1564  1625  817
e  1564  1581  919
e  1565  1570  837
e  1565  1621  640
e  1566  1573  153
e  1566  1589  414
e  1567  1598  157
e  1568  1618  487
e  1568  1766  496
e  1568  1617  377
e  1569  1570  258
e  1569  1578  844
e  1570  1579  844
e  1571  1572  91
e  1571  1595  52
e  1571  1600  153
e  1571  1586  751
e  1572  1580  751
e  1573  1591  666
e  1573  1590  414
e  1574  1593  283
e  1574  1657  483
e  1575  1588  642
e  1576  1581  333
e  1576  1610  304
e  1577  1659  83
e  1577  1618  584
e  1578  1619  598
e  1578  1579  258
e  1579  1626  598
e  1579  1663  153
e  1579  1635  640
e  1580  1586  91
e  1580  1616  153
e  1580  1619  852
e  1581  1658  817
e  1581  1627  304
e  1582  1606  36
e  1583  1585  36
e  1584  1608  400
e  1584  1605  574
e  1585  1670  5
e  1585  1611  496
e  1585  1599  86
e  1586  1604  153
e  1587  1653  410
e  1587  1614  223
e  1588  1594  321
e  1588  1613  50
e  1589  1590  153
e  1589  1595  198
e  1590  1623  666
e  1590  1597  198
e  1591  1641  966
e  1591  1640  198
e  1591  1623  414
e  1592  1602  308
e  1593  1648  321
e  1593  1668  483
e  1594  1610  369
e  1594  1620  50
e  1595  1597  153
e  1596  1657  946
e  1596  1741  321
e  1596  1792  369
e  1596  1767  580
e  1597  1624  666
e  1597  1607  751
e  1597  1600  52
e  1598  1631  489
e  1598  1630  177
e  1599  1603  824
e  1600  1604  751
e  1601  1625  654
e  1602  1609  83
e  1603  1606  496
e  1604  1607  52
e  1604  1616  91
e  1605  1642  400
e  1605  1641  327
e  1606  1612  86
e  1606  1669  793
e  1606  1632  490
e  1607  1639  666
e  1607  1660  852
e  1607  1622  91
e  1608  1643  989
e  1608  1674  327
e  1608  1642  574
e  1609  1645  166
e  1609  1665  223
e  1609  1653  389
e  1610  1627  333
e  1610  1662  555
e  1610  1649  50
e  1611  1612  824
e  1611  1682  5
e  1611  1686  677
e  1612  1711  677
e  1612  1685  793
e  1613  1620  321
e  1614  1656  410
e  1614  1694  808
e  1615  1621  83
e  1616  1622  52
e  1616  1629  852
e  1617  1708  496
e  1618  1781  83
e  1618  1769  496
e  1619  1629  153
e  1619  1626  258
e  1620  1649  369
e  1620  1646  555
e  1621  1636  844
e  1621  1666  821
e  1621  1634  842
e  1622  1638  852
e  1623  1624  198
e  1624  1640  414
e  1624  1680  966
e  1624  1639  751
e  1625  1650  545
e  1625  1658  919
e  1626  1637  153
e  1627  1726  817
e  1627  1676  555
e  1628  1689  755
e  1628  1715  550
e  1629  1638  52
e  1629  1637  258
e  1630  1773  489
e  1630  2054  677
e  1631  1990  677
e  1631  1773  177
e  1632  1654  793
e  1633  1683  857
e  1633  1671  668
e  1634  1659  821
e  1635  1636  837
e  1635  1672  153
e  1635  1691  821
e  1636  1688  821
e  1637  1652  52
e  1637  1678  640
e  1637  1663  598
e  1638  1660  91
e  1638  1667  666
e  1638  1652  258
e  1639  1707  966
e  1639  1664  852
e  1640  1673  966
e  1641  1655  400
e  1641  1673  198
e  1642  1655  327
e  1643  1694  821
e  1643  1693  327
e  1644  1645  308
e  1644  1721  742
e  1645  1733  742
e  1645  1724  223
e  1646  1647  311
e  1646  1651  369
e  1647  1648  642
e  1647  1661  369
e  1648  1695  483
e  1649  1651  555
e  1650  1709  700
e  1650  1706  919
e  1651  1662  50
e  1651  1705  333
e  1651  1725  483
e  1651  1661  311
e  1652  1679  666
e  1652  1696  640
e  1653  1656  223
e  1654  1669  490
e  1654  1698  86
e  1654  1681  796
e  1655  1674  574
e  1655  1714  989
e  1655  1697  198
e  1656  1665  389
e  1656  1800  972
e  1656  1825  327
e  1656  1737  808
e  1657  1668  283
e  1657  1734  321
e  1658  1706  545
e  1658  1726  304
e  1659  1666  842
e  1659  1718  844
e  1659  1782  153
e  1659  1781  584
e  1660  1664  666
e  1661  1703  483
e  1662  1676  333
e  1663  1672  640
e  1664  1722  966
e  1664  1701  258
e  1664  1667  91
e  1665  1724  166
e  1665  1790  972
e  1666  1688  844
e  1667  1679  258
e  1668  1695  321
e  1669  1685  86
e  1670  1677  677
e  1670  1682  496
e  1671  1677  857
e  1672  1678  598
e  1672  1712  821
e  1673  1697  400
e  1673  1680  414
e  1674  1693  989
e  1675  1715  972
e  1675  1721  83
e  1676  1795  817
e  1676  1753  483
e  1676  1705  50
e  1677  1683  668
e  1677  1684  496
e  1678  1696  52
e  1678  1727  821
e  1679  1701  91
e  1679  1713  640
e  1680  1702  400
e  1680  1707  751
e  1681  1716  86
e  1681  1774  677
e  1681  1756  816
e  1682  1684  677
e  1683  1690  718
e  1683  1687  496
e  1684  1687  668
e  1684  1686  5
e  1685  1730  677
e  1685  1729  796
e  1685  1698  490
e  1686  1699  668
e  1686  1711  824
e  1687  1692  718
e  1687  1699  5
e  1688  1691  837
e  1688  1746  153
e  1688  1718  842
e  1689  1767  201
e  1689  1836  223
e  1689  1804  550
e  1690  1692  496
e  1691  1712  153
e  1692  1700  857
e  1692  1710  412
e  1692  1740  824
e  1692  1717  5
e  1693  1720  821
e  1693  1752  198
e  1693  1714  574
e  1694  1737  410
e  1694  1720  327
e  1695  1704  369
e  1695  1734  283
e  1696  1713  666
e  1696  1736  821
e  1697  1732  989
e  1697  1702  414
e  1698  1716  796
e  1699  1717  718
e  1699  1723  824
e  1700  1708  412
e  1701  1747  966
e  1701  1758  640
e  1702  1744  989
e  1702  1719  751
e  1703  1704  642
e  1703  1725  311
e  1703  1735  333
e  1703  1793  946
e  1704  1742  283
e  1705  1728  483
e  1706  1754  700
e  1706  1816  304
e  1707  1719  400
e  1707  1722  852
e  1708  1766  377
e  1708  1710  857
e  1709  1796  11
e  1709  1754  919
e  1710  1780  487
e  1710  1743  824
e  1711  1723  668
e  1711  1730  793
e  1712  1727  598
e  1712  1784  52
e  1712  1783  842
e  1712  1746  837
e  1713  1758  91
e  1713  1785  966
e  1713  1755  821
e  1714  1732  198
e  1715  1804  755
e  1715  1738  83
e  1716  1729  490
e  1716  1762  677
e  1717  1731  824
e  1718  1757  153
e  1719  1787  989
e  1719  1739  852
e  1720  1760  410
e  1720  1759  198
e  1721  1738  972
e  1721  1733  308
e  1722  1739  400
e  1722  1747  258
e  1723  1731  718
e  1723  1763  793
e  1724  1751  742
e  1725  1728  333
e  1726  1816  545
e  1726  1848  700
e  1726  1795  555
e  1727  1736  52
e  1728  1753  50
e  1728  2080  817
e  1728  2092  223
e  1728  1735  311
e  1729  1750  677
e  1730  1763  668
e  1730  1750  796
e  1731  1740  5
e  1731  1745  412
e  1731  1765  793
e  1732  1752  574
e  1732  1764  821
e  1732  1744  414
e  1733  1748  972
e  1733  1751  223
e  1734  1742  369
e  1734  1741  946
e  1735  2038  223
e  1735  1864  946
e  1736  1755  666
e  1736  1784  598
e  1737  1760  327
e  1738  1812  755
e  1738  1791  223
e  1738  1748  308
e  1739  1799  989
e  1739  1770  258
e  1740  1743  412
e  1741  1749  369
e  1742  1749  946
e  1743  1838  487
e  1743  1778  793
e  1743  1745  5
e  1744  1771  821
e  1744  1787  751
e  1745  1768  793
e  1746  1757  842
e  1747  1770  400
e  1747  1772  640
e  1748  1761  223
e  1749  1794  642
e  1749  1910  580
e  1749  1792  321
e  1750  1777  412
e  1750  1762  490
e  1751  1761  972
e  1752  1759  821
e  1753  1831  817
e  1754  1837  11
e  1754  1827  304
e  1755  1814  966
e  1755  1896  496
e  1755  1886  842
e  1755  1821  598
e  1756  1809  677
e  1757  1783  837
e  1757  1870  496
e  1757  1835  584
e  1757  1782  844
e  1758  1772  966
e  1759  1797  410
e  1759  1788  414
e  1759  1764  574
e  1760  1825  808
e  1760  1832  972
e  1760  1797  198
e  1761  1791  308
e  1761  1830  755
e  1761  1845  389
e  1761  1789  166
e  1762  1801  412
e  1762  1774  86
e  1763  1765  718
e  1764  1771  414
e  1765  1768  412
e  1766  1769  487
e  1767  1897  369
e  1767  1839  223
e  1768  1778  5
e  1768  1775  796
e  1769  1820  83
e  1769  1779  857
e  1770  1786  640
e  1771  1788  574
e  1771  1813  410
e  1771  1798  751
e  1772  1786  400
e  1772  1785  91
e  1773  2023  677
e  1774  1819  412
e  1774  1809  816
e  1775  1776  668
e  1775  1807  5
e  1775  1810  490
e  1776  1777  718
e  1776  1808  490
e  1777  1801  490
e  1778  1841  487
e  1778  1807  796
e  1779  1780  377
e  1779  1849  83
e  1779  1863  153
e  1779  1881  793
e  1779  1866  824
e  1780  1838  824
e  1781  1811  153
e  1781  1820  496
e  1782  1811  584
e  1783  1842  52
e  1783  1873  496
e  1784  1821  666
e  1784  1842  842
e  1785  1802  400
e  1785  1814  821
e  1786  1824  821
e  1786  1856  821
e  1786  1802  91
e  1787  1798  821
e  1787  1799  852
e  1788  1806  410
e  1789  1790  742
e  1789  1803  389
e  1790  1800  389
e  1791  1815  755
e  1792  1897  580
e  1793  1794  283
e  1793  1864  333
e  1794  1892  333
e  1794  1970  223
e  1794  1954  580
e  1795  1865  700
e  1795  1831  483
e  1796  1893  310
e  1796  1837  919
e  1797  1860  972
e  1797  1806  414
e  1798  1818  410
e  1798  1805  852
e  1799  1805  821
e  1800  1803  742
e  1800  1829  327
e  1801  1808  718
e  1801  1840  816
e  1801  1819  86
e  1802  1817  821
e  1803  1845  166
e  1803  1844  327
e  1804  1826  223
e  1804  1812  83
e  1805  1828  410
e  1805  1822  640
e  1806  1872  972
e  1806  1889  852
e  1806  1843  751
e  1806  1813  574
e  1807  1858  487
e  1807  1879  490
e  1808  1810  668
e  1808  1851  816
e  1809  1833  412
e  1809  1915  36
e  1810  1879  5
e  1810  1862  816
e  1811  1835  844
e  1811  1834  496
e  1812  1815  223
e  1813  1818  751
e  1814  1817  400
e  1814  1943  496
e  1815  1826  83
e  1815  1847  201
e  1815  1830  308
e  1816  1827  700
e  1817  1856  91
e  1817  1887  821
e  1817  1946  496
e  1818  1843  574
e  1818  1828  852
e  1819  1833  816
e  1820  1834  153
e  1820  1849  857
e  1821  1855  842
e  1822  1823  258
e  1822  1852  410
e  1823  1824  989
e  1823  1859  410
e  1823  1888  821
e  1824  1871  821
e  1825  1829  972
e  1826  1836  550
e  1827  1926  11
e  1827  1868  555
e  1827  1848  545
e  1828  1857  574
e  1828  1852  640
e  1829  1844  742
e  1829  1832  808
e  1830  1867  201
e  1830  1906  327
e  1830  1891  389
e  1831  1911  700
e  1831  2126  223
e  1831  2080  50
e  1832  1850  742
e  1832  1860  198
e  1833  1840  86
e  1833  1861  718
e  1833  2174  153
e  1833  2056  157
e  1833  1993  36
e  1834  1854  844
e  1834  1853  857
e  1835  1854  496
e  1836  1839  201
e  1837  2001  310
e  1837  2081  555
e  1837  1926  304
e  1838  1866  377
e  1838  1841  793
e  1839  1929  369
e  1839  1846  83
e  1840  1851  718
e  1841  1869  377
e  1841  1858  796
e  1842  1855  666
e  1842  1874  496
e  1843  1857  852
e  1844  1890  166
e  1844  1905  755
e  1844  1850  808
e  1845  1891  755
e  1845  1890  327
e  1846  1847  550
e  1846  1952  369
e  1847  1981  369
e  1847  1980  327
e  1847  1867  308
e  1848  1865  555
e  1849  1853  153
e  1850  1913  755
e  1850  1875  198
e  1851  1862  668
e  1851  1861  86
e  1852  1900  574
e  1852  1924  972
e  1852  1859  258
e  1853  1882  844
e  1853  1916  793
e  1853  1863  83
e  1854  1870  584
e  1854  1885  666
e  1854  1882  857
e  1855  1886  598
e  1855  1876  496
e  1856  1871  821
e  1857  1889  751
e  1857  1901  972
e  1857  1900  640
e  1858  1880  377
e  1858  1927  153
e  1858  1957  816
e  1858  1934  490
e  1859  1933  972
e  1859  1899  821
e  1860  1875  742
e  1860  1872  414
e  1861  1878  668
e  1861  2110  153
e  1862  1920  5
e  1862  1974  487
e  1862  2011  153
e  1862  1878  86
e  1863  1902  793
e  1864  2017  223
e  1864  1892  283
e  1865  1868  545
e  1865  1911  483
e  1866  1869  793
e  1867  1909  327
e  1868  1948  11
e  1868  1941  483
e  1869  1881  824
e  1869  1903  153
e  1869  1880  796
e  1870  1873  837
e  1871  1888  989
e  1871  1887  91
e  1872  1904  742
e  1872  1898  852
e  1873  1874  52
e  1874  1876  666
e  1875  1928  755
e  1875  1904  414
e  1876  1895  598
e  1876  1883  584
e  1877  2673  153
e  1878  2037  153
e  1879  1934  487
e  1879  1920  816
e  1880  1907  153
e  1881  1902  153
e  1882  1908  666
e  1882  1955  793
e  1883  1884  837
e  1883  1922  598
e  1883  1919  857
e  1884  1885  52
e  1884  1912  857
e  1885  1908  857
e  1886  1895  496
e  1887  1923  989
e  1887  1937  410
e  1887  1982  496
e  1888  1899  410
e  1888  1923  91
e  1889  1898  972
e  1890  1894  755
e  1891  1894  327
e  1892  1987  223
e  1893  2693  327
e  1893  2460  483
e  1893  2001  919
e  1894  1906  389
e  1894  1917  201
e  1894  1925  808
e  1894  1905  166
e  1895  1896  842
e  1895  1949  857
e  1895  1922  584
e  1896  1943  966
e  1896  1953  857
e  1897  1910  321
e  1897  1929  223
e  1898  1931  742
e  1898  1901  751
e  1899  1956  972
e  1899  1930  91
e  1900  1914  972
e  1901  1938  742
e  1901  1914  640
e  1902  1916  83
e  1902  1903  824
e  1903  1918  83
e  1903  1907  796
e  1904  1951  755
e  1904  1931  852
e  1905  1913  808
e  1906  1909  201
e  1907  1921  83
e  1907  1927  377
e  1908  1912  52
e  1908  1959  793
e  1909  1980  308
e  1909  1991  369
e  1909  1978  198
e  1909  1917  389
e  1910  1954  642
e  1910  1940  223
e  1911  1941  545
e  1911  2260  11
e  1911  2196  223
e  1912  1919  837
e  1912  1969  793
e  1913  1925  166
e  1913  1939  201
e  1913  1928  198
e  1914  1947  742
e  1914  1950  258
e  1914  1924  574
e  1915  1993  412
e  1915  1990  157
e  1916  1955  844
e  1916  1935  796
e  1916  1918  824
e  1917  1932  808
e  1918  1921  796
e  1919  1936  598
e  1919  2005  793
e  1920  1944  487
e  1921  1935  824
e  1921  1967  844
e  1921  1975  666
e  1921  2021  816
e  1921  1994  377
e  1922  1936  857
e  1923  1930  410
e  1924  1933  258
e  1925  1932  201
e  1926  1948  555
e  1927  1994  83
e  1927  1963  816
e  1928  1942  201
e  1928  1951  414
e  1929  1940  321
e  1929  1952  83
e  1930  2020  972
e  1930  2024  496
e  1930  1937  989
e  1931  1971  755
e  1931  1977  640
e  1931  1938  751
e  1932  1945  198
e  1932  1939  166
e  1933  1950  574
e  1933  1995  742
e  1933  1956  821
e  1934  1944  816
e  1935  1958  844
e  1936  1949  584
e  1936  1960  842
e  1936  2018  966
e  1936  2013  793
e  1937  2007  496
e  1938  1947  640
e  1939  1942  198
e  1940  1962  642
e  1940  1966  83
e  1941  2000  11
e  1942  1945  166
e  1942  1961  414
e  1943  1946  400
e  1943  1976  857
e  1944  1957  490
e  1944  1965  153
e  1944  1974  5
e  1945  1979  389
e  1945  2041  369
e  1945  1997  414
e  1946  1982  821
e  1946  1985  857
e  1947  1977  751
e  1947  1986  755
e  1947  1973  258
e  1948  2081  304
e  1948  2146  310
e  1948  2000  483
e  1949  1953  842
e  1950  1973  742
e  1951  1961  201
e  1951  1971  852
e  1952  1966  321
e  1952  1998  327
e  1952  1981  550
e  1953  1976  966
e  1953  1960  584
e  1954  1962  223
e  1955  1959  666
e  1955  1958  796
e  1956  2010  742
e  1956  2098  496
e  1956  2020  91
e  1957  1963  153
e  1958  1964  666
e  1958  1967  824
e  1959  1969  52
e  1959  1964  796
e  1960  2003  966
e  1961  1997  166
e  1961  1984  852
e  1962  1970  580
e  1962  1999  333
e  1962  2015  83
e  1963  2012  83
e  1963  1965  490
e  1964  1972  52
e  1964  1968  824
e  1965  2029  83
e  1965  2002  5
e  1966  2015  642
e  1966  2004  327
e  1967  1968  666
e  1968  1988  52
e  1968  1975  844
e  1969  2005  837
e  1969  1972  796
e  1970  1987  333
e  1971  1984  201
e  1971  1983  640
e  1972  2009  837
e  1972  1988  824
e  1973  2026  755
e  1973  2025  821
e  1973  1995  574
e  1974  2002  153
e  1975  2042  816
e  1976  1985  400
e  1976  2003  584
e  1977  1983  755
e  1978  1979  808
e  1978  2019  369
e  1979  2027  369
e  1980  1989  369
e  1981  1989  327
e  1982  2007  410
e  1982  2031  857
e  1983  1992  201
e  1983  1986  751
e  1984  2036  166
e  1984  1992  640
e  1985  2031  821
e  1985  2006  584
e  1986  1996  201
e  1986  2026  258
e  1987  2017  283
e  1987  1999  580
e  1988  2030  837
e  1988  2062  598
e  1988  2060  816
e  1989  1998  550
e  1989  2008  321
e  1989  1991  308
e  1990  2028  412
e  1990  2023  177
e  1991  2014  321
e  1991  2019  198
e  1992  2039  166
e  1992  1996  751
e  1993  2028  157
e  1994  2012  816
e  1995  2010  821
e  1996  2070  166
e  1996  2096  369
e  1996  2032  258
e  1997  2051  369
e  1997  2036  852
e  1998  2004  321
e  1999  2079  283
e  1999  2078  327
e  1999  2040  83
e  2000  2168  310
e  2000  2279  223
e  2000  2260  545
e  2001  2386  483
e  2001  2123  555
e  2002  2128  83
e  2002  2057  86
e  2002  2011  487
e  2003  2006  400
e  2003  2018  842
e  2004  2033  642
e  2004  2008  550
e  2005  2013  598
e  2005  2009  796
e  2006  2067  821
e  2006  2065  796
e  2006  2022  842
e  2007  2024  989
e  2007  2048  857
e  2008  2014  308
e  2009  2016  598
e  2009  2030  824
e  2010  2025  574
e  2010  2069  201
e  2010  2118  496
e  2011  2037  86
e  2012  2021  377
e  2012  2029  490
e  2013  2043  966
e  2013  2016  796
e  2014  2034  198
e  2015  2040  333
e  2015  2033  327
e  2016  2044  966
e  2016  2035  824
e  2017  2038  946
e  2017  2101  327
e  2017  2079  580
e  2018  2022  400
e  2018  2043  793
e  2019  2034  321
e  2019  2027  808
e  2020  2053  496
e  2021  2042  666
e  2022  2045  793
e  2023  2055  412
e  2023  2054  489
e  2024  2053  972
e  2024  2090  857
e  2025  2049  755
e  2026  2032  201
e  2026  2049  821
e  2027  2046  321
e  2027  2041  389
e  2028  2056  36
e  2028  2055  177
e  2029  2059  666
e  2029  2128  5
e  2030  2035  598
e  2031  2048  410
e  2031  2067  584
e  2032  2119  369
e  2032  2052  821
e  2033  2050  333
e  2033  2075  198
e  2034  2077  642
e  2034  2046  808
e  2035  2064  400
e  2035  2062  837
e  2036  2039  640
e  2037  2057  487
e  2037  2283  666
e  2037  2282  157
e  2037  2110  668
e  2038  2092  311
e  2038  2114  327
e  2039  2072  369
e  2039  2070  751
e  2040  2050  327
e  2041  2051  414
e  2042  2061  52
e  2042  2058  490
e  2043  2045  400
e  2043  2044  796
e  2044  2047  400
e  2045  2047  796
e  2046  2089  642
e  2046  2073  414
e  2047  2066  842
e  2047  2103  821
e  2047  2063  824
e  2048  2090  989
e  2048  2111  972
e  2048  2121  796
e  2048  2091  584
e  2049  2052  201
e  2050  2078  83
e  2050  2105  283
e  2050  2085  198
e  2051  2074  321
e  2051  2071  640
e  2052  2131  369
e  2052  2068  574
e  2053  2098  91
e  2053  2139  742
e  2053  2094  857
e  2054  2109  412
e  2054  2248  882
e  2055  2155  36
e  2055  2234  153
e  2055  2109  489
e  2056  2183  153
e  2056  2155  177
e  2057  2176  666
e  2058  2059  377
e  2058  2095  52
e  2059  2120  52
e  2059  2149  5
e  2060  2061  844
e  2060  2125  598
e  2060  2157  400
e  2060  2107  490
e  2061  2095  490
e  2062  2129  400
e  2062  2125  816
e  2063  2064  966
e  2063  2108  821
e  2063  2140  816
e  2064  2137  816
e  2064  2129  837
e  2065  2066  793
e  2065  2086  821
e  2066  2087  821
e  2067  2091  410
e  2067  2086  796
e  2068  2069  755
e  2068  2201  369
e  2068  2152  496
e  2069  2142  496
e  2070  2084  369
e  2071  2072  852
e  2071  2082  321
e  2072  2083  321
e  2072  2084  751
e  2073  2074  389
e  2073  2106  642
e  2073  2099  640
e  2074  2082  640
e  2075  2076  308
e  2075  2085  333
e  2076  2077  550
e  2076  2093  333
e  2077  2100  333
e  2077  2089  808
e  2078  2088  283
e  2079  2088  327
e  2080  2115  223
e  2081  2123  310
e  2082  2099  389
e  2082  2083  852
e  2083  2112  389
e  2083  2132  642
e  2083  2104  751
e  2084  2104  321
e  2084  2096  166
e  2085  2136  283
e  2085  2160  808
e  2085  2093  308
e  2086  2097  410
e  2086  2087  793
e  2087  2102  410
e  2087  2116  824
e  2087  2103  842
e  2088  2101  580
e  2088  2145  946
e  2088  2105  83
e  2089  2113  333
e  2089  2106  414
e  2090  2094  972
e  2091  2097  796
e  2092  2115  817
e  2092  2167  327
e  2093  2133  808
e  2093  2100  550
e  2094  2189  742
e  2094  2165  796
e  2094  2111  989
e  2095  2107  844
e  2095  2120  377
e  2096  2143  321
e  2096  2119  258
e  2097  2121  584
e  2097  2102  793
e  2098  2118  742
e  2099  2117  642
e  2099  2112  852
e  2100  2113  808
e  2101  2114  946
e  2102  2130  584
e  2102  2158  972
e  2102  2127  824
e  2103  2108  824
e  2104  2153  642
e  2104  2150  258
e  2104  2143  166
e  2105  2161  946
e  2105  2136  198
e  2106  2124  333
e  2106  2117  640
e  2107  2184  400
e  2107  2156  377
e  2108  2116  842
e  2108  2138  410
e  2108  2171  816
e  2109  2249  153
e  2109  2301  882
e  2110  2187  157
e  2110  2174  718
e  2111  2148  796
e  2112  2122  642
e  2113  2133  550
e  2113  2124  414
e  2114  2167  311
e  2114  2208  817
e  2114  2181  198
e  2114  2145  580
e  2115  2126  50
e  2115  2173  327
e  2116  2127  410
e  2117  2134  333
e  2117  2122  852
e  2118  2142  201
e  2118  2139  91
e  2119  2147  321
e  2119  2131  821
e  2120  2156  844
e  2120  2219  5
e  2121  2148  972
e  2121  2130  793
e  2122  2144  333
e  2122  2132  389
e  2123  2209  483
e  2123  2146  304
e  2124  2159  550
e  2124  2134  640
e  2125  2135  400
e  2126  2196  700
e  2126  2195  327
e  2127  2178  972
e  2127  2138  842
e  2128  2149  666
e  2129  2135  816
e  2130  2151  972
e  2131  2154  321
e  2131  2225  496
e  2131  2201  574
e  2132  2163  333
e  2132  2153  751
e  2133  2160  308
e  2133  2159  414
e  2134  2164  550
e  2134  2144  852
e  2135  2137  837
e  2135  2141  966
e  2135  2157  598
e  2136  2166  946
e  2136  2192  640
e  2137  2140  966
e  2138  2203  972
e  2138  2185  816
e  2139  2170  201
e  2139  2189  857
e  2140  2171  821
e  2140  2141  837
e  2141  2197  490
e  2141  2177  598
e  2142  2152  755
e  2142  2170  91
e  2143  2147  258
e  2144  2186  550
e  2144  2231  283
e  2144  2191  751
e  2144  2163  389
e  2145  2161  83
e  2146  2168  483
e  2147  2150  166
e  2147  2154  821
e  2148  2165  989
e  2148  2151  793
e  2149  2219  52
e  2149  2175  86
e  2150  2199  642
e  2150  2162  821
e  2151  2169  989
e  2151  2158  584
e  2152  2216  369
e  2152  2255  857
e  2152  2190  91
e  2153  2172  333
e  2153  2204  821
e  2153  2199  258
e  2154  2162  166
e  2154  2239  642
e  2154  2229  496
e  2155  2214  153
e  2156  2236  400
e  2156  2284  5
e  2157  2177  966
e  2157  2184  490
e  2158  2198  989
e  2158  2178  824
e  2159  2164  640
e  2160  2179  640
e  2161  2166  198
e  2162  2200  642
e  2163  2172  751
e  2164  2180  308
e  2164  2186  852
e  2165  2241  742
e  2165  2169  793
e  2166  2182  580
e  2166  2218  640
e  2167  2173  817
e  2168  2209  304
e  2168  2459  327
e  2168  2436  223
e  2169  2245  742
e  2169  2254  201
e  2169  2253  824
e  2169  2198  584
e  2170  2190  755
e  2170  2202  857
e  2171  2185  410
e  2171  2220  490
e  2172  2191  389
e  2172  2210  821
e  2173  2195  50
e  2173  2213  198
e  2173  2208  311
e  2174  2183  157
e  2175  2176  83
e  2175  2235  52
e  2175  2371  157
e  2176  2347  157
e  2176  2283  487
e  2177  2188  490
e  2178  2215  989
e  2178  2238  816
e  2178  2203  842
e  2179  2180  414
e  2179  2193  283
e  2180  2194  283
e  2181  2182  83
e  2181  2212  817
e  2182  2227  817
e  2182  2243  640
e  2183  2187  718
e  2183  2214  177
e  2184  2188  966
e  2184  2236  377
e  2185  2222  972
e  2185  2224  490
e  2186  2206  283
e  2187  2282  668
e  2187  2346  666
e  2187  2250  177
e  2188  2197  598
e  2188  2252  821
e  2188  2251  377
e  2189  2202  201
e  2189  2241  796
e  2190  2217  857
e  2191  2244  283
e  2191  2266  821
e  2192  2193  808
e  2192  2218  946
e  2192  2207  414
e  2193  2194  414
e  2194  2207  808
e  2194  2226  946
e  2194  2205  852
e  2195  2228  700
e  2195  2233  198
e  2196  2278  11
e  2196  2228  327
e  2197  2221  821
e  2198  2215  824
e  2199  2200  821
e  2200  2204  258
e  2200  2211  333
e  2200  2239  166
e  2201  2216  496
e  2202  2217  755
e  2202  2242  796
e  2203  2222  816
e  2204  2210  333
e  2205  2206  308
e  2205  2232  946
e  2206  2275  946
e  2206  2256  751
e  2206  2231  550
e  2207  2223  946
e  2208  2212  198
e  2209  2386  555
e  2209  2519  919
e  2209  2568  327
e  2210  2266  389
e  2210  2294  283
e  2210  2211  258
e  2211  2300  283
e  2211  2299  496
e  2211  2265  166
e  2212  2213  311
e  2212  2227  83
e  2213  2233  50
e  2213  2269  640
e  2213  2240  83
e  2214  2250  718
e  2214  2302  489
e  2214  2234  36
e  2215  2253  584
e  2215  2292  201
e  2215  2274  816
e  2216  2225  574
e  2216  2230  321
e  2216  2271  857
e  2217  2255  91
e  2217  2287  369
e  2217  2261  796
e  2218  2243  580
e  2218  2258  817
e  2218  2223  414
e  2219  2284  844
e  2219  2235  86
e  2220  2221  837
e  2220  2224  410
e  2221  2237  410
e  2221  2252  598
e  2222  2238  842
e  2222  2335  989
e  2222  2262  490
e  2223  2263  817
e  2223  2257  852
e  2223  2226  808
e  2224  2262  972
e  2224  2237  837
e  2225  2229  321
e  2226  2232  852
e  2227  2240  311
e  2227  2246  640
e  2228  2311  11
e  2228  2270  198
e  2229  2272  642
e  2229  2230  574
e  2230  2320  642
e  2230  2306  857
e  2231  2244  751
e  2232  2257  808
e  2232  2276  817
e  2232  2308  751
e  2232  2275  308
e  2233  2270  700
e  2233  2281  640
e  2234  2249  489
e  2235  2303  844
e  2235  2323  400
e  2235  2397  157
e  2236  2251  966
e  2236  2304  5
e  2237  2297  972
e  2237  2325  377
e  2237  2273  598
e  2238  2274  989
e  2239  2265  333
e  2239  2272  496
e  2240  2259  640
e  2241  2242  201
e  2241  2245  793
e  2242  2261  755
e  2242  2247  793
e  2243  2246  817
e  2244  2256  550
e  2244  2280  821
e  2245  2247  201
e  2246  2259  311
e  2246  2268  414
e  2246  2258  580
e  2247  2264  755
e  2247  2293  824
e  2247  2254  742
e  2248  2301  412
e  2248  2544  153
e  2249  2302  36
e  2249  2468  666
e  2249  2396  882
e  2250  2359  666
e  2250  2369  489
e  2251  2285  821
e  2251  2324  5
e  2252  2273  410
e  2252  2285  377
e  2253  2286  201
e  2254  2286  824
e  2255  2271  369
e  2256  2291  946
e  2256  2314  821
e  2257  2267  817
e  2258  2263  414
e  2259  2269  83
e  2259  2295  50
e  2259  2277  414
e  2260  2278  223
e  2261  2319  369
e  2261  2264  793
e  2262  2376  989
e  2262  2404  201
e  2262  2452  377
e  2262  2297  837
e  2263  2268  580
e  2263  2267  852
e  2264  2327  369
e  2264  2315  824
e  2265  2290  496
e  2266  2280  283
e  2267  2289  311
e  2267  2276  808
e  2268  2277  311
e  2269  2281  50
e  2270  2354  11
e  2270  2310  640
e  2271  2306  321
e  2271  2287  91
e  2272  2290  333
e  2272  2320  574
e  2273  2296  377
e  2274  2326  201
e  2274  2335  842
e  2275  2291  751
e  2276  2298  311
e  2276  2322  751
e  2277  2312  50
e  2277  2288  852
e  2278  2279  545
e  2278  2311  327
e  2279  2436  310
e  2279  2317  327
e  2280  2314  550
e  2280  2336  946
e  2280  2307  258
e  2280  2294  389
e  2281  2310  700
e  2281  2295  83
e  2282  2318  666
e  2283  2318  157
e  2284  2304  400
e  2284  2303  86
e  2285  2296  410
e  2285  2334  5
e  2286  2293  742
e  2286  2292  584
e  2287  2330  321
e  2287  2319  796
e  2288  2289  580
e  2288  2316  50
e  2288  2309  808
e  2289  2298  808
e  2290  2299  166
e  2290  2403  857
e  2290  2344  574
e  2291  2308  308
e  2291  2333  817
e  2291  2321  821
e  2292  2305  742
e  2292  2326  816
e  2293  2315  755
e  2293  2305  584
e  2294  2300  258
e  2295  2312  414
e  2296  2325  598
e  2296  2332  972
e  2296  2343  5
e  2297  2328  377
e  2298  2309  580
e  2298  2350  751
e  2299  2366  283
e  2299  2434  857
e  2300  2307  389
e  2300  2379  946
e  2300  2366  496
e  2301  2396  153
e  2302  2369  718
e  2302  2448  666
e  2303  2313  400
e  2304  2324  966
e  2304  2313  86
e  2305  2329  755
e  2305  2340  816
e  2306  2357  642
e  2306  2378  796
e  2306  2330  91
e  2307  2349  946
e  2308  2322  817
e  2309  2337  50
e  2310  2385  11
e  2310  2384  852
e  2310  2338  414
e  2311  2317  545
e  2311  2354  198
e  2312  2339  700
e  2312  2316  852
e  2313  2331  966
e  2313  2323  844
e  2314  2321  946
e  2315  2367  369
e  2315  2329  584
e  2316  2341  700
e  2316  2337  808
e  2317  2440  310
e  2317  2362  198
e  2318  2347  487
e  2318  2370  177
e  2318  2346  668
e  2319  2352  321
e  2319  2327  793
e  2320  2344  333
e  2320  2357  857
e  2321  2345  817
e  2321  2353  258
e  2321  2336  550
e  2322  2350  311
e  2322  2355  821
e  2322  2333  308
e  2323  2374  410
e  2323  2430  157
e  2324  2334  821
e  2324  2331  86
e  2325  2328  972
e  2326  2340  742
e  2326  2419  490
e  2326  2377  842
e  2327  2358  321
e  2327  2367  824
e  2328  2452  837
e  2328  2492  201
e  2328  2412  86
e  2328  2332  598
e  2329  2388  369
e  2329  2356  816
e  2330  2352  796
e  2331  2342  821
e  2332  2375  86
e  2332  2361  5
e  2333  2345  821
e  2334  2343  410
e  2334  2342  86
e  2335  2377  201
e  2335  2376  490
e  2336  2349  258
e  2337  2360  700
e  2337  2382  751
e  2338  2339  83
e  2338  2351  852
e  2339  2341  852
e  2340  2356  755
e  2340  2423  490
e  2341  2351  83
e  2341  2360  808
e  2342  2348  410
e  2343  2361  972
e  2343  2348  86
e  2344  2368  857
e  2345  2355  308
e  2345  2381  311
e  2345  2364  258
e  2346  2359  177
e  2347  2371  83
e  2347  2410  177
e  2348  2363  972
e  2348  2372  844
e  2349  2353  550
e  2349  2380  817
e  2349  2379  389
e  2350  2383  50
e  2350  2365  821
e  2351  2384  414
e  2351  2422  11
e  2351  2458  808
e  2352  2378  91
e  2352  2358  793
e  2353  2364  817
e  2354  2362  545
e  2354  2385  640
e  2355  2365  311
e  2356  2393  369
e  2356  2432  490
e  2357  2368  333
e  2357  2395  796
e  2358  2405  91
e  2358  2413  642
e  2358  2399  824
e  2359  2370  668
e  2359  2494  972
e  2359  2417  489
e  2360  2458  83
e  2360  2465  11
e  2360  2457  821
e  2360  2391  751
e  2361  2363  86
e  2362  2478  310
e  2362  2389  640
e  2363  2375  5
e  2363  2418  598
e  2363  2556  201
e  2363  2484  157
e  2363  2398  844
e  2364  2392  311
e  2364  2426  496
e  2364  2380  550
e  2365  2390  50
e  2365  2414  258
e  2365  2381  308
e  2366  2401  946
e  2366  2453  817
e  2366  2467  857
e  2367  2399  321
e  2367  2420  816
e  2367  2388  584
e  2368  2403  574
e  2368  2407  796
e  2369  2417  666
e  2370  2410  487
e  2370  2490  972
e  2371  2397  52
e  2371  2429  177
e  2372  2373  966
e  2372  2398  972
e  2373  2374  821
e  2373  2411  972
e  2374  2431  972
e  2374  2438  157
e  2375  2412  598
e  2376  2387  201
e  2377  2387  490
e  2378  2395  642
e  2378  2405  793
e  2379  2400  817
e  2379  2401  496
e  2380  2415  496
e  2380  2400  389
e  2381  2392  258
e  2382  2383  580
e  2382  2391  700
e  2382  2394  821
e  2383  2390  821
e  2384  2416  11
e  2385  2389  545
e  2385  2416  852
e  2386  2460  919
e  2387  2419  842
e  2387  2424  742
e  2387  2508  755
e  2387  2404  989
e  2388  2393  816
e  2389  2486  310
e  2389  2439  852
e  2390  2394  580
e  2390  2406  700
e  2390  2427  258
e  2391  2402  821
e  2392  2414  308
e  2392  2444  50
e  2392  2455  700
e  2392  2437  496
e  2393  2420  584
e  2393  2433  321
e  2393  2471  490
e  2394  2402  700
e  2395  2407  333
e  2395  2409  793
e  2396  2592  666
e  2396  2652  972
e  2396  2740  469
e  2396  2544  412
e  2397  2430  400
e  2397  2450  972
e  2397  2446  177
e  2398  2451  157
e  2398  2411  966
e  2399  2462  642
e  2399  2428  816
e  2400  2408  496
e  2401  2408  817
e  2402  2457  751
e  2402  2477  11
e  2402  2456  258
e  2402  2406  580
e  2403  2434  166
e  2403  2488  796
e  2404  2537  755
e  2404  2480  377
e  2405  2409  642
e  2406  2435  258
e  2407  2488  574
e  2407  2511  166
e  2407  2421  793
e  2408  2415  389
e  2408  2470  311
e  2408  2513  857
e  2408  2453  946
e  2409  2421  333
e  2409  2413  91
e  2410  2429  83
e  2410  2487  972
e  2411  2443  157
e  2411  2431  821
e  2412  2496  201
e  2412  2418  5
e  2413  2425  333
e  2413  2462  824
e  2414  2427  50
e  2415  2426  550
e  2415  2454  311
e  2416  2439  545
e  2416  2422  414
e  2417  2500  972
e  2417  2499  36
e  2417  2448  718
e  2418  2506  201
e  2419  2423  742
e  2420  2428  321
e  2421  2523  166
e  2421  2538  283
e  2421  2562  824
e  2421  2425  91
e  2422  2445  545
e  2422  2464  808
e  2423  2432  755
e  2423  2424  842
e  2424  2441  755
e  2425  2472  824
e  2426  2437  311
e  2427  2435  700
e  2427  2444  308
e  2428  2479  642
e  2428  2433  584
e  2429  2446  52
e  2429  2483  972
e  2430  2438  410
e  2431  2442  157
e  2432  2471  369
e  2432  2441  842
e  2433  2510  642
e  2433  2509  490
e  2434  2467  283
e  2434  2495  796
e  2435  2456  580
e  2435  2474  496
e  2435  2447  308
e  2436  2440  327
e  2437  2461  700
e  2437  2454  550
e  2438  2442  972
e  2439  2552  310
e  2439  2445  414
e  2440  2459  223
e  2440  2611  304
e  2440  2585  640
e  2440  2478  198
e  2441  2481  369
e  2441  2550  989
e  2441  2508  742
e  2442  2443  821
e  2442  2473  177
e  2442  2449  400
e  2443  2451  966
e  2443  2475  177
e  2444  2447  700
e  2445  2564  310
e  2445  2518  821
e  2445  2493  808
e  2446  2466  972
e  2447  2463  496
e  2447  2455  50
e  2448  2468  36
e  2449  2450  410
e  2449  2469  177
e  2450  2466  177
e  2451  2484  844
e  2451  2491  177
e  2452  2480  201
e  2453  2498  857
e  2454  2470  389
e  2455  2461  496
e  2456  2521  11
e  2456  2482  496
e  2457  2476  11
e  2458  2464  11
e  2459  2568  304
e  2460  2644  327
e  2460  2519  555
e  2461  2463  50
e  2461  2514  389
e  2462  2472  333
e  2462  2479  816
e  2463  2474  308
e  2463  2582  580
e  2463  2598  11
e  2463  2603  857
e  2463  2532  389
e  2464  2493  545
e  2464  2485  821
e  2464  2465  83
e  2465  2476  821
e  2466  2469  410
e  2466  2483  52
e  2467  2498  817
e  2467  2512  796
e  2468  2499  718
e  2468  2559  972
e  2468  2592  882
e  2469  2473  400
e  2469  2505  821
e  2469  2501  668
e  2470  2515  700
e  2470  2543  857
e  2471  2509  321
e  2471  2481  842
e  2472  2562  91
e  2472  2489  816
e  2473  2475  821
e  2474  2482  580
e  2475  2491  966
e  2475  2547  489
e  2475  2531  668
e  2475  2505  400
e  2476  2485  83
e  2476  2477  751
e  2477  2517  545
e  2477  2540  496
e  2477  2521  258
e  2478  2486  640
e  2479  2489  333
e  2479  2510  584
e  2480  2561  755
e  2480  2507  86
e  2480  2492  837
e  2481  2542  321
e  2481  2577  86
e  2482  2524  11
e  2482  2582  308
e  2483  2487  83
e  2484  2560  201
e  2484  2548  177
e  2485  2497  545
e  2486  2585  198
e  2486  2628  304
e  2486  2552  852
e  2487  2490  487
e  2488  2495  166
e  2489  2609  91
e  2489  2615  283
e  2489  2520  584
e  2490  2494  668
e  2491  2548  844
e  2491  2614  201
e  2491  2566  489
e  2492  2496  86
e  2493  2497  821
e  2494  2504  410
e  2494  2500  489
e  2495  2512  283
e  2495  2511  574
e  2496  2507  837
e  2496  2506  5
e  2497  2518  808
e  2497  2516  751
e  2498  2513  946
e  2498  2541  796
e  2499  2554  972
e  2500  2522  410
e  2500  2554  36
e  2501  2502  487
e  2501  2526  821
e  2502  2503  83
e  2502  2530  821
e  2502  2529  489
e  2503  2504  52
e  2503  2525  489
e  2504  2522  489
e  2505  2526  668
e  2506  2549  837
e  2506  2594  755
e  2506  2565  157
e  2506  2556  598
e  2507  2563  755
e  2507  2549  5
e  2508  2537  989
e  2509  2580  642
e  2509  2542  842
e  2510  2520  333
e  2510  2580  490
e  2511  2523  793
e  2512  2541  817
e  2512  2527  793
e  2513  2543  311
e  2513  2553  796
e  2514  2515  550
e  2514  2532  50
e  2515  2539  50
e  2515  2558  857
e  2516  2517  83
e  2516  2584  808
e  2516  2583  496
e  2517  2551  496
e  2518  2599  310
e  2518  2584  751
e  2519  2630  327
e  2520  2697  283
e  2520  2587  490
e  2521  2524  496
e  2522  2525  52
e  2522  2545  821
e  2522  2573  36
e  2523  2528  283
e  2524  2540  258
e  2524  2555  545
e  2524  2664  857
e  2524  2595  308
e  2525  2529  83
e  2525  2534  821
e  2526  2531  400
e  2526  2530  487
e  2527  2528  574
e  2527  2557  817
e  2528  2581  817
e  2528  2538  166
e  2529  2533  821
e  2530  2533  489
e  2531  2535  489
e  2532  2590  857
e  2532  2539  550
e  2533  2536  400
e  2533  2534  83
e  2534  2546  400
e  2534  2545  52
e  2535  2536  487
e  2535  2547  668
e  2535  2575  966
e  2536  2601  966
e  2536  2546  83
e  2537  2550  742
e  2537  2561  377
e  2538  2610  817
e  2538  2597  824
e  2539  2571  857
e  2540  2551  545
e  2541  2553  946
e  2541  2557  793
e  2542  2645  642
e  2542  2633  86
e  2543  2558  700
e  2543  2588  796
e  2544  2734  469
e  2544  2572  677
e  2545  2574  400
e  2545  2600  36
e  2546  2655  966
e  2546  2641  36
e  2546  2574  52
e  2547  2566  966
e  2548  2586  201
e  2549  2576  755
e  2550  2567  377
e  2551  2583  83
e  2551  2555  258
e  2552  2723  304
e  2552  2564  414
e  2553  2588  311
e  2553  2570  793
e  2554  2573  410
e  2554  2559  718
e  2555  2626  83
e  2555  2702  310
e  2555  2668  857
e  2556  2560  157
e  2557  2570  946
e  2557  2581  574
e  2558  2571  50
e  2558  2591  796
e  2559  2593  410
e  2559  2617  882
e  2560  2565  598
e  2560  2586  177
e  2561  2567  742
e  2561  2563  86
e  2562  2597  283
e  2562  2609  816
e  2563  2569  742
e  2563  2576  5
e  2564  2763  304
e  2564  2599  821
e  2565  2622  755
e  2565  2621  177
e  2566  2637  201
e  2566  2575  668
e  2567  2569  86
e  2568  2630  919
e  2568  2629  640
e  2568  2611  223
e  2569  2579  369
e  2569  2589  5
e  2570  2604  311
e  2570  2625  700
e  2570  2624  574
e  2571  2590  550
e  2571  2613  796
e  2572  2673  469
e  2573  2600  821
e  2573  2593  718
e  2574  2620  36
e  2575  2661  201
e  2575  2601  487
e  2576  2589  742
e  2576  2602  369
e  2576  2594  837
e  2577  2578  377
e  2577  2633  321
e  2578  2579  989
e  2578  2640  321
e  2578  2608  5
e  2579  2596  5
e  2580  2587  333
e  2580  2645  842
e  2581  2624  946
e  2581  2623  824
e  2581  2610  166
e  2582  2595  11
e  2583  2627  808
e  2583  2642  310
e  2583  2626  258
e  2584  2634  310
e  2584  2627  496
e  2585  2616  304
e  2586  2621  598
e  2586  2675  369
e  2586  2666  489
e  2586  2614  844
e  2587  2745  283
e  2587  2658  842
e  2588  2591  700
e  2588  2604  793
e  2589  2596  369
e  2590  2603  389
e  2590  2659  11
e  2590  2648  796
e  2591  2613  50
e  2591  2606  793
e  2592  2617  972
e  2593  2619  821
e  2593  2653  882
e  2594  2605  369
e  2594  2622  157
e  2595  2649  857
e  2595  2598  580
e  2596  2608  989
e  2596  2667  157
e  2596  2607  837
e  2596  2602  742
e  2597  2618  817
e  2597  2612  816
e  2598  2632  857
e  2599  2770  304
e  2599  2643  496
e  2599  2634  751
e  2600  2620  400
e  2600  2619  718
e  2601  2683  201
e  2601  2696  36
e  2601  2655  83
e  2602  2605  837
e  2603  2632  11
e  2604  2606  700
e  2605  2607  742
e  2605  2631  157
e  2606  2638  50
e  2606  2690  824
e  2606  2625  311
e  2607  2639  157
e  2608  2650  321
e  2608  2669  157
e  2609  2612  283
e  2610  2618  824
e  2611  2616  640
e  2612  2635  817
e  2612  2615  91
e  2613  2648  550
e  2613  2638  793
e  2614  2637  489
e  2615  2646  817
e  2615  2697  584
e  2616  2629  223
e  2616  2628  198
e  2617  2653  410
e  2617  2652  666
e  2618  2623  166
e  2618  2635  816
e  2619  2654  400
e  2619  2682  882
e  2620  2641  52
e  2620  2654  718
e  2621  2657  369
e  2622  2631  369
e  2623  2651  946
e  2623  2647  816
e  2624  2651  824
e  2625  2678  824
e  2626  2672  310
e  2627  2636  310
e  2628  2660  223
e  2628  2692  919
e  2628  2723  852
e  2629  2662  919
e  2629  2660  198
e  2630  2644  555
e  2630  2662  640
e  2631  2639  742
e  2631  2656  177
e  2632  2649  580
e  2632  2670  796
e  2632  2659  389
e  2633  2716  642
e  2633  2640  377
e  2634  2636  496
e  2635  2647  166
e  2635  2646  91
e  2636  2643  751
e  2636  2642  808
e  2637  2666  844
e  2637  2725  369
e  2637  2661  668
e  2638  2685  550
e  2638  2691  11
e  2638  2717  824
e  2639  2667  837
e  2639  2676  989
e  2639  2689  321
e  2639  2671  177
e  2640  2738  642
e  2640  2650  5
e  2641  2674  966
e  2641  2695  718
e  2642  2672  258
e  2643  2775  304
e  2644  2693  483
e  2644  2686  640
e  2645  2658  333
e  2645  2716  86
e  2646  2708  946
e  2646  2710  584
e  2647  2665  946
e  2648  2663  11
e  2648  2685  793
e  2649  2664  308
e  2649  2680  545
e  2649  2700  796
e  2650  2743  642
e  2650  2677  157
e  2651  2679  700
e  2651  2665  816
e  2652  2777  469
e  2653  2682  821
e  2654  2695  52
e  2654  2711  882
e  2655  2674  36
e  2656  2657  755
e  2656  2671  742
e  2656  2688  598
e  2657  2675  598
e  2658  2721  86
e  2659  2663  796
e  2660  2681  919
e  2661  2741  369
e  2661  2683  487
e  2662  2686  555
e  2662  2681  198
e  2663  2670  389
e  2663  2687  793
e  2664  2668  545
e  2665  2694  700
e  2665  2707  91
e  2666  2703  369
e  2667  2669  989
e  2668  2759  310
e  2668  2722  796
e  2668  2680  308
e  2669  2677  321
e  2669  2676  837
e  2670  2700  580
e  2670  2718  545
e  2670  2713  793
e  2671  2704  321
e  2671  2742  489
e  2671  2729  598
e  2672  2702  83
e  2673  2734  677
e  2674  2696  83
e  2674  2712  201
e  2674  2724  718
e  2675  2688  755
e  2675  2703  489
e  2676  2684  321
e  2677  2756  642
e  2677  2737  177
e  2677  2684  837
e  2678  2679  574
e  2678  2690  311
e  2679  2698  311
e  2679  2694  816
e  2680  2705  796
e  2681  2709  555
e  2681  2692  223
e  2682  2711  400
e  2683  2771  369
e  2683  2706  36
e  2684  2715  177
e  2684  2689  989
e  2685  2687  11
e  2686  2719  483
e  2686  2709  198
e  2687  2713  389
e  2687  2748  545
e  2687  2691  550
e  2688  2729  742
e  2688  2714  489
e  2689  2704  177
e  2690  2717  50
e  2690  2701  816
e  2690  2698  574
e  2691  2758  824
e  2692  2732  555
e  2692  2768  852
e  2693  2720  654
e  2693  2719  640
e  2694  2699  311
e  2694  2730  91
e  2695  2724  966
e  2695  2735  201
e  2695  2746  882
e  2696  2706  201
e  2697  2710  817
e  2697  2745  490
e  2698  2699  816
e  2699  2701  574
e  2699  2752  50
e  2699  2761  91
e  2700  2705  545
e  2701  2726  50
e  2702  2759  857
e  2703  2714  755
e  2703  2725  844
e  2704  2715  989
e  2704  2755  489
e  2705  2722  308
e  2705  2731  793
e  2705  2718  580
e  2706  2774  369
e  2706  2712  83
e  2707  2708  166
e  2707  2730  700
e  2708  2747  700
e  2708  2769  584
e  2709  2753  483
e  2709  2732  223
e  2710  2769  946
e  2710  2754  490
e  2711  2746  52
e  2711  2750  201
e  2712  2728  718
e  2713  2727  545
e  2714  2736  742
e  2714  2751  844
e  2715  2737  837
e  2716  2721  333
e  2716  2738  377
e  2717  2758  11
e  2717  2726  816
e  2718  2727  793
e  2719  2733  654
e  2719  2753  198
e  2720  2772  703
e  2720  2733  640
e  2721  2739  377
e  2722  2780  310
e  2722  2765  793
e  2723  2768  919
e  2723  2763  414
e  2724  2728  201
e  2725  2751  755
e  2725  2741  668
e  2726  2762  11
e  2726  2752  574
e  2727  2731  580
e  2727  2748  389
e  2728  2760  882
e  2728  2735  966
e  2729  2736  489
e  2730  2761  311
e  2730  2747  166
e  2731  2765  308
e  2733  2776  703
e  2733  2766  198
e  2734  2740  412
e  2735  2749  882
e  2736  2742  598
e  2736  2764  321
e  2737  2778  642
e  2738  2739  333
e  2738  2743  5
e  2739  2744  5
e  2740  2777  972
e  2741  2767  755
e  2741  2771  487
e  2742  2755  321
e  2743  2744  333
e  2743  2756  157
e  2744  2757  157
e  2745  2754  817
e  2746  2749  201
e  2747  2773  584
e  2749  2760  966
e  2749  2750  52
e  2751  2767  668
e  2753  2766  654
e  2755  2764  598
e  2756  2757  333
e  2756  2778  177
e  2757  2779  177
e  2758  2762  816
e  2759  2780  796
e  2763  2770  821
e  2769  2773  700
e  2770  2775  496
e  2771  2774  36
e  2772  2776  640
e  2778  2779  333
