p   edge 1154  2213
e  0  1139  83
e  0  593  447
e  0  539  158
e  0  436  227
e  0  70  701
e  0  49  489
e  1  2  929
e  1  358  48
e  1  505  585
e  1  519  489
e  2  3  83
e  2  183  48
e  3  4  700
e  3  67  48
e  4  5  48
e  5  6  447
e  5  64  113
e  5  67  700
e  6  7  567
e  6  53  113
e  7  8  113
e  8  9  100
e  8  53  567
e  9  10  341
e  9  87  447
e  9  74  567
e  10  11  607
e  10  54  694
e  10  95  447
e  11  12  694
e  12  13  105
e  12  54  607
e  13  14  634
e  13  56  607
e  14  15  803
e  14  61  607
e  15  16  2
e  15  82  607
e  16  17  242
e  16  113  520
e  16  92  607
e  17  18  514
e  17  58  520
e  18  19  520
e  19  20  752
e  19  58  514
e  20  21  682
e  20  62  514
e  21  22  25
e  21  65  448
e  21  88  514
e  22  23  448
e  23  24  687
e  23  65  25
e  24  25  653
e  24  50  935
e  24  76  25
e  25  26  935
e  26  27  44
e  26  50  653
e  27  28  209
e  27  93  653
e  28  29  285
e  28  94  451
e  28  117  653
e  29  30  95
e  29  84  451
e  30  31  451
e  31  32  337
e  31  59  266
e  31  84  95
e  32  33  461
e  32  57  266
e  33  34  158
e  33  51  266
e  34  35  266
e  35  36  223
e  35  51  158
e  36  37  990
e  36  55  158
e  37  38  946
e  37  75  585
e  37  66  158
e  38  39  649
e  38  73  585
e  39  40  585
e  40  41  30
e  40  60  341
e  40  80  946
e  40  73  649
e  41  42  341
e  42  43  331
e  42  60  30
e  43  44  448
e  43  72  357
e  43  83  388
e  43  63  30
e  44  45  227
e  44  69  357
e  45  46  357
e  46  47  388
e  46  69  227
e  47  48  701
e  47  52  407
e  47  78  227
e  48  49  407
e  49  52  701
e  50  93  44
e  50  171  451
e  50  85  25
e  51  55  223
e  51  57  461
e  52  70  489
e  52  86  227
e  53  74  100
e  53  64  447
e  54  56  105
e  54  100  447
e  55  66  990
e  55  68  461
e  56  61  634
e  56  104  447
e  57  68  223
e  57  59  337
e  58  62  752
e  58  113  242
e  59  71  223
e  59  132  585
e  59  107  95
e  60  63  331
e  60  99  946
e  61  82  803
e  61  119  447
e  62  88  682
e  62  131  448
e  62  147  935
e  62  145  607
e  62  115  242
e  63  151  388
e  63  122  158
e  63  109  946
e  64  77  100
e  64  112  700
e  65  76  687
e  65  116  514
e  66  81  585
e  66  89  461
e  67  112  113
e  67  183  83
e  68  89  990
e  68  91  585
e  68  71  337
e  69  78  388
e  69  72  448
e  70  97  227
e  71  103  585
e  72  79  388
e  73  75  946
e  74  77  447
e  75  80  649
e  75  81  158
e  76  85  935
e  76  121  514
e  77  87  567
e  77  98  341
e  77  120  694
e  77  162  700
e  78  86  407
e  78  79  448
e  79  96  407
e  79  83  357
e  80  99  341
e  80  101  158
e  81  101  649
e  81  110  341
e  81  90  461
e  82  92  2
e  82  140  447
e  83  124  489
e  83  158  158
e  83  151  30
e  84  107  266
e  84  94  285
e  85  195  451
e  85  220  585
e  85  129  514
e  86  97  489
e  86  96  448
e  87  95  341
e  88  116  448
e  89  90  585
e  90  130  341
e  90  91  990
e  91  139  341
e  91  103  337
e  92  125  520
e  92  144  447
e  93  117  209
e  93  148  451
e  94  114  266
e  94  127  653
e  95  100  694
e  95  98  567
e  96  105  489
e  97  436  701
e  97  413  158
e  97  105  448
e  98  102  694
e  99  109  331
e  99  108  158
e  100  104  105
e  100  102  567
e  101  108  341
e  102  106  105
e  102  120  341
e  103  141  341
e  103  137  95
e  103  132  223
e  104  119  634
e  104  106  567
e  105  227  158
e  105  123  357
e  106  126  634
e  106  211  700
e  106  143  341
e  107  134  585
e  107  114  285
e  108  111  331
e  108  110  649
e  109  111  158
e  110  118  331
e  110  130  461
e  111  122  946
e  111  161  388
e  111  118  649
e  112  162  100
e  112  238  694
e  112  324  83
e  113  115  752
e  113  125  607
e  114  142  585
e  114  133  653
e  115  128  607
e  116  121  687
e  116  131  682
e  117  127  451
e  118  136  461
e  119  140  803
e  119  126  567
e  120  143  105
e  120  184  700
e  121  129  935
e  121  135  682
e  122  154  388
e  123  124  407
e  123  175  158
e  124  165  158
e  125  128  752
e  125  156  447
e  126  157  803
e  126  186  520
e  127  133  266
e  127  148  209
e  128  145  242
e  128  177  935
e  128  159  447
e  129  232  585
e  129  233  447
e  129  213  607
e  129  138  682
e  130  136  331
e  130  149  337
e  130  139  990
e  131  135  687
e  132  134  95
e  133  152  585
e  133  163  209
e  134  137  223
e  134  142  285
e  135  138  935
e  136  191  388
e  136  150  337
e  137  169  341
e  137  172  653
e  137  155  285
e  138  178  607
e  138  146  448
e  139  141  337
e  140  144  2
e  140  157  567
e  141  149  990
e  141  153  331
e  141  169  95
e  142  155  223
e  142  152  653
e  143  199  700
e  144  156  520
e  144  160  567
e  145  167  935
e  146  147  687
e  146  173  607
e  147  167  607
e  148  163  266
e  148  171  44
e  149  150  331
e  150  206  388
e  150  153  990
e  151  154  158
e  152  164  223
e  152  215  341
e  152  230  25
e  152  179  209
e  153  216  388
e  153  210  653
e  153  181  95
e  154  158  30
e  154  170  489
e  154  161  946
e  155  164  653
e  156  159  752
e  156  166  567
e  157  160  2
e  158  165  489
e  159  182  935
e  159  168  567
e  160  166  520
e  161  174  489
e  161  190  461
e  162  184  694
e  163  179  585
e  163  188  44
e  164  172  285
e  164  180  341
e  165  175  407
e  165  192  946
e  165  170  30
e  166  168  752
e  166  185  803
e  167  173  687
e  167  187  447
e  167  177  242
e  168  204  935
e  168  208  803
e  169  181  331
e  169  176  653
e  170  174  946
e  171  188  266
e  171  195  25
e  172  176  341
e  173  178  448
e  173  193  447
e  174  192  30
e  174  198  407
e  174  203  461
e  175  227  357
e  175  194  946
e  176  189  331
e  176  180  285
e  177  182  447
e  178  213  682
e  178  200  447
e  179  214  25
e  179  197  44
e  180  196  331
e  180  215  223
e  181  189  653
e  182  187  242
e  182  201  687
e  182  204  567
e  183  324  113
e  183  485  585
e  183  358  929
e  184  199  105
e  184  238  100
e  185  186  2
e  185  208  752
e  186  212  752
e  186  271  700
e  187  193  687
e  188  197  585
e  188  202  25
e  189  210  95
e  189  225  388
e  189  196  285
e  190  191  649
e  190  203  489
e  191  207  489
e  191  206  337
e  192  194  407
e  193  200  448
e  193  201  242
e  194  300  357
e  194  329  653
e  194  283  461
e  194  198  30
e  195  202  266
e  195  209  585
e  196  234  388
e  196  253  25
e  196  240  223
e  197  205  25
e  198  226  461
e  199  211  341
e  199  372  935
e  199  270  100
e  200  222  682
e  200  259  585
e  200  229  567
e  200  219  242
e  201  219  448
e  201  218  567
e  202  205  585
e  203  226  407
e  203  207  649
e  204  218  687
e  204  250  803
e  205  214  44
e  205  252  341
e  205  263  447
e  205  242  514
e  205  209  266
e  206  217  489
e  206  216  990
e  207  236  407
e  207  217  337
e  208  250  935
e  208  212  2
e  209  239  514
e  209  220  451
e  210  221  388
e  211  272  520
e  211  346  935
e  212  258  935
e  212  288  700
e  213  222  447
e  214  230  209
e  214  243  341
e  215  240  331
e  215  237  25
e  216  223  489
e  216  221  653
e  217  245  407
e  217  235  653
e  217  223  990
e  218  224  448
e  218  315  585
e  218  327  803
e  219  224  567
e  220  232  514
e  221  228  489
e  221  225  95
e  222  233  607
e  222  246  585
e  223  228  653
e  224  229  242
e  224  273  585
e  225  231  489
e  225  234  285
e  226  283  30
e  226  265  653
e  226  236  649
e  227  413  448
e  227  510  447
e  227  412  653
e  227  300  946
e  228  235  990
e  228  256  407
e  228  231  95
e  229  261  585
e  230  237  341
e  231  260  407
e  231  241  285
e  232  239  451
e  232  244  447
e  233  244  585
e  234  241  489
e  234  268  25
e  235  247  407
e  236  257  653
e  236  245  337
e  237  248  331
e  237  243  209
e  238  270  105
e  238  393  83
e  239  242  266
e  239  249  447
e  240  248  25
e  241  280  407
e  241  269  25
e  242  251  447
e  243  264  331
e  243  252  44
e  244  249  451
e  244  246  607
e  245  247  653
e  246  254  451
e  246  262  567
e  246  259  682
e  247  257  337
e  247  282  649
e  247  281  95
e  247  256  990
e  248  253  223
e  248  286  489
e  248  285  447
e  248  264  209
e  249  251  266
e  249  254  607
e  250  327  687
e  250  343  585
e  250  332  700
e  250  258  2
e  251  263  514
e  251  267  341
e  251  255  607
e  252  266  447
e  253  268  388
e  253  279  489
e  254  255  266
e  255  276  341
e  255  274  567
e  256  260  95
e  257  265  649
e  258  297  700
e  259  261  567
e  260  281  990
e  260  356  447
e  260  280  285
e  261  262  682
e  261  289  266
e  261  273  242
e  262  275  266
e  263  266  341
e  264  277  447
e  265  305  30
e  265  282  337
e  266  278  331
e  266  267  514
e  267  284  331
e  267  276  607
e  268  269  489
e  269  314  407
e  269  293  447
e  269  291  223
e  269  279  388
e  270  391  935
e  270  430  83
e  271  272  634
e  271  288  752
e  272  311  935
e  273  312  266
e  273  361  341
e  273  373  489
e  273  315  448
e  274  275  451
e  274  296  341
e  274  294  682
e  275  289  682
e  276  290  331
e  276  296  567
e  277  278  44
e  277  285  209
e  277  295  489
e  277  298  514
e  278  284  514
e  279  286  223
e  280  336  447
e  280  314  25
e  281  337  649
e  281  357  447
e  282  366  30
e  282  337  95
e  283  305  653
e  284  298  44
e  284  302  489
e  284  290  607
e  285  287  489
e  286  291  388
e  286  287  447
e  287  292  388
e  287  295  209
e  288  297  935
e  289  294  451
e  289  312  242
e  290  303  489
e  290  309  567
e  291  292  447
e  292  293  223
e  292  317  607
e  292  299  209
e  293  326  407
e  293  321  607
e  294  319  341
e  294  316  242
e  295  299  388
e  295  301  514
e  296  309  331
e  296  319  682
e  297  332  2
e  297  352  585
e  297  310  634
e  298  301  489
e  299  313  607
e  299  306  514
e  300  351  653
e  301  306  388
e  301  304  607
e  301  302  44
e  302  303  607
e  303  304  44
e  303  308  388
e  303  318  567
e  304  307  388
e  305  329  461
e  305  367  357
e  305  385  447
e  305  366  337
e  306  307  607
e  307  313  514
e  307  320  209
e  307  325  223
e  307  330  567
e  307  308  44
e  308  323  567
e  309  318  489
e  310  311  752
e  310  369  585
e  311  394  585
e  311  402  341
e  311  346  520
e  312  316  451
e  312  353  341
e  313  317  209
e  314  326  447
e  315  375  489
e  315  360  700
e  315  338  803
e  316  328  341
e  317  321  223
e  317  320  514
e  318  323  388
e  318  333  682
e  319  334  489
e  319  328  242
e  320  322  223
e  321  339  407
e  321  322  514
e  322  344  407
e  322  335  567
e  322  325  209
e  323  330  44
e  323  348  223
e  323  371  407
e  323  341  682
e  324  393  694
e  324  471  585
e  325  331  567
e  326  336  25
e  326  399  990
e  326  339  607
e  327  338  585
e  328  340  489
e  328  353  451
e  329  351  357
e  330  331  223
e  331  335  209
e  331  355  407
e  331  348  44
e  332  345  585
e  333  334  331
e  333  341  388
e  333  342  242
e  334  340  242
e  335  349  407
e  336  356  285
e  336  365  990
e  337  374  30
e  337  368  447
e  338  347  700
e  338  343  687
e  339  424  990
e  339  354  567
e  339  344  514
e  340  342  331
e  340  363  388
e  340  389  700
e  340  362  451
e  341  387  407
e  341  350  242
e  342  350  388
e  343  345  700
e  344  349  567
e  345  347  687
e  345  352  2
e  346  372  341
e  347  360  803
e  347  382  489
e  347  359  2
e  348  364  407
e  349  354  514
e  349  501  990
e  349  535  30
e  349  458  242
e  349  355  209
e  350  388  407
e  350  397  700
e  350  363  331
e  351  412  946
e  351  426  447
e  351  367  461
e  352  359  687
e  352  403  489
e  352  369  634
e  353  362  489
e  353  361  266
e  354  425  990
e  355  453  242
e  355  364  44
e  356  357  990
e  357  368  649
e  357  365  285
e  358  492  585
e  359  396  489
e  360  377  489
e  361  370  489
e  362  383  700
e  362  370  266
e  363  390  700
e  364  408  242
e  364  371  223
e  365  410  649
e  365  399  25
e  366  381  447
e  366  374  95
e  367  401  447
e  368  380  30
e  368  423  25
e  368  410  285
e  369  417  489
e  369  394  752
e  370  379  700
e  370  376  448
e  370  373  341
e  371  387  682
e  372  402  520
e  372  416  585
e  372  391  100
e  373  375  448
e  374  380  447
e  375  376  341
e  375  377  700
e  376  378  700
e  377  378  341
e  377  382  803
e  378  379  448
e  378  386  266
e  378  384  803
e  379  383  266
e  380  381  95
e  380  411  337
e  380  454  357
e  380  459  567
e  380  435  25
e  381  385  337
e  382  384  341
e  382  396  2
e  383  389  451
e  383  392  388
e  383  386  448
e  384  395  266
e  384  405  388
e  384  404  2
e  385  401  357
e  385  411  95
e  386  398  388
e  386  395  803
e  387  388  242
e  388  409  223
e  388  437  700
e  389  390  388
e  390  397  331
e  390  406  803
e  390  392  451
e  391  421  585
e  391  442  83
e  392  398  448
e  393  430  105
e  393  451  935
e  393  457  585
e  394  443  489
e  394  414  341
e  395  400  388
e  396  404  341
e  396  403  687
e  397  437  407
e  397  415  803
e  398  400  803
e  399  419  649
e  399  424  607
e  400  407  451
e  400  422  331
e  400  428  2
e  400  405  266
e  401  426  461
e  401  490  567
e  401  441  95
e  402  414  585
e  403  427  341
e  403  417  634
e  404  420  388
e  404  432  634
e  404  427  687
e  405  420  2
e  406  407  448
e  406  415  331
e  407  418  331
e  408  409  682
e  408  453  44
e  409  472  44
e  409  483  700
e  410  419  25
e  411  441  357
e  412  466  447
e  413  503  701
e  413  544  447
e  414  449  489
e  414  431  100
e  414  416  520
e  415  462  407
e  415  418  448
e  416  421  100
e  417  429  341
e  417  464  388
e  417  463  341
e  417  443  752
e  418  477  407
e  418  447  2
e  418  422  451
e  419  423  285
e  419  433  567
e  420  428  266
e  420  438  634
e  421  431  520
e  421  456  489
e  421  450  83
e  422  440  2
e  423  435  30
e  424  425  567
e  425  434  649
e  425  501  514
e  426  466  946
e  426  538  567
e  427  429  634
e  428  440  331
e  428  460  634
e  429  432  687
e  429  439  388
e  430  442  935
e  431  452  489
e  432  438  388
e  433  434  607
e  433  445  30
e  434  446  30
e  434  509  514
e  435  444  567
e  436  503  158
e  437  483  223
e  437  462  803
e  438  460  266
e  438  465  331
e  438  439  687
e  439  476  331
e  439  481  341
e  439  464  341
e  440  447  451
e  440  461  634
e  441  474  567
e  441  454  337
e  442  450  585
e  442  451  105
e  443  449  341
e  444  445  285
e  444  459  25
e  444  469  357
e  444  448  607
e  445  446  607
e  446  448  285
e  446  502  357
e  446  514  514
e  447  491  407
e  447  482  634
e  448  470  357
e  449  463  752
e  449  452  100
e  450  468  489
e  450  455  105
e  451  455  585
e  452  480  388
e  452  456  520
e  453  458  209
e  453  472  682
e  454  467  567
e  455  478  489
e  455  493  694
e  455  457  935
e  456  498  388
e  456  468  83
e  457  471  694
e  458  598  30
e  458  560  700
e  458  484  682
e  459  467  357
e  460  461  331
e  461  482  451
e  461  489  687
e  461  465  266
e  462  554  223
e  462  531  2
e  462  477  448
e  463  475  388
e  464  475  341
e  465  476  687
e  466  510  653
e  466  573  448
e  466  563  567
e  467  474  337
e  467  473  607
e  467  469  25
e  468  499  388
e  468  478  105
e  469  470  607
e  470  473  25
e  470  494  337
e  470  569  514
e  470  502  285
e  471  493  935
e  471  496  489
e  471  485  113
e  472  484  209
e  473  486  337
e  474  490  95
e  474  486  607
e  475  481  341
e  475  479  100
e  476  489  266
e  476  516  341
e  477  491  2
e  478  518  388
e  478  495  694
e  479  480  752
e  479  487  341
e  480  488  341
e  480  500  83
e  480  498  520
e  481  516  331
e  481  487  100
e  482  508  407
e  483  533  209
e  483  554  803
e  484  532  700
e  485  497  489
e  485  492  929
e  486  507  95
e  486  494  25
e  487  517  331
e  487  488  752
e  488  511  83
e  489  530  407
e  489  527  100
e  490  538  461
e  490  507  607
e  491  531  448
e  491  508  634
e  492  504  489
e  492  505  48
e  493  495  489
e  494  537  95
e  494  590  514
e  495  506  113
e  495  496  935
e  496  497  113
e  497  506  935
e  497  504  929
e  498  499  83
e  499  500  520
e  499  513  341
e  499  518  105
e  500  511  341
e  501  509  649
e  502  536  514
e  503  539  227
e  503  561  447
e  504  512  935
e  504  515  48
e  505  515  489
e  506  512  929
e  507  553  461
e  507  537  25
e  508  580  448
e  508  626  223
e  508  596  83
e  508  564  100
e  508  529  687
e  509  514  30
e  510  544  448
e  511  526  331
e  511  513  520
e  512  523  388
e  512  520  48
e  513  551  331
e  513  524  105
e  514  536  357
e  514  534  990
e  515  520  935
e  515  548  388
e  515  519  585
e  516  517  100
e  517  528  266
e  517  525  83
e  518  524  341
e  518  521  929
e  519  647  388
e  519  1097  407
e  520  540  388
e  521  522  113
e  521  542  341
e  522  523  694
e  522  545  341
e  523  547  341
e  523  540  48
e  524  562  331
e  524  542  929
e  525  526  752
e  525  546  266
e  525  556  407
e  526  557  407
e  526  551  520
e  527  528  341
e  527  541  407
e  528  543  407
e  528  546  83
e  529  530  451
e  529  550  100
e  530  541  100
e  531  597  223
e  531  580  634
e  532  533  44
e  532  560  682
e  532  623  357
e  532  646  803
e  533  636  803
e  534  535  649
e  534  568  357
e  535  581  357
e  535  598  242
e  536  569  285
e  536  637  337
e  536  617  700
e  536  568  990
e  537  599  461
e  537  638  514
e  538  563  946
e  538  553  607
e  539  574  447
e  540  555  341
e  540  548  935
e  541  550  451
e  541  543  341
e  542  565  331
e  542  545  113
e  543  552  451
e  543  549  83
e  544  561  701
e  544  573  653
e  545  566  331
e  545  547  694
e  546  549  407
e  547  575  331
e  547  555  48
e  548  583  341
e  548  691  407
e  548  647  585
e  549  559  451
e  549  558  752
e  549  556  266
e  550  564  687
e  550  552  341
e  551  570  407
e  551  571  929
e  551  562  105
e  552  567  687
e  552  559  83
e  553  585  946
e  553  599  25
e  554  636  209
e  554  668  83
e  554  597  2
e  555  578  331
e  555  622  407
e  555  583  935
e  556  557  752
e  557  558  266
e  557  584  929
e  557  570  520
e  558  592  451
e  558  586  929
e  559  572  687
e  559  608  929
e  559  592  752
e  560  601  30
e  560  616  357
e  561  574  227
e  561  600  653
e  562  565  929
e  563  610  448
e  563  585  607
e  564  579  83
e  564  567  341
e  565  571  105
e  565  577  407
e  565  566  113
e  566  582  407
e  566  575  694
e  567  572  83
e  568  609  700
e  568  581  649
e  569  590  337
e  570  576  929
e  571  576  407
e  572  579  341
e  572  648  223
e  572  630  929
e  573  600  701
e  573  610  567
e  574  593  158
e  574  644  567
e  574  631  653
e  575  578  48
e  576  584  520
e  576  589  266
e  576  577  105
e  577  591  266
e  577  582  113
e  578  588  407
e  579  596  100
e  579  642  223
e  580  612  223
e  581  607  700
e  581  603  242
e  582  594  266
e  582  587  48
e  583  625  407
e  584  586  266
e  585  628  448
e  585  639  25
e  586  602  451
e  586  595  105
e  586  589  520
e  587  588  694
e  587  605  266
e  588  611  266
e  588  627  935
e  588  622  331
e  589  591  105
e  590  638  95
e  590  653  700
e  590  637  285
e  591  595  520
e  591  594  113
e  592  602  929
e  593  1135  83
e  593  1110  700
e  593  663  567
e  594  606  520
e  594  605  48
e  595  606  113
e  596  632  223
e  597  612  634
e  598  603  357
e  598  601  700
e  599  639  946
e  599  656  514
e  600  631  227
e  600  618  567
e  601  604  357
e  602  608  752
e  602  614  113
e  603  604  700
e  604  607  242
e  604  613  649
e  604  624  682
e  604  616  30
e  605  621  451
e  605  611  694
e  606  615  451
e  607  609  649
e  608  630  687
e  608  634  113
e  609  617  990
e  609  613  242
e  610  618  701
e  610  628  607
e  611  629  451
e  611  735  935
e  612  635  83
e  612  626  448
e  613  619  990
e  613  643  682
e  614  615  105
e  614  634  752
e  614  633  48
e  615  620  48
e  616  623  682
e  617  649  337
e  617  619  242
e  618  641  227
e  618  640  607
e  619  671  337
e  619  655  682
e  620  621  520
e  620  633  105
e  620  651  752
e  620  650  694
e  621  629  694
e  622  625  935
e  623  624  30
e  623  660  803
e  624  643  649
e  624  662  803
e  625  627  331
e  625  990  585
e  625  691  341
e  626  632  83
e  627  735  266
e  627  985  357
e  627  1093  701
e  627  1050  585
e  628  640  701
e  628  661  25
e  629  650  520
e  629  747  223
e  629  843  357
e  629  804  935
e  630  659  223
e  630  666  48
e  630  654  113
e  631  641  567
e  632  635  448
e  632  642  100
e  633  645  752
e  634  654  687
e  634  645  48
e  635  669  2
e  635  683  357
e  635  652  100
e  636  646  44
e  636  670  357
e  636  678  83
e  637  649  700
e  638  656  461
e  638  672  700
e  639  661  448
e  639  674  701
e  639  673  514
e  640  657  227
e  640  664  25
e  641  644  653
e  641  657  607
e  642  652  448
e  642  648  341
e  643  655  990
e  643  687  803
e  644  663  158
e  644  703  607
e  645  658  687
e  645  651  105
e  646  660  357
e  647  782  407
e  648  667  448
e  648  659  929
e  649  653  285
e  649  671  242
e  650  700  752
e  650  717  223
e  651  665  687
e  651  700  694
e  652  696  357
e  652  692  929
e  652  667  341
e  653  672  95
e  653  721  461
e  653  729  701
e  653  685  242
e  654  658  48
e  655  743  337
e  655  756  83
e  655  707  803
e  656  673  946
e  656  676  700
e  657  703  653
e  657  740  158
e  657  755  700
e  657  710  25
e  658  666  113
e  658  677  223
e  658  665  105
e  659  680  448
e  659  723  357
e  659  675  48
e  660  662  30
e  660  686  83
e  660  670  44
e  661  664  701
e  662  687  649
e  662  690  83
e  663  982  700
e  663  715  607
e  664  710  227
e  664  712  700
e  664  693  514
e  664  674  448
e  665  697  223
e  665  705  694
e  666  675  223
e  667  680  929
e  668  669  634
e  668  678  209
e  669  682  357
e  670  679  83
e  671  685  285
e  671  766  701
e  671  743  682
e  672  676  461
e  673  689  701
e  673  688  700
e  674  689  514
e  675  725  357
e  675  677  113
e  676  688  946
e  676  711  701
e  676  721  95
e  677  731  357
e  677  697  105
e  678  679  357
e  679  686  44
e  679  681  634
e  680  692  341
e  680  708  357
e  681  682  209
e  681  694  44
e  681  684  2
e  682  683  2
e  683  684  209
e  683  696  100
e  684  702  30
e  684  706  100
e  685  733  701
e  686  690  30
e  686  694  634
e  687  707  990
e  687  709  83
e  688  695  701
e  689  693  448
e  689  695  700
e  690  709  649
e  690  698  634
e  691  782  585
e  692  704  357
e  693  699  700
e  694  698  30
e  695  699  448
e  695  711  946
e  696  706  209
e  696  704  929
e  697  752  357
e  697  714  694
e  698  724  649
e  698  701  2
e  699  712  514
e  699  739  227
e  699  750  242
e  699  738  946
e  700  705  687
e  701  702  44
e  701  734  649
e  701  720  100
e  702  713  100
e  703  715  158
e  704  719  30
e  704  708  341
e  705  714  223
e  706  713  30
e  707  722  83
e  708  730  30
e  708  728  48
e  708  723  448
e  709  722  990
e  709  724  634
e  710  727  700
e  711  738  448
e  711  744  242
e  711  726  95
e  712  727  227
e  713  720  44
e  713  718  929
e  714  765  357
e  714  716  752
e  715  830  700
e  715  740  653
e  716  717  687
e  716  772  357
e  717  783  357
e  717  747  520
e  718  719  209
e  718  732  44
e  718  736  341
e  719  730  341
e  720  742  649
e  720  732  929
e  721  726  701
e  722  756  803
e  722  776  337
e  722  793  701
e  722  780  929
e  722  751  634
e  723  725  48
e  724  751  990
e  724  734  2
e  725  728  448
e  725  731  113
e  726  737  242
e  726  729  461
e  727  755  25
e  727  874  158
e  727  739  514
e  728  748  30
e  728  741  113
e  729  733  242
e  730  736  209
e  730  748  48
e  731  741  448
e  731  759  30
e  731  752  105
e  732  746  649
e  732  754  341
e  733  737  461
e  733  757  448
e  733  781  682
e  733  766  285
e  734  742  100
e  735  804  451
e  735  946  357
e  736  754  44
e  736  758  48
e  737  744  95
e  737  749  448
e  738  745  242
e  739  889  158
e  739  900  83
e  739  778  242
e  740  797  700
e  741  753  30
e  742  746  929
e  743  770  701
e  743  769  83
e  744  745  448
e  745  750  946
e  745  749  95
e  746  763  990
e  746  760  341
e  747  787  357
e  748  758  209
e  748  753  113
e  749  764  946
e  749  800  83
e  749  757  461
e  750  778  227
e  750  764  95
e  751  761  929
e  752  774  30
e  752  765  694
e  753  767  209
e  753  759  448
e  754  760  649
e  754  768  48
e  755  797  158
e  756  769  337
e  757  794  83
e  757  786  682
e  758  768  44
e  758  773  649
e  758  767  113
e  759  774  105
e  760  784  990
e  760  771  48
e  761  762  100
e  761  780  634
e  761  802  701
e  762  763  2
e  762  803  701
e  763  811  701
e  763  810  48
e  763  784  341
e  764  801  83
e  765  789  30
e  765  772  752
e  766  770  682
e  767  777  649
e  768  771  649
e  769  775  701
e  769  776  803
e  770  781  285
e  770  775  83
e  771  791  990
e  771  779  113
e  771  773  44
e  772  806  30
e  772  805  520
e  772  783  687
e  773  777  113
e  774  809  649
e  774  789  694
e  775  788  285
e  775  792  448
e  775  785  803
e  776  785  701
e  777  779  44
e  777  807  105
e  778  818  83
e  779  796  990
e  779  836  105
e  780  795  701
e  781  786  448
e  781  788  83
e  782  990  341
e  782  1106  701
e  782  1097  388
e  783  787  520
e  784  791  48
e  785  799  448
e  785  798  929
e  785  793  337
e  786  790  83
e  787  805  687
e  787  832  30
e  787  964  935
e  787  843  223
e  788  790  448
e  789  826  649
e  789  806  752
e  790  794  682
e  790  817  946
e  790  815  803
e  790  792  285
e  791  810  341
e  791  821  701
e  791  796  113
e  792  799  803
e  793  795  929
e  794  800  461
e  795  798  337
e  795  802  634
e  796  829  701
e  796  848  105
e  797  830  653
e  797  937  83
e  797  874  25
e  798  814  448
e  798  812  100
e  799  815  285
e  799  814  929
e  800  801  946
e  801  819  227
e  801  816  682
e  802  803  100
e  803  813  337
e  803  811  2
e  804  911  357
e  805  827  30
e  806  878  649
e  806  827  520
e  807  808  448
e  807  836  44
e  807  854  694
e  808  809  209
e  808  834  694
e  809  826  694
e  810  820  701
e  811  833  337
e  811  820  48
e  812  813  634
e  812  822  448
e  813  823  448
e  813  833  2
e  814  824  285
e  814  822  100
e  815  828  946
e  815  824  929
e  816  817  461
e  816  825  227
e  816  831  803
e  817  828  803
e  818  819  95
e  818  900  242
e  818  923  158
e  818  860  929
e  818  852  682
e  819  825  682
e  820  840  337
e  820  844  448
e  820  821  341
e  821  847  448
e  821  829  113
e  822  851  285
e  822  823  634
e  823  859  285
e  823  864  227
e  823  850  48
e  823  839  2
e  824  835  946
e  824  851  100
e  825  852  95
e  825  846  929
e  825  838  803
e  826  834  209
e  826  902  701
e  826  878  752
e  827  894  649
e  827  832  687
e  828  831  461
e  828  835  929
e  829  853  448
e  829  867  105
e  830  982  607
e  830  953  83
e  831  838  227
e  831  837  929
e  832  910  649
e  832  930  701
e  832  968  935
e  833  839  448
e  833  840  48
e  834  854  448
e  834  872  990
e  834  885  701
e  835  837  461
e  835  845  227
e  836  848  990
e  836  863  694
e  837  841  227
e  838  841  929
e  839  842  48
e  840  842  448
e  841  846  803
e  841  866  95
e  841  861  100
e  841  845  461
e  842  850  2
e  842  879  227
e  842  849  341
e  842  844  337
e  843  911  935
e  844  847  341
e  845  855  100
e  846  857  95
e  847  849  337
e  847  853  113
e  848  867  701
e  848  868  694
e  849  882  227
e  849  858  113
e  850  870  227
e  851  856  227
e  851  859  634
e  852  857  929
e  853  858  337
e  853  893  105
e  854  863  44
e  855  856  946
e  855  861  461
e  855  865  634
e  856  862  634
e  857  860  682
e  857  866  803
e  858  884  227
e  858  914  105
e  859  862  227
e  860  936  158
e  860  958  48
e  860  935  100
e  860  888  803
e  861  887  95
e  861  869  634
e  862  865  946
e  862  864  285
e  863  868  990
e  864  873  946
e  864  870  48
e  865  869  461
e  865  877  48
e  865  873  285
e  866  888  682
e  866  887  100
e  867  893  448
e  867  875  694
e  868  875  701
e  868  871  448
e  869  901  95
e  869  881  48
e  870  876  946
e  870  879  2
e  871  872  44
e  871  880  701
e  872  883  701
e  873  876  48
e  874  889  514
e  875  904  448
e  875  880  448
e  876  877  285
e  876  886  2
e  877  881  461
e  877  892  2
e  878  905  701
e  878  894  520
e  879  886  946
e  879  882  341
e  880  917  448
e  880  883  44
e  881  903  95
e  881  907  113
e  881  896  2
e  882  890  946
e  882  884  113
e  883  929  448
e  883  920  752
e  883  885  990
e  884  891  946
e  884  918  105
e  885  913  752
e  885  902  209
e  886  892  285
e  886  890  341
e  887  915  682
e  887  909  48
e  887  901  634
e  888  915  100
e  889  916  83
e  890  895  285
e  890  891  113
e  891  897  285
e  891  906  461
e  891  934  105
e  892  896  461
e  892  895  341
e  893  914  337
e  893  904  694
e  894  912  701
e  894  910  687
e  895  898  461
e  895  897  113
e  896  898  341
e  897  899  461
e  898  899  113
e  899  908  2
e  899  927  95
e  899  949  105
e  899  906  285
e  900  916  158
e  901  903  48
e  902  905  752
e  903  909  634
e  903  947  682
e  903  919  113
e  904  924  337
e  904  926  227
e  904  917  448
e  905  913  209
e  905  912  520
e  906  942  105
e  907  908  341
e  907  919  95
e  908  922  95
e  909  928  682
e  910  921  701
e  911  964  223
e  911  972  30
e  911  1003  701
e  911  946  451
e  912  932  990
e  912  950  448
e  912  921  687
e  913  920  990
e  914  918  227
e  914  924  694
e  915  935  803
e  915  928  48
e  916  938  25
e  916  948  929
e  916  923  242
e  917  940  227
e  917  943  752
e  917  929  44
e  918  934  946
e  918  925  694
e  919  957  682
e  919  922  341
e  920  933  448
e  920  931  520
e  921  952  448
e  921  930  649
e  922  981  682
e  922  988  158
e  922  927  2
e  923  936  929
e  924  925  227
e  925  941  946
e  925  956  448
e  925  926  337
e  926  940  448
e  927  995  158
e  927  971  105
e  928  944  803
e  928  967  158
e  928  969  113
e  928  947  634
e  929  933  752
e  930  1005  448
e  930  986  935
e  931  932  209
e  931  939  448
e  932  945  448
e  933  943  44
e  933  961  227
e  933  939  520
e  934  942  461
e  934  941  694
e  935  944  48
e  936  948  242
e  936  997  25
e  936  959  48
e  937  938  514
e  937  953  653
e  937  970  929
e  938  966  929
e  939  963  227
e  939  973  687
e  939  945  209
e  940  956  337
e  940  954  752
e  941  951  461
e  941  977  448
e  942  949  285
e  942  951  694
e  943  954  227
e  944  958  100
e  944  960  158
e  945  955  687
e  945  950  990
e  946  1016  701
e  946  985  266
e  947  957  113
e  948  966  25
e  949  971  95
e  949  962  694
e  950  952  687
e  951  962  285
e  951  994  448
e  952  955  990
e  952  992  227
e  952  1017  935
e  952  1005  649
e  953  1063  607
e  953  979  929
e  954  976  337
e  954  965  520
e  954  961  44
e  955  973  209
e  955  980  227
e  956  977  946
e  956  976  752
e  957  969  634
e  957  975  158
e  957  981  341
e  958  959  158
e  959  999  25
e  959  960  100
e  960  1009  25
e  960  1021  653
e  960  996  113
e  960  967  803
e  961  963  520
e  962  983  95
e  962  1031  752
e  962  1019  448
e  963  965  44
e  963  978  687
e  964  968  30
e  965  987  337
e  966  970  514
e  966  998  653
e  966  1001  48
e  966  997  242
e  967  974  113
e  968  986  701
e  968  972  223
e  969  974  158
e  970  979  653
e  971  1007  158
e  971  983  694
e  972  991  701
e  973  978  227
e  974  996  803
e  974  1036  653
e  974  975  634
e  975  1040  653
e  975  984  341
e  976  989  946
e  976  987  520
e  977  994  461
e  977  989  752
e  978  1011  337
e  978  1029  946
e  978  980  209
e  979  1073  607
e  979  1008  48
e  979  998  514
e  980  1045  946
e  980  1051  935
e  980  992  990
e  981  984  158
e  982  1110  567
e  982  1063  83
e  983  1012  158
e  983  1035  752
e  984  1042  653
e  984  1020  2
e  984  988  682
e  985  1033  701
e  986  1014  448
e  986  991  223
e  987  993  946
e  987  1010  687
e  988  995  2
e  989  1000  461
e  989  993  520
e  990  1050  331
e  990  1103  701
e  991  1043  448
e  991  1028  451
e  991  1003  30
e  992  1027  935
e  993  1006  461
e  993  1015  687
e  994  1019  285
e  994  1000  752
e  995  1020  682
e  995  1007  105
e  996  1023  653
e  997  999  48
e  998  1002  48
e  999  1001  242
e  999  1004  653
e  999  1009  100
e  1000  1022  285
e  1000  1006  520
e  1001  1002  653
e  1002  1008  514
e  1002  1025  100
e  1002  1004  242
e  1003  1016  451
e  1004  1013  100
e  1005  1014  935
e  1006  1030  285
e  1006  1034  687
e  1007  1046  682
e  1007  1012  694
e  1008  1101  607
e  1008  1088  113
e  1008  1026  100
e  1009  1013  653
e  1010  1011  44
e  1010  1015  946
e  1011  1018  946
e  1012  1056  682
e  1012  1084  653
e  1012  1055  752
e  1013  1025  242
e  1013  1032  514
e  1013  1024  113
e  1013  1021  25
e  1014  1017  649
e  1014  1038  227
e  1014  1043  223
e  1015  1034  461
e  1015  1018  44
e  1016  1028  30
e  1016  1033  266
e  1017  1027  227
e  1018  1053  461
e  1018  1052  209
e  1018  1029  337
e  1019  1022  752
e  1020  1065  653
e  1020  1046  105
e  1021  1023  113
e  1022  1031  448
e  1022  1039  95
e  1022  1030  520
e  1023  1024  25
e  1023  1036  803
e  1024  1037  514
e  1024  1057  341
e  1024  1047  803
e  1025  1026  514
e  1026  1041  113
e  1026  1032  242
e  1027  1051  990
e  1027  1122  946
e  1027  1108  451
e  1027  1090  223
e  1027  1038  649
e  1028  1060  448
e  1028  1064  266
e  1029  1045  209
e  1030  1044  95
e  1030  1067  687
e  1031  1035  95
e  1032  1037  113
e  1033  1064  30
e  1033  1089  448
e  1033  1096  585
e  1033  1093  357
e  1034  1067  285
e  1034  1094  158
e  1034  1053  44
e  1035  1055  158
e  1035  1054  520
e  1035  1039  448
e  1036  1047  25
e  1036  1040  634
e  1037  1041  242
e  1037  1068  341
e  1038  1062  223
e  1039  1044  520
e  1040  1048  25
e  1040  1042  341
e  1041  1088  100
e  1041  1134  607
e  1041  1087  341
e  1042  1049  25
e  1042  1071  105
e  1042  1065  2
e  1043  1062  227
e  1043  1060  451
e  1044  1054  448
e  1044  1061  158
e  1044  1077  687
e  1045  1052  337
e  1045  1075  935
e  1046  1066  653
e  1046  1056  694
e  1047  1048  634
e  1048  1049  341
e  1049  1058  803
e  1049  1076  514
e  1049  1078  105
e  1050  1095  701
e  1051  1075  946
e  1052  1082  461
e  1052  1081  935
e  1053  1105  158
e  1053  1099  935
e  1053  1082  209
e  1054  1059  158
e  1055  1114  653
e  1055  1059  520
e  1056  1070  653
e  1057  1058  634
e  1057  1068  514
e  1058  1072  514
e  1059  1115  653
e  1059  1061  448
e  1060  1069  227
e  1060  1074  266
e  1061  1137  653
e  1061  1079  687
e  1062  1090  649
e  1062  1069  451
e  1063  1120  567
e  1063  1073  929
e  1064  1074  448
e  1065  1066  105
e  1066  1071  2
e  1066  1070  694
e  1067  1077  95
e  1067  1083  158
e  1068  1087  242
e  1068  1072  634
e  1069  1098  649
e  1069  1080  266
e  1070  1086  25
e  1070  1084  682
e  1071  1078  25
e  1072  1092  242
e  1072  1076  803
e  1073  1127  567
e  1073  1101  48
e  1074  1080  227
e  1074  1089  30
e  1075  1081  337
e  1075  1141  451
e  1075  1122  990
e  1076  1109  242
e  1076  1100  105
e  1077  1079  158
e  1078  1100  514
e  1078  1085  694
e  1079  1152  653
e  1079  1125  935
e  1079  1083  95
e  1080  1121  649
e  1080  1150  585
e  1080  1104  30
e  1081  1091  461
e  1082  1091  935
e  1083  1119  935
e  1083  1094  285
e  1084  1129  25
e  1084  1114  752
e  1085  1086  2
e  1085  1102  514
e  1086  1112  514
e  1086  1129  682
e  1087  1092  634
e  1088  1126  607
e  1089  1104  227
e  1089  1128  585
e  1090  1098  451
e  1091  1099  209
e  1091  1116  158
e  1092  1130  105
e  1092  1109  803
e  1093  1095  585
e  1094  1117  935
e  1094  1105  44
e  1095  1096  357
e  1095  1103  331
e  1096  1128  448
e  1096  1107  331
e  1098  1108  223
e  1098  1145  946
e  1098  1121  266
e  1099  1111  158
e  1100  1118  242
e  1100  1102  694
e  1101  1153  567
e  1101  1126  113
e  1102  1124  242
e  1102  1112  2
e  1103  1107  357
e  1103  1106  341
e  1104  1131  585
e  1105  1111  935
e  1106  1113  357
e  1107  1140  448
e  1107  1113  341
e  1108  1136  946
e  1109  1118  105
e  1110  1120  83
e  1111  1117  44
e  1111  1123  285
e  1111  1116  209
e  1113  1142  448
e  1114  1148  25
e  1114  1115  520
e  1115  1149  25
e  1115  1137  448
e  1117  1119  285
e  1118  1130  803
e  1118  1124  694
e  1119  1125  95
e  1119  1123  44
e  1120  1135  700
e  1120  1127  929
e  1121  1151  946
e  1122  1136  451
e  1123  1132  95
e  1124  1133  803
e  1125  1132  44
e  1126  1134  100
e  1127  1138  700
e  1127  1147  447
e  1127  1153  48
e  1128  1131  227
e  1128  1140  331
e  1129  1148  752
e  1130  1133  694
e  1131  1150  30
e  1131  1144  331
e  1135  1139  447
e  1135  1138  929
e  1136  1141  990
e  1136  1145  223
e  1137  1152  687
e  1138  1143  447
e  1139  1143  929
e  1140  1144  227
e  1140  1142  341
e  1142  1146  227
e  1143  1147  700
e  1144  1146  341
e  1145  1151  266
e  1148  1149  520
