p   edge 536  1022
e  0  473  146
e  0  451  124
e  0  399  73
e  0  183  293
e  0  45  144
e  0  33  575
e  1  2  822
e  1  241  301
e  1  526  575
e  2  3  146
e  2  49  740
e  2  195  196
e  2  220  301
e  3  4  740
e  4  5  785
e  4  92  580
e  4  49  146
e  5  6  799
e  5  74  580
e  6  7  124
e  6  51  580
e  7  8  73
e  7  34  580
e  8  9  580
e  9  10  346
e  9  34  73
e  10  11  310
e  10  37  504
e  10  35  73
e  11  12  504
e  12  13  165
e  12  41  194
e  12  47  586
e  12  61  196
e  12  43  73
e  12  37  310
e  13  14  194
e  14  15  459
e  14  36  586
e  14  41  165
e  15  16  586
e  16  17  293
e  16  40  196
e  16  36  459
e  17  18  720
e  18  19  196
e  19  20  39
e  19  39  293
e  20  21  353
e  20  50  293
e  21  22  730
e  21  58  293
e  22  23  559
e  22  67  293
e  23  24  157
e  23  72  588
e  24  25  933
e  24  59  588
e  25  26  588
e  26  27  195
e  26  56  732
e  26  59  933
e  27  28  385
e  27  53  732
e  28  29  741
e  28  46  732
e  29  30  732
e  30  31  767
e  30  42  301
e  30  46  741
e  31  32  301
e  32  33  144
e  32  45  575
e  32  42  767
e  34  35  346
e  34  51  124
e  35  38  504
e  35  55  124
e  36  48  196
e  36  44  165
e  37  38  73
e  38  43  310
e  38  70  196
e  38  57  124
e  39  40  720
e  39  50  39
e  40  65  39
e  40  48  459
e  41  44  586
e  42  83  575
e  42  60  741
e  43  62  196
e  44  52  196
e  44  47  194
e  45  182  293
e  45  83  767
e  46  60  301
e  46  53  385
e  47  54  196
e  48  66  39
e  48  52  165
e  49  130  580
e  50  58  353
e  50  71  459
e  50  65  720
e  51  55  346
e  51  64  504
e  51  74  799
e  52  75  39
e  52  73  73
e  52  54  194
e  53  69  301
e  53  56  195
e  54  63  73
e  54  61  586
e  55  57  504
e  56  68  933
e  57  80  196
e  57  64  346
e  58  67  730
e  58  84  588
e  58  94  459
e  59  68  732
e  59  72  157
e  60  144  575
e  60  135  293
e  60  97  933
e  60  69  385
e  61  62  73
e  62  63  586
e  62  70  310
e  63  73  194
e  63  132  301
e  63  123  124
e  63  93  310
e  64  100  799
e  65  66  459
e  66  71  720
e  66  75  165
e  67  77  588
e  68  79  301
e  68  87  293
e  68  81  157
e  69  78  933
e  70  93  586
e  70  80  124
e  71  94  353
e  71  101  588
e  71  85  165
e  72  81  732
e  72  76  293
e  73  112  39
e  73  124  301
e  74  100  504
e  74  92  785
e  75  85  720
e  75  114  732
e  75  116  301
e  75  112  73
e  76  77  559
e  76  82  732
e  77  86  732
e  77  84  730
e  78  79  195
e  78  97  385
e  78  96  293
e  79  88  293
e  80  109  586
e  80  157  301
e  80  121  799
e  81  82  293
e  82  87  157
e  82  89  301
e  82  86  559
e  83  164  293
e  83  144  741
e  84  90  732
e  84  98  459
e  85  103  588
e  85  110  732
e  86  91  301
e  86  90  730
e  87  88  301
e  88  96  195
e  88  89  157
e  89  111  195
e  89  91  559
e  90  95  301
e  90  99  459
e  91  95  730
e  92  134  504
e  92  145  196
e  92  130  146
e  93  109  124
e  94  98  588
e  95  127  195
e  95  102  459
e  96  118  385
e  96  111  157
e  97  118  293
e  98  99  732
e  98  101  353
e  99  102  301
e  99  106  165
e  99  104  353
e  100  122  196
e  100  134  785
e  101  104  732
e  101  103  165
e  102  128  195
e  102  107  165
e  103  105  732
e  104  105  165
e  105  106  353
e  105  108  301
e  105  110  588
e  106  107  301
e  107  131  195
e  107  148  73
e  107  108  353
e  108  146  73
e  108  117  720
e  108  113  588
e  109  123  310
e  109  142  301
e  110  113  301
e  110  114  720
e  111  143  385
e  111  136  459
e  111  126  730
e  112  119  301
e  113  115  720
e  114  115  301
e  115  117  588
e  115  120  73
e  115  116  732
e  116  119  73
e  117  125  73
e  118  135  933
e  118  166  575
e  118  158  459
e  118  143  157
e  119  120  732
e  119  124  39
e  120  125  588
e  120  129  39
e  121  122  346
e  121  171  301
e  121  168  785
e  122  139  785
e  123  140  301
e  124  129  732
e  124  132  194
e  125  146  720
e  125  152  353
e  125  160  195
e  125  175  124
e  125  137  39
e  126  127  559
e  126  133  459
e  127  128  459
e  128  133  559
e  128  131  165
e  129  137  588
e  129  138  194
e  130  163  196
e  131  141  559
e  131  170  385
e  131  153  73
e  132  138  732
e  132  140  124
e  133  136  730
e  133  141  165
e  134  139  196
e  135  155  575
e  136  150  385
e  136  147  165
e  137  174  124
e  137  151  194
e  138  151  588
e  138  149  124
e  139  168  346
e  139  181  301
e  139  167  146
e  139  145  504
e  140  149  732
e  140  142  310
e  141  147  730
e  141  161  385
e  142  156  732
e  142  157  586
e  143  150  459
e  144  155  293
e  145  163  146
e  146  148  353
e  147  154  385
e  148  153  195
e  148  152  720
e  149  162  588
e  149  156  310
e  150  158  157
e  150  154  165
e  151  162  124
e  152  159  195
e  153  172  385
e  153  159  720
e  154  165  157
e  154  185  575
e  154  188  73
e  154  161  730
e  155  164  741
e  155  166  933
e  156  169  588
e  156  173  586
e  157  173  732
e  157  171  799
e  158  177  575
e  158  165  165
e  159  186  385
e  159  160  353
e  160  203  385
e  160  187  124
e  161  176  73
e  161  170  559
e  162  174  194
e  162  178  39
e  162  205  195
e  162  169  310
e  163  167  504
e  163  193  301
e  163  194  740
e  164  182  767
e  164  198  144
e  164  192  933
e  165  179  575
e  166  192  741
e  166  177  459
e  167  184  301
e  168  180  301
e  169  210  195
e  169  233  799
e  169  201  586
e  170  172  73
e  171  189  732
e  171  180  785
e  172  176  559
e  172  202  575
e  172  186  720
e  173  201  588
e  173  189  799
e  174  175  39
e  175  187  195
e  175  178  194
e  176  188  730
e  176  191  575
e  177  204  741
e  177  179  165
e  178  196  195
e  179  206  741
e  179  197  73
e  179  185  157
e  180  200  732
e  180  199  146
e  180  181  346
e  181  184  146
e  182  183  144
e  183  339  73
e  183  240  165
e  183  223  459
e  183  198  767
e  184  199  346
e  184  212  732
e  184  193  504
e  185  190  73
e  186  208  575
e  186  203  353
e  187  214  385
e  187  196  194
e  188  190  575
e  189  213  588
e  189  200  785
e  190  197  157
e  190  191  730
e  191  237  157
e  191  252  144
e  191  248  124
e  191  236  720
e  191  202  559
e  192  216  144
e  192  204  459
e  193  231  732
e  193  207  740
e  194  195  580
e  194  207  301
e  195  211  301
e  196  235  575
e  196  215  310
e  196  205  39
e  197  228  741
e  197  238  144
e  197  237  730
e  198  219  459
e  198  216  933
e  199  209  732
e  200  229  588
e  200  209  146
e  201  213  799
e  202  208  720
e  203  222  575
e  203  214  124
e  204  217  144
e  204  206  165
e  205  210  310
e  206  218  144
e  206  228  73
e  207  242  732
e  207  211  580
e  208  236  559
e  208  226  124
e  208  222  353
e  209  232  588
e  209  212  346
e  210  215  39
e  210  247  575
e  210  253  799
e  211  254  732
e  211  258  822
e  211  220  196
e  212  251  588
e  212  250  740
e  212  231  504
e  213  233  586
e  213  229  785
e  214  224  575
e  215  243  575
e  216  217  459
e  217  219  933
e  217  218  165
e  218  221  933
e  218  227  767
e  218  230  73
e  219  223  767
e  219  221  165
e  220  241  822
e  221  225  767
e  222  224  124
e  223  225  165
e  224  226  353
e  224  282  144
e  224  234  194
e  225  240  459
e  225  246  73
e  225  227  933
e  226  245  559
e  226  270  144
e  227  239  73
e  228  230  144
e  229  262  195
e  229  232  146
e  230  239  767
e  230  238  741
e  231  242  740
e  232  267  195
e  232  293  575
e  232  251  346
e  233  253  195
e  234  235  385
e  234  283  144
e  234  244  310
e  235  243  310
e  236  245  124
e  237  249  144
e  238  256  767
e  238  249  730
e  239  246  933
e  239  273  124
e  239  265  730
e  239  256  741
e  240  318  73
e  241  258  196
e  241  289  732
e  241  441  575
e  242  250  504
e  242  281  588
e  242  254  580
e  243  244  385
e  243  247  39
e  244  285  144
e  244  294  799
e  244  259  39
e  245  248  720
e  245  257  144
e  246  318  459
e  246  302  124
e  247  259  385
e  247  263  799
e  248  255  144
e  249  260  767
e  249  264  124
e  249  252  157
e  250  271  588
e  251  295  575
e  251  271  740
e  252  255  124
e  253  263  575
e  253  261  785
e  254  304  588
e  254  277  822
e  255  264  157
e  255  268  767
e  255  257  720
e  256  260  730
e  257  278  767
e  257  270  559
e  258  277  732
e  259  280  799
e  260  265  741
e  260  266  124
e  261  262  586
e  261  274  575
e  261  272  146
e  262  267  146
e  263  280  385
e  263  286  146
e  263  274  785
e  264  266  767
e  265  269  124
e  266  269  741
e  266  268  157
e  267  272  586
e  267  279  575
e  268  275  741
e  268  278  720
e  269  273  730
e  269  297  720
e  269  275  157
e  270  291  767
e  270  287  310
e  270  282  353
e  271  299  575
e  271  281  504
e  272  276  575
e  273  302  933
e  273  364  310
e  273  338  720
e  274  276  146
e  275  284  720
e  276  286  785
e  276  292  385
e  276  279  586
e  277  312  588
e  277  361  575
e  277  289  196
e  278  284  741
e  278  306  310
e  278  291  559
e  279  307  385
e  279  314  740
e  279  300  346
e  279  293  195
e  280  294  39
e  280  290  146
e  281  319  575
e  281  321  822
e  281  304  580
e  282  283  194
e  283  285  310
e  284  297  157
e  284  310  310
e  285  288  353
e  285  301  767
e  285  303  799
e  286  290  385
e  287  288  194
e  287  296  767
e  288  298  767
e  289  372  575
e  290  308  39
e  290  311  144
e  290  292  785
e  291  296  310
e  292  313  144
e  292  307  586
e  293  295  346
e  294  303  144
e  294  308  146
e  295  300  195
e  295  299  740
e  296  306  559
e  296  298  194
e  297  338  730
e  297  332  310
e  298  317  741
e  298  301  353
e  299  305  195
e  299  319  504
e  300  305  740
e  301  328  741
e  301  320  799
e  302  397  459
e  302  388  146
e  302  374  310
e  303  320  767
e  303  309  146
e  304  312  822
e  305  314  346
e  305  331  385
e  305  355  144
e  305  354  822
e  305  329  504
e  306  310  741
e  307  327  144
e  307  325  740
e  308  309  144
e  309  322  767
e  309  315  785
e  309  311  39
e  310  332  157
e  310  316  194
e  311  313  785
e  312  321  580
e  312  326  575
e  313  315  39
e  313  335  767
e  313  347  740
e  313  327  586
e  314  325  385
e  315  323  767
e  316  317  559
e  316  349  157
e  316  348  146
e  316  342  799
e  317  334  799
e  317  328  353
e  318  339  165
e  318  397  124
e  319  329  195
e  319  324  822
e  320  330  741
e  320  322  146
e  321  324  575
e  322  333  741
e  322  323  785
e  323  341  741
e  323  366  740
e  323  335  39
e  324  340  195
e  324  326  580
e  325  336  144
e  325  331  346
e  326  346  195
e  326  400  144
e  326  380  196
e  326  361  588
e  327  336  740
e  328  330  799
e  329  340  822
e  330  334  353
e  330  333  146
e  331  343  144
e  332  353  730
e  332  363  146
e  332  349  194
e  333  337  353
e  333  341  785
e  334  342  559
e  334  337  146
e  335  350  740
e  336  347  586
e  336  351  767
e  336  343  346
e  337  344  559
e  337  345  785
e  338  353  310
e  339  399  293
e  339  414  124
e  340  354  504
e  340  359  144
e  340  346  580
e  341  345  353
e  341  383  559
e  341  369  740
e  342  344  146
e  343  365  767
e  343  360  822
e  343  355  385
e  344  348  799
e  344  357  157
e  344  352  785
e  345  352  559
e  346  371  144
e  347  350  767
e  348  356  157
e  349  356  146
e  350  366  39
e  350  373  741
e  350  351  586
e  351  382  741
e  351  365  346
e  352  368  157
e  352  392  740
e  352  383  353
e  353  364  720
e  353  370  146
e  354  358  144
e  355  358  822
e  356  363  194
e  356  357  799
e  357  367  194
e  357  368  785
e  358  360  385
e  358  359  504
e  359  362  385
e  359  371  580
e  360  377  767
e  360  362  504
e  361  372  196
e  362  381  767
e  362  378  580
e  363  370  730
e  363  367  799
e  364  374  933
e  364  376  146
e  365  389  741
e  365  377  822
e  366  369  741
e  367  375  730
e  368  385  730
e  368  398  740
e  369  390  559
e  369  404  822
e  369  373  39
e  370  376  720
e  370  375  799
e  371  378  385
e  371  424  767
e  371  421  196
e  371  400  195
e  372  380  588
e  372  429  144
e  372  441  732
e  373  403  822
e  373  382  586
e  374  379  146
e  375  387  933
e  375  384  785
e  376  379  933
e  377  395  741
e  377  381  504
e  378  393  767
e  379  388  310
e  379  386  799
e  380  410  144
e  381  407  741
e  381  393  580
e  382  402  822
e  382  389  346
e  383  390  740
e  384  385  194
e  384  391  933
e  385  396  933
e  385  408  740
e  386  387  720
e  386  401  310
e  386  394  785
e  387  391  785
e  388  433  459
e  388  450  785
e  388  401  799
e  389  395  822
e  390  392  353
e  390  415  822
e  391  394  720
e  391  396  194
e  392  398  157
e  392  417  822
e  393  416  741
e  393  436  196
e  393  424  385
e  394  413  310
e  394  423  740
e  394  412  194
e  395  402  346
e  395  406  39
e  395  407  504
e  396  412  720
e  396  409  740
e  397  414  165
e  397  431  293
e  397  433  146
e  398  408  730
e  398  411  933
e  398  420  822
e  399  419  124
e  400  410  196
e  401  413  785
e  402  403  586
e  403  404  39
e  404  415  559
e  404  405  346
e  405  406  586
e  405  422  559
e  406  426  559
e  406  438  504
e  407  438  39
e  407  416  580
e  408  409  933
e  409  418  720
e  409  428  822
e  409  411  730
e  410  421  195
e  410  455  767
e  410  429  588
e  411  427  822
e  412  418  740
e  413  450  799
e  413  459  459
e  413  442  740
e  414  419  293
e  415  417  353
e  415  422  346
e  416  447  559
e  416  508  933
e  416  470  196
e  417  420  157
e  417  425  346
e  418  423  194
e  418  435  822
e  419  451  73
e  419  444  146
e  419  431  165
e  420  427  933
e  420  430  346
e  421  432  767
e  422  425  353
e  422  426  586
e  423  442  310
e  423  445  822
e  424  432  196
e  425  430  157
e  425  434  586
e  426  434  353
e  426  448  157
e  426  443  504
e  427  428  730
e  427  437  346
e  428  435  720
e  428  449  346
e  429  481  767
e  429  489  732
e  430  437  933
e  430  439  586
e  431  440  146
e  432  436  385
e  432  507  588
e  432  455  195
e  433  440  293
e  433  458  785
e  434  439  157
e  435  445  194
e  435  479  346
e  436  470  741
e  436  524  588
e  437  449  730
e  437  454  586
e  438  443  559
e  439  454  933
e  439  453  504
e  439  448  353
e  440  444  165
e  440  461  785
e  441  489  144
e  441  526  301
e  442  466  459
e  442  468  293
e  442  465  822
e  443  452  157
e  443  446  580
e  444  464  73
e  444  491  740
e  444  469  785
e  445  465  310
e  445  490  293
e  445  498  346
e  446  447  39
e  446  456  157
e  447  475  157
e  447  496  933
e  448  452  504
e  449  479  720
e  449  486  580
e  449  478  504
e  449  472  586
e  450  458  459
e  451  464  146
e  452  453  353
e  452  456  580
e  453  460  933
e  453  457  580
e  454  472  730
e  454  460  504
e  455  481  588
e  456  457  353
e  456  476  933
e  456  475  39
e  457  463  933
e  458  461  293
e  458  459  799
e  459  462  293
e  459  466  740
e  460  474  730
e  460  463  580
e  461  469  165
e  461  462  799
e  462  471  165
e  462  467  740
e  463  477  730
e  463  497  39
e  463  476  353
e  464  473  124
e  464  492  740
e  465  483  293
e  466  467  293
e  467  480  165
e  467  484  822
e  467  468  459
e  468  483  822
e  469  487  740
e  469  471  799
e  470  514  933
e  470  530  588
e  471  480  740
e  472  474  504
e  473  513  822
e  473  503  740
e  474  478  586
e  474  477  580
e  475  485  933
e  476  485  39
e  477  482  586
e  477  505  720
e  477  520  39
e  478  482  580
e  479  498  194
e  479  494  580
e  480  487  799
e  480  488  822
e  481  507  195
e  481  518  732
e  482  486  504
e  482  495  720
e  483  484  459
e  483  490  310
e  484  488  165
e  484  499  310
e  485  497  353
e  485  522  196
e  485  496  157
e  486  494  720
e  487  491  785
e  487  493  73
e  488  501  73
e  488  510  310
e  489  518  767
e  489  535  301
e  490  499  459
e  490  506  346
e  491  492  73
e  492  503  124
e  492  502  822
e  492  493  785
e  493  500  822
e  494  509  194
e  494  495  504
e  495  515  194
e  495  521  293
e  495  505  586
e  496  519  196
e  496  508  559
e  497  520  730
e  497  531  196
e  498  506  293
e  498  509  580
e  499  510  165
e  499  516  346
e  500  501  799
e  500  502  785
e  500  511  124
e  501  525  124
e  502  504  124
e  503  504  822
e  504  513  740
e  504  511  785
e  505  532  293
e  506  516  459
e  506  512  580
e  507  524  385
e  508  514  196
e  509  512  293
e  509  515  504
e  510  527  346
e  511  525  799
e  512  523  459
e  512  517  504
e  514  519  559
e  515  517  293
e  516  527  165
e  516  523  580
e  517  528  459
e  517  521  194
e  519  522  157
e  520  533  196
e  521  532  586
e  522  531  353
e  523  529  165
e  523  528  504
e  524  530  741
e  526  535  144
e  527  529  580
e  528  534  165
e  529  534  504
e  531  533  730
