p   edge 486  919
e  0  393  36
e  0  44  7
e  1  2  352
e  1  50  798
e  1  299  114
e  1  418  517
e  2  3  906
e  2  47  798
e  3  4  798
e  4  5  764
e  4  49  114
e  4  47  906
e  5  6  114
e  6  7  470
e  6  49  764
e  7  8  985
e  7  129  279
e  7  77  764
e  8  9  265
e  8  101  279
e  9  10  639
e  9  56  279
e  10  11  742
e  10  53  279
e  11  12  279
e  12  13  830
e  12  53  742
e  13  14  705
e  13  58  742
e  14  15  46
e  14  70  639
e  15  16  470
e  15  81  639
e  16  17  543
e  16  72  83
e  16  111  639
e  17  18  83
e  18  19  345
e  18  76  517
e  18  72  543
e  19  20  378
e  19  75  517
e  20  21  144
e  20  65  517
e  21  22  658
e  21  54  517
e  22  23  785
e  22  46  517
e  23  24  517
e  24  25  567
e  24  48  372
e  24  46  785
e  25  26  372
e  26  27  666
e  26  48  567
e  27  28  861
e  27  73  255
e  27  51  567
e  28  29  255
e  29  30  417
e  29  84  567
e  29  73  861
e  30  31  407
e  30  59  535
e  30  98  895
e  30  105  567
e  31  32  535
e  32  33  412
e  32  63  895
e  32  59  407
e  33  34  731
e  33  45  895
e  34  35  895
e  35  36  906
e  35  60  755
e  35  45  731
e  36  37  755
e  37  38  655
e  37  60  906
e  38  39  479
e  38  52  110
e  38  67  906
e  39  40  110
e  40  41  36
e  40  66  908
e  40  52  479
e  41  42  909
e  41  62  908
e  42  43  920
e  42  55  908
e  43  44  908
e  44  309  36
e  44  55  920
e  45  96  755
e  45  85  407
e  45  63  412
e  46  57  372
e  46  80  144
e  46  54  658
e  47  68  114
e  47  50  352
e  48  51  666
e  48  57  785
e  49  77  470
e  49  68  906
e  50  74  114
e  51  79  255
e  51  61  785
e  52  88  908
e  52  106  906
e  53  58  830
e  53  56  639
e  54  65  144
e  55  89  36
e  55  62  909
e  56  64  830
e  56  102  705
e  56  101  265
e  57  61  666
e  57  82  144
e  58  64  639
e  59  69  895
e  60  67  655
e  60  96  731
e  61  91  255
e  61  87  144
e  62  66  36
e  63  69  407
e  64  71  705
e  65  80  658
e  65  83  372
e  65  78  345
e  65  75  378
e  66  89  909
e  66  379  731
e  66  88  479
e  67  106  110
e  67  104  731
e  68  93  470
e  68  74  352
e  69  85  412
e  69  119  567
e  69  98  535
e  70  71  742
e  70  81  46
e  71  86  46
e  71  113  265
e  71  102  830
e  72  116  517
e  72  112  639
e  73  79  567
e  74  99  470
e  74  299  798
e  75  76  345
e  76  78  378
e  76  94  372
e  76  116  543
e  77  130  279
e  77  93  906
e  78  90  372
e  79  84  861
e  79  91  785
e  80  82  372
e  81  111  470
e  81  115  83
e  81  147  517
e  81  86  742
e  82  87  666
e  82  83  658
e  83  92  666
e  83  90  345
e  84  105  417
e  84  103  785
e  85  140  755
e  85  144  567
e  86  149  517
e  86  122  265
e  87  108  255
e  87  97  345
e  87  92  658
e  88  196  731
e  88  126  906
e  89  309  920
e  89  402  7
e  89  470  345
e  89  398  731
e  90  95  666
e  90  94  378
e  91  103  861
e  91  117  417
e  91  108  144
e  92  95  345
e  93  135  279
e  93  99  352
e  94  100  666
e  94  151  639
e  94  143  543
e  95  97  658
e  95  100  378
e  96  104  655
e  96  140  407
e  97  120  255
e  97  107  378
e  98  114  567
e  99  153  279
e  99  387  517
e  99  386  798
e  100  107  658
e  100  179  895
e  100  160  639
e  101  110  705
e  101  136  764
e  101  129  985
e  102  110  265
e  103  109  417
e  104  127  110
e  104  218  908
e  104  193  785
e  105  114  895
e  105  109  785
e  106  126  908
e  106  127  731
e  107  148  255
e  107  163  895
e  108  125  417
e  108  120  345
e  109  118  895
e  109  117  861
e  110  113  830
e  110  146  764
e  111  112  83
e  112  124  517
e  112  115  470
e  113  122  46
e  113  159  764
e  114  119  535
e  114  118  785
e  115  137  517
e  116  143  372
e  116  124  639
e  117  123  895
e  117  125  144
e  118  121  535
e  118  123  861
e  119  144  412
e  119  121  785
e  120  131  417
e  120  138  895
e  120  148  378
e  121  152  412
e  121  139  144
e  121  133  861
e  122  162  517
e  122  188  906
e  122  174  764
e  123  133  535
e  123  128  144
e  124  145  372
e  124  172  742
e  124  137  470
e  125  128  895
e  125  131  345
e  126  142  731
e  127  142  908
e  128  134  535
e  128  132  345
e  129  130  764
e  130  136  985
e  130  154  705
e  130  135  906
e  131  132  895
e  132  141  535
e  132  164  378
e  132  138  417
e  133  134  144
e  134  139  861
e  134  141  345
e  135  155  705
e  135  153  352
e  136  146  705
e  137  150  742
e  137  147  83
e  138  156  378
e  139  169  412
e  139  158  345
e  140  161  567
e  141  158  861
e  141  184  755
e  141  175  378
e  142  196  906
e  142  307  345
e  142  227  785
e  142  218  110
e  143  145  639
e  144  161  755
e  144  152  785
e  145  151  543
e  145  167  666
e  145  190  265
e  145  183  742
e  146  159  830
e  146  157  906
e  146  154  985
e  147  149  742
e  148  156  895
e  149  150  83
e  149  162  265
e  150  172  470
e  150  171  265
e  151  160  666
e  152  165  755
e  152  169  144
e  153  168  705
e  153  358  517
e  154  155  906
e  155  157  985
e  155  170  830
e  155  168  352
e  156  164  417
e  156  163  255
e  157  166  830
e  158  176  412
e  158  181  755
e  159  174  46
e  159  166  906
e  160  198  895
e  160  167  543
e  161  165  785
e  162  171  83
e  162  215  372
e  162  197  906
e  163  191  417
e  163  179  658
e  164  175  535
e  164  191  255
e  165  195  655
e  165  173  144
e  166  177  46
e  166  170  985
e  167  212  895
e  167  201  265
e  168  180  830
e  168  264  517
e  169  173  755
e  169  176  345
e  170  180  352
e  171  182  470
e  171  189  372
e  172  183  372
e  172  182  265
e  173  200  655
e  173  178  345
e  174  177  906
e  175  204  755
e  175  216  639
e  175  206  255
e  176  178  755
e  177  188  764
e  177  199  517
e  177  186  352
e  178  203  655
e  178  192  861
e  178  181  412
e  179  202  417
e  179  198  639
e  180  187  46
e  180  242  517
e  181  184  861
e  182  185  372
e  183  185  265
e  184  192  412
e  184  204  378
e  185  190  742
e  185  205  666
e  185  189  470
e  186  187  985
e  186  207  517
e  187  211  517
e  188  197  517
e  189  226  666
e  189  220  906
e  189  215  83
e  190  201  666
e  191  206  535
e  191  202  658
e  192  235  655
e  192  222  378
e  193  194  567
e  193  225  908
e  194  195  407
e  194  228  908
e  194  208  144
e  195  200  144
e  196  379  479
e  196  373  345
e  197  219  372
e  197  199  764
e  198  210  417
e  198  234  535
e  198  212  543
e  199  221  372
e  199  207  352
e  200  208  407
e  200  203  345
e  201  223  895
e  201  205  742
e  202  209  535
e  202  210  639
e  203  214  407
e  203  256  908
e  203  235  861
e  204  222  412
e  204  231  639
e  205  239  895
e  205  240  906
e  205  226  470
e  206  209  658
e  207  232  372
e  207  211  985
e  208  230  908
e  208  214  345
e  209  213  639
e  210  213  535
e  211  255  372
e  211  242  46
e  212  245  535
e  212  223  265
e  213  217  255
e  213  253  755
e  213  250  265
e  213  234  417
e  214  236  908
e  215  219  906
e  216  217  658
e  216  231  755
e  217  244  755
e  218  225  785
e  219  220  83
e  219  221  764
e  220  233  666
e  220  224  764
e  221  224  83
e  221  232  352
e  222  248  655
e  222  260  639
e  223  246  535
e  223  270  906
e  223  239  742
e  224  241  666
e  224  243  352
e  225  227  110
e  225  228  567
e  226  233  906
e  227  257  144
e  227  229  567
e  228  229  110
e  228  230  144
e  229  237  144
e  230  237  110
e  230  236  345
e  231  260  412
e  231  277  265
e  231  244  658
e  232  243  83
e  232  274  666
e  232  255  985
e  233  240  470
e  233  241  764
e  234  247  265
e  234  245  543
e  235  273  908
e  235  248  378
e  236  238  110
e  236  256  407
e  237  257  567
e  237  238  345
e  238  266  567
e  238  412  906
e  238  331  639
e  238  324  378
e  238  268  407
e  239  249  906
e  240  249  895
e  240  251  764
e  241  251  470
e  241  261  895
e  241  254  352
e  242  351  372
e  242  264  830
e  243  254  666
e  244  265  265
e  244  253  255
e  245  246  265
e  246  247  543
e  246  252  417
e  246  271  906
e  247  250  417
e  248  279  908
e  248  269  639
e  249  270  742
e  249  272  535
e  249  258  764
e  250  259  755
e  250  252  543
e  251  258  895
e  252  262  755
e  252  275  906
e  253  259  265
e  254  263  895
e  254  285  985
e  254  274  83
e  255  281  666
e  255  300  895
e  255  351  46
e  256  268  110
e  256  273  861
e  257  266  345
e  258  282  535
e  258  267  352
e  258  261  470
e  259  265  255
e  259  262  543
e  260  269  655
e  260  296  265
e  261  263  352
e  262  284  255
e  262  276  906
e  263  267  470
e  263  310  755
e  263  287  985
e  264  361  372
e  264  377  895
e  264  358  705
e  265  277  658
e  265  303  906
e  265  284  543
e  266  308  785
e  266  392  906
e  267  290  535
e  267  301  755
e  268  306  378
e  268  292  861
e  269  291  908
e  269  298  265
e  270  271  535
e  271  275  417
e  271  272  742
e  272  278  417
e  272  283  755
e  272  282  764
e  273  292  110
e  273  279  378
e  274  281  985
e  275  276  755
e  275  278  742
e  276  295  255
e  276  302  764
e  276  280  742
e  277  296  412
e  277  304  655
e  277  312  906
e  278  280  755
e  279  294  110
e  279  291  639
e  280  288  764
e  280  283  417
e  281  285  83
e  281  289  895
e  282  286  755
e  282  290  352
e  283  286  764
e  284  295  906
e  285  287  895
e  286  288  417
e  286  293  352
e  287  323  755
e  287  289  83
e  288  302  742
e  288  318  255
e  288  297  352
e  289  348  755
e  289  300  666
e  290  293  755
e  291  305  110
e  291  314  265
e  292  294  378
e  293  297  417
e  293  316  470
e  293  301  535
e  294  306  861
e  294  305  639
e  295  303  543
e  295  322  655
e  295  311  764
e  296  298  655
e  297  320  255
e  297  355  655
e  297  352  985
e  297  335  470
e  298  314  908
e  298  317  906
e  298  304  412
e  299  386  470
e  299  413  517
e  300  375  755
e  300  362  46
e  301  310  470
e  302  311  255
e  303  312  658
e  303  315  655
e  304  313  906
e  305  319  861
e  305  342  407
e  305  329  265
e  306  324  407
e  306  319  639
e  307  308  144
e  307  373  906
e  308  378  906
e  309  393  7
e  310  316  535
e  310  323  985
e  311  327  655
e  311  321  352
e  311  318  742
e  312  313  655
e  313  317  412
e  313  315  658
e  314  329  110
e  314  328  906
e  315  325  412
e  315  322  543
e  316  335  417
e  316  330  985
e  317  328  908
e  317  338  764
e  317  325  658
e  318  320  352
e  319  326  407
e  320  321  742
e  320  336  655
e  321  333  655
e  322  332  412
e  322  327  764
e  323  330  535
e  323  348  83
e  324  326  639
e  325  337  764
e  325  332  543
e  326  331  378
e  326  365  265
e  326  342  861
e  327  334  412
e  327  333  352
e  328  343  110
e  328  341  764
e  329  360  407
e  329  343  906
e  330  345  417
e  330  363  83
e  331  425  906
e  331  401  906
e  331  381  265
e  332  334  764
e  333  339  412
e  333  336  742
e  334  337  543
e  334  340  658
e  334  346  908
e  334  339  352
e  335  345  985
e  336  353  412
e  336  356  908
e  336  355  255
e  337  338  658
e  338  341  908
e  338  340  543
e  339  347  908
e  339  353  742
e  340  344  908
e  341  357  110
e  341  350  352
e  341  344  543
e  342  360  265
e  343  366  407
e  343  357  764
e  344  349  352
e  344  346  658
e  345  352  470
e  345  376  655
e  345  399  908
e  345  389  83
e  346  347  352
e  347  349  658
e  347  354  742
e  348  363  535
e  348  409  46
e  348  375  666
e  349  350  543
e  349  364  110
e  350  359  110
e  351  362  895
e  351  361  830
e  352  367  655
e  353  354  908
e  354  371  110
e  354  383  985
e  354  356  412
e  355  369  908
e  355  367  985
e  356  380  985
e  356  369  255
e  357  384  407
e  357  359  352
e  358  414  895
e  358  422  798
e  358  387  279
e  359  385  407
e  359  417  742
e  359  364  543
e  360  365  861
e  360  366  906
e  361  368  895
e  362  388  755
e  362  368  830
e  363  389  417
e  363  420  908
e  363  423  46
e  364  370  742
e  365  381  378
e  365  372  906
e  366  372  861
e  366  390  352
e  366  384  764
e  367  374  908
e  367  376  470
e  368  395  755
e  368  377  372
e  369  374  985
e  370  371  658
e  370  417  543
e  370  434  407
e  370  421  985
e  371  394  985
e  372  391  378
e  372  396  352
e  373  426  479
e  373  378  144
e  374  380  255
e  374  400  412
e  374  382  470
e  375  388  46
e  376  382  908
e  377  415  755
e  377  414  705
e  378  437  479
e  378  392  785
e  379  398  909
e  379  426  345
e  380  383  412
e  381  391  906
e  382  406  412
e  382  410  110
e  382  405  83
e  382  399  655
e  383  394  110
e  383  400  255
e  384  385  352
e  385  390  764
e  385  397  861
e  385  429  742
e  386  404  517
e  387  404  798
e  388  409  666
e  388  395  830
e  389  403  908
e  390  396  861
e  391  401  265
e  391  436  906
e  391  419  352
e  392  461  479
e  392  441  906
e  392  412  567
e  393  402  920
e  394  421  658
e  394  411  470
e  394  407  255
e  395  416  666
e  395  453  535
e  395  469  908
e  395  455  798
e  395  415  372
e  396  419  378
e  396  397  764
e  397  424  378
e  398  435  345
e  399  403  83
e  400  407  110
e  400  406  470
e  401  430  906
e  402  483  345
e  403  405  655
e  403  420  417
e  404  422  279
e  404  431  895
e  404  413  470
e  405  445  110
e  405  471  46
e  405  433  417
e  406  408  110
e  407  408  470
e  408  411  255
e  408  472  83
e  408  410  412
e  409  423  535
e  409  416  830
e  410  445  83
e  412  440  906
e  412  425  639
e  413  438  895
e  413  418  114
e  414  432  755
e  414  427  798
e  415  450  798
e  415  432  705
e  416  428  535
e  417  429  407
e  418  443  895
e  419  454  906
e  419  424  764
e  420  433  655
e  420  444  46
e  421  457  407
e  422  427  895
e  423  444  908
e  423  428  830
e  424  459  906
e  425  430  906
e  426  435  909
e  426  437  144
e  427  439  755
e  427  431  279
e  428  447  908
e  428  453  666
e  429  434  543
e  430  440  639
e  430  446  567
e  430  436  265
e  431  448  755
e  431  438  470
e  432  439  798
e  433  456  46
e  434  457  985
e  435  470  731
e  435  442  144
e  436  460  567
e  436  454  352
e  437  442  909
e  437  461  785
e  438  449  755
e  438  443  114
e  439  450  705
e  439  463  372
e  439  452  470
e  439  448  279
e  440  441  567
e  441  464  479
e  441  446  639
e  442  468  906
e  442  466  785
e  443  451  755
e  444  456  655
e  444  447  830
e  445  472  412
e  446  473  479
e  446  460  265
e  447  458  655
e  447  465  666
e  448  449  470
e  449  452  279
e  449  451  114
e  450  455  372
e  451  462  279
e  452  477  372
e  452  462  114
e  453  465  908
e  454  481  567
e  454  459  764
e  455  480  908
e  455  463  705
e  456  471  417
e  456  458  830
e  458  474  417
e  460  476  479
e  460  481  352
e  461  466  909
e  461  464  906
e  462  479  372
e  463  477  470
e  464  467  909
e  464  473  639
e  465  482  798
e  465  469  535
e  466  467  906
e  467  468  785
e  467  475  639
e  469  480  798
e  470  483  7
e  471  474  830
e  473  475  909
e  473  476  265
e  475  478  265
e  476  478  909
e  476  484  352
e  477  479  114
e  478  485  352
e  480  482  535
e  481  484  479
e  484  485  909
