p   edge 797  1513
e  0  710  492
e  0  664  736
e  0  59  322
e  1  2  539
e  1  115  730
e  1  453  169
e  2  3  730
e  3  4  66
e  3  93  169
e  3  115  539
e  4  5  404
e  4  90  169
e  5  6  169
e  6  7  71
e  6  86  353
e  6  113  153
e  6  98  66
e  6  90  404
e  7  8  353
e  8  9  524
e  8  68  153
e  8  86  71
e  9  10  153
e  10  11  252
e  10  68  524
e  11  12  457
e  11  72  524
e  12  13  740
e  12  81  608
e  12  73  524
e  13  14  141
e  13  74  608
e  14  15  608
e  15  16  4
e  15  60  840
e  15  74  141
e  16  17  840
e  17  18  68
e  17  60  4
e  18  19  621
e  18  62  4
e  19  20  236
e  19  66  350
e  19  87  4
e  20  21  492
e  20  64  350
e  21  22  350
e  22  23  806
e  22  64  492
e  23  24  303
e  23  82  629
e  23  75  492
e  24  25  600
e  24  71  629
e  25  26  629
e  26  27  56
e  26  71  600
e  27  28  546
e  27  76  869
e  27  96  600
e  28  29  869
e  29  30  405
e  29  76  546
e  30  31  220
e  30  100  678
e  30  92  546
e  31  32  236
e  31  88  678
e  32  33  678
e  33  34  705
e  33  88  236
e  34  35  30
e  34  61  616
e  34  114  236
e  35  36  616
e  36  37  574
e  36  61  30
e  37  38  469
e  37  67  30
e  38  39  615
e  38  84  30
e  39  40  740
e  39  63  573
e  39  112  30
e  40  41  573
e  41  42  519
e  41  63  740
e  42  43  882
e  42  101  795
e  42  69  740
e  43  44  736
e  43  70  334
e  43  95  795
e  44  45  334
e  45  46  210
e  45  77  795
e  45  70  736
e  46  47  572
e  46  65  795
e  47  48  795
e  48  49  688
e  48  65  572
e  49  50  314
e  49  79  82
e  49  109  736
e  49  102  572
e  50  51  82
e  51  52  919
e  51  79  314
e  52  53  404
e  52  148  984
e  52  167  596
e  52  147  314
e  53  54  110
e  53  134  984
e  54  55  984
e  55  56  540
e  55  128  596
e  55  134  110
e  56  57  475
e  56  85  596
e  57  58  596
e  58  59  813
e  58  85  475
e  59  593  736
e  59  135  475
e  60  62  68
e  60  136  141
e  61  67  574
e  61  125  469
e  61  177  236
e  62  87  621
e  62  152  524
e  63  69  519
e  63  133  30
e  64  75  806
e  64  66  236
e  65  102  688
e  65  83  736
e  65  77  210
e  66  78  806
e  66  119  629
e  66  118  4
e  67  84  469
e  68  72  252
e  68  97  71
e  69  116  795
e  69  149  30
e  70  80  795
e  71  96  56
e  71  99  492
e  71  82  303
e  72  73  457
e  72  103  71
e  73  94  608
e  73  106  71
e  74  136  840
e  74  122  524
e  74  81  740
e  75  89  629
e  75  78  236
e  76  92  405
e  76  124  600
e  77  80  736
e  78  91  629
e  79  147  919
e  79  204  596
e  79  158  736
e  80  83  210
e  80  104  882
e  80  95  334
e  81  94  524
e  82  89  492
e  83  105  688
e  83  127  882
e  84  112  615
e  84  203  573
e  84  237  492
e  84  125  574
e  85  135  813
e  85  128  540
e  86  97  153
e  87  118  350
e  87  154  56
e  87  188  524
e  88  114  705
e  88  100  220
e  89  99  303
e  89  91  236
e  90  93  66
e  91  107  303
e  91  111  56
e  91  119  806
e  92  156  678
e  92  155  492
e  92  143  600
e  93  98  404
e  93  141  539
e  94  122  740
e  94  144  840
e  94  117  71
e  95  101  882
e  96  124  869
e  96  108  492
e  97  103  252
e  97  113  353
e  98  176  153
e  98  171  539
e  99  108  56
e  99  107  236
e  100  120  705
e  100  156  546
e  101  104  334
e  101  116  740
e  102  105  736
e  103  106  457
e  103  121  353
e  104  127  210
e  104  157  688
e  104  126  740
e  105  109  572
e  105  137  882
e  106  117  608
e  106  138  353
e  107  110  56
e  108  129  869
e  108  110  236
e  109  158  82
e  109  186  882
e  110  132  869
e  110  111  303
e  111  142  869
e  111  140  4
e  111  123  806
e  112  133  573
e  113  121  252
e  113  176  66
e  114  177  616
e  114  194  492
e  114  120  220
e  115  141  169
e  116  126  334
e  116  170  30
e  117  161  840
e  117  247  539
e  117  151  353
e  118  131  56
e  119  123  56
e  120  179  492
e  120  162  546
e  121  138  457
e  121  181  608
e  121  189  66
e  122  139  840
e  123  130  4
e  124  143  405
e  124  129  492
e  125  222  492
e  125  209  236
e  126  163  688
e  126  221  30
e  127  137  688
e  128  235  813
e  128  150  110
e  129  145  405
e  129  132  236
e  130  131  629
e  130  140  806
e  130  178  869
e  131  216  869
e  131  154  350
e  132  146  405
e  132  142  303
e  133  149  519
e  133  213  795
e  133  203  615
e  134  150  596
e  134  148  404
e  135  581  736
e  135  373  110
e  135  235  540
e  136  139  524
e  137  186  572
e  137  214  82
e  137  164  740
e  137  157  210
e  138  151  608
e  139  153  68
e  139  144  740
e  140  159  869
e  141  171  404
e  141  296  153
e  141  454  608
e  141  503  56
e  141  453  730
e  142  165  405
e  142  159  4
e  143  145  492
e  144  174  68
e  144  161  71
e  145  155  600
e  145  169  678
e  145  146  236
e  146  172  678
e  146  183  705
e  146  165  303
e  147  187  596
e  148  160  596
e  149  170  795
e  150  266  813
e  150  160  404
e  151  244  539
e  151  198  66
e  151  181  457
e  152  153  141
e  152  188  621
e  153  200  621
e  153  199  71
e  153  174  740
e  154  230  869
e  154  210  524
e  155  166  678
e  156  162  705
e  156  166  492
e  157  163  740
e  158  226  596
e  158  192  882
e  159  180  405
e  159  178  806
e  160  288  813
e  160  205  314
e  160  167  984
e  161  182  68
e  161  254  539
e  162  168  492
e  163  164  210
e  163  271  30
e  164  234  82
e  164  311  596
e  164  310  30
e  165  190  705
e  165  180  4
e  166  168  705
e  166  169  600
e  167  187  314
e  168  179  546
e  168  173  600
e  169  173  705
e  169  172  236
e  170  221  334
e  170  294  492
e  170  213  519
e  171  197  153
e  172  175  705
e  173  175  236
e  174  182  71
e  175  185  546
e  175  232  616
e  175  211  4
e  175  193  303
e  175  183  678
e  176  189  252
e  176  197  539
e  177  209  469
e  177  196  492
e  178  231  405
e  178  268  524
e  178  216  629
e  179  194  220
e  179  202  616
e  179  184  236
e  180  195  705
e  180  231  806
e  181  191  66
e  182  199  740
e  182  228  621
e  182  245  56
e  182  281  539
e  183  190  303
e  184  185  600
e  184  206  616
e  185  208  616
e  186  192  82
e  187  205  984
e  187  256  736
e  187  204  919
e  188  210  56
e  188  200  141
e  189  191  608
e  189  215  539
e  190  193  678
e  190  195  4
e  191  198  457
e  191  218  539
e  192  253  596
e  192  252  740
e  192  214  572
e  193  201  4
e  194  196  616
e  195  201  678
e  195  255  806
e  196  217  469
e  196  207  236
e  196  202  220
e  197  215  252
e  197  227  608
e  197  296  404
e  198  223  539
e  199  219  621
e  200  224  56
e  200  219  71
e  201  211  303
e  201  242  616
e  201  269  806
e  202  206  236
e  203  272  795
e  203  270  492
e  204  226  736
e  205  312  813
e  205  280  736
e  206  207  220
e  206  208  600
e  207  220  469
e  207  212  600
e  208  212  220
e  208  243  469
e  208  239  4
e  208  232  546
e  209  217  492
e  210  246  869
e  210  224  141
e  211  236  616
e  212  225  469
e  213  282  492
e  213  272  615
e  214  234  740
e  215  218  608
e  216  263  524
e  216  230  350
e  217  222  236
e  217  220  236
e  218  223  457
e  218  395  840
e  218  424  56
e  218  394  404
e  218  227  252
e  219  229  56
e  219  228  740
e  220  233  236
e  220  225  600
e  221  271  688
e  221  347  492
e  222  237  574
e  222  233  236
e  223  244  66
e  223  250  353
e  223  260  840
e  224  229  71
e  225  240  236
e  225  265  574
e  225  251  4
e  225  243  220
e  226  256  919
e  226  253  882
e  227  334  404
e  228  238  56
e  229  262  869
e  229  238  740
e  230  246  524
e  231  255  705
e  231  286  524
e  232  236  4
e  233  241  574
e  233  240  600
e  234  252  572
e  234  273  596
e  235  266  110
e  236  239  546
e  236  258  469
e  236  242  303
e  237  270  573
e  237  241  236
e  238  278  869
e  238  299  539
e  238  245  621
e  239  248  469
e  240  249  574
e  241  275  573
e  241  249  600
e  242  259  469
e  242  305  806
e  243  248  4
e  244  247  353
e  245  285  539
e  246  263  350
e  246  261  71
e  247  254  840
e  247  250  66
e  248  251  220
e  248  264  303
e  248  258  546
e  249  284  573
e  249  277  4
e  249  265  236
e  250  257  840
e  251  274  574
e  251  276  303
e  252  267  596
e  253  325  919
e  253  267  740
e  254  281  68
e  254  257  66
e  255  269  678
e  255  290  524
e  256  280  984
e  256  325  882
e  257  298  56
e  257  260  353
e  258  259  303
e  259  264  546
e  259  306  220
e  259  337  574
e  259  369  524
e  259  326  806
e  260  330  56
e  260  395  457
e  261  262  141
e  261  289  350
e  262  301  629
e  262  318  705
e  262  278  740
e  263  268  629
e  263  289  71
e  264  276  220
e  265  274  4
e  266  373  540
e  266  372  314
e  266  288  404
e  267  361  919
e  267  371  984
e  267  273  572
e  268  286  405
e  268  291  71
e  269  305  616
e  269  304  524
e  270  279  795
e  270  275  236
e  271  310  210
e  271  329  596
e  271  375  492
e  272  279  492
e  273  331  30
e  273  311  82
e  274  277  236
e  274  293  303
e  275  283  795
e  275  284  600
e  276  293  574
e  276  306  546
e  277  295  573
e  277  324  303
e  278  332  705
e  278  313  539
e  279  282  615
e  279  283  236
e  280  351  813
e  280  340  882
e  281  285  56
e  282  294  519
e  282  287  236
e  283  287  615
e  283  292  600
e  284  292  795
e  284  295  4
e  285  299  621
e  285  322  869
e  285  297  66
e  286  290  705
e  287  309  519
e  287  308  600
e  288  312  314
e  289  291  629
e  290  304  678
e  290  302  71
e  291  303  705
e  291  300  141
e  292  308  615
e  292  307  4
e  293  324  236
e  293  342  573
e  293  350  795
e  293  323  546
e  294  347  334
e  294  309  236
e  295  307  795
e  295  333  303
e  296  334  608
e  297  298  68
e  297  341  869
e  297  365  353
e  298  330  353
e  299  313  869
e  300  301  350
e  300  314  705
e  301  316  705
e  302  303  405
e  302  319  678
e  302  315  141
e  303  314  141
e  304  327  616
e  304  319  71
e  305  326  469
e  305  327  524
e  306  323  574
e  307  320  615
e  307  338  303
e  308  321  519
e  308  320  4
e  309  353  334
e  309  321  600
e  310  317  596
e  311  317  30
e  312  372  404
e  312  351  736
e  313  348  705
e  313  352  66
e  313  322  621
e  314  315  405
e  314  316  350
e  315  336  678
e  315  356  740
e  315  328  350
e  316  328  405
e  316  318  629
e  317  331  82
e  317  329  210
e  318  335  405
e  318  332  740
e  319  343  616
e  319  336  141
e  320  339  519
e  320  380  303
e  321  377  334
e  321  339  4
e  322  341  66
e  323  370  795
e  323  337  220
e  324  333  573
e  325  340  984
e  325  361  740
e  326  344  524
e  327  344  469
e  327  343  71
e  328  349  740
e  328  335  629
e  329  398  82
e  329  378  492
e  330  365  68
e  330  384  869
e  330  413  457
e  331  471  984
e  331  419  492
e  331  398  210
e  332  345  405
e  332  348  539
e  333  338  795
e  333  342  236
e  334  394  252
e  334  439  56
e  334  454  153
e  335  345  740
e  336  357  616
e  336  367  539
e  336  358  740
e  337  390  795
e  337  393  524
e  338  380  615
e  338  346  236
e  339  382  334
e  339  443  596
e  339  391  303
e  340  399  813
e  340  362  740
e  341  352  621
e  341  421  705
e  341  379  353
e  342  346  795
e  343  355  469
e  343  357  141
e  344  369  806
e  344  403  574
e  344  355  71
e  345  349  629
e  345  354  539
e  346  442  524
e  346  381  546
e  346  350  573
e  347  375  688
e  347  383  596
e  347  353  236
e  348  354  405
e  348  387  66
e  349  356  350
e  349  360  678
e  349  359  539
e  350  370  546
e  351  472  404
e  351  399  882
e  352  387  705
e  353  385  596
e  353  397  4
e  353  377  600
e  354  359  629
e  354  366  678
e  354  405  66
e  355  404  574
e  355  415  539
e  355  368  141
e  356  358  678
e  357  368  469
e  357  374  539
e  358  364  539
e  358  360  350
e  359  363  678
e  360  363  539
e  361  362  984
e  362  420  813
e  362  490  30
e  362  371  919
e  363  364  350
e  363  389  616
e  363  366  629
e  364  367  740
e  364  376  616
e  365  379  869
e  366  396  616
e  366  414  66
e  367  374  616
e  368  386  539
e  369  393  574
e  370  381  573
e  370  390  220
e  371  470  30
e  372  473  540
e  372  472  736
e  373  566  736
e  373  473  314
e  374  386  469
e  374  376  740
e  375  378  596
e  376  392  469
e  376  389  350
e  377  382  4
e  378  411  82
e  378  388  236
e  378  383  688
e  379  436  705
e  379  384  68
e  380  391  519
e  381  417  524
e  381  407  220
e  382  397  600
e  382  401  596
e  383  385  236
e  384  458  705
e  384  456  404
e  385  388  688
e  385  400  4
e  386  415  141
e  386  437  795
e  386  392  740
e  387  405  405
e  387  461  616
e  387  459  353
e  387  421  621
e  388  423  82
e  388  410  4
e  389  408  469
e  389  396  629
e  390  407  573
e  390  402  524
e  391  445  596
e  391  466  524
e  392  452  795
e  392  462  66
e  392  408  350
e  393  402  795
e  393  406  71
e  393  403  806
e  394  428  56
e  395  413  56
e  396  425  469
e  396  422  66
e  397  400  596
e  398  411  492
e  399  614  540
e  399  620  492
e  399  420  740
e  400  410  688
e  400  401  600
e  401  418  688
e  401  447  303
e  401  443  334
e  402  409  573
e  402  412  71
e  403  404  71
e  404  406  806
e  404  416  795
e  404  429  539
e  405  414  678
e  406  412  795
e  407  409  524
e  408  441  66
e  408  425  629
e  409  417  220
e  409  426  71
e  410  444  82
e  410  418  600
e  411  419  210
e  411  423  236
e  412  426  573
e  412  416  806
e  413  431  404
e  413  424  840
e  414  422  616
e  415  429  574
e  415  432  795
e  416  433  573
e  416  430  539
e  417  442  546
e  417  434  71
e  418  449  82
e  418  498  303
e  419  487  984
e  419  427  236
e  420  525  492
e  420  500  30
e  421  436  353
e  422  435  469
e  422  485  353
e  422  460  405
e  423  427  210
e  423  444  4
e  424  428  404
e  425  435  66
e  426  434  220
e  426  446  539
e  426  433  806
e  427  502  984
e  427  450  4
e  428  431  840
e  428  439  252
e  429  430  795
e  430  440  573
e  430  438  141
e  430  432  574
e  431  457  869
e  431  455  252
e  432  437  141
e  433  440  539
e  434  465  546
e  434  451  539
e  435  441  629
e  435  521  795
e  435  493  353
e  436  459  621
e  436  484  616
e  436  458  68
e  437  438  574
e  437  452  740
e  438  448  573
e  438  463  740
e  439  455  840
e  439  504  869
e  439  494  153
e  440  446  806
e  440  464  220
e  440  448  141
e  441  462  350
e  441  496  795
e  442  468  519
e  442  465  71
e  443  445  303
e  444  450  210
e  444  449  600
e  445  447  334
e  445  488  524
e  446  451  220
e  447  498  688
e  447  546  539
e  447  519  524
e  448  486  220
e  448  475  740
e  449  469  210
e  449  544  303
e  450  526  984
e  450  469  600
e  451  477  546
e  451  492  519
e  451  522  141
e  451  464  806
e  452  463  574
e  452  482  66
e  453  739  56
e  454  494  56
e  455  489  869
e  456  457  457
e  456  516  705
e  457  531  705
e  457  489  252
e  458  535  616
e  458  516  404
e  459  478  616
e  460  461  678
e  460  479  353
e  461  478  353
e  462  482  795
e  463  475  573
e  463  509  66
e  464  486  141
e  465  474  519
e  465  477  539
e  466  467  236
e  466  488  596
e  466  481  71
e  467  468  615
e  467  476  71
e  468  474  71
e  469  547  984
e  469  612  813
e  469  619  539
e  469  579  303
e  470  471  572
e  470  490  919
e  470  499  492
e  471  487  492
e  472  506  540
e  473  506  736
e  474  476  615
e  474  480  539
e  475  541  220
e  475  556  596
e  475  515  66
e  476  481  236
e  476  483  539
e  477  480  519
e  478  479  678
e  478  484  621
e  479  485  405
e  479  495  621
e  480  483  615
e  480  492  546
e  481  497  596
e  481  491  539
e  482  509  574
e  482  496  350
e  483  491  236
e  483  510  596
e  483  505  546
e  484  495  678
e  484  536  469
e  484  535  68
e  485  493  469
e  486  522  806
e  486  532  519
e  486  537  596
e  486  541  740
e  487  499  572
e  487  502  236
e  488  519  334
e  488  513  539
e  488  497  71
e  489  552  705
e  489  504  840
e  490  500  813
e  490  507  492
e  491  501  596
e  492  505  615
e  492  527  596
e  492  529  141
e  493  557  795
e  493  511  621
e  494  548  869
e  494  503  608
e  495  512  469
e  496  549  574
e  496  563  573
e  496  521  629
e  497  501  539
e  498  544  82
e  498  555  539
e  499  507  919
e  499  514  813
e  499  517  236
e  500  508  492
e  501  513  71
e  501  530  334
e  501  569  141
e  501  510  236
e  502  517  572
e  502  523  813
e  502  526  4
e  503  560  869
e  503  739  730
e  504  574  705
e  504  548  153
e  505  518  596
e  506  566  314
e  506  616  475
e  506  638  492
e  506  613  882
e  507  508  813
e  508  525  30
e  508  524  236
e  508  514  919
e  509  515  573
e  509  549  350
e  510  565  141
e  510  518  546
e  511  512  405
e  511  583  795
e  511  587  68
e  512  562  68
e  512  536  678
e  513  528  334
e  514  520  236
e  515  568  596
e  515  554  350
e  516  561  616
e  516  531  457
e  517  520  813
e  518  538  141
e  518  527  615
e  519  528  539
e  520  524  919
e  520  523  572
e  521  584  573
e  521  557  353
e  522  529  519
e  523  540  919
e  523  539  4
e  524  551  30
e  524  545  4
e  524  540  572
e  525  620  740
e  525  631  540
e  525  551  236
e  526  539  813
e  526  547  600
e  527  533  141
e  528  546  524
e  528  558  688
e  528  530  71
e  529  533  596
e  529  532  806
e  530  567  688
e  530  578  141
e  531  575  616
e  531  552  252
e  532  534  596
e  533  538  615
e  533  534  806
e  534  542  615
e  534  564  740
e  534  537  519
e  535  553  469
e  535  561  404
e  536  553  68
e  537  550  740
e  538  565  546
e  538  595  334
e  538  542  806
e  539  543  919
e  539  559  600
e  540  543  4
e  541  550  596
e  542  600  334
e  542  572  740
e  543  545  572
e  543  571  600
e  544  579  210
e  544  573  539
e  545  586  30
e  545  580  600
e  546  555  688
e  547  559  813
e  548  596  705
e  548  560  608
e  549  554  573
e  550  564  519
e  550  577  66
e  550  556  220
e  551  641  540
e  551  586  4
e  552  599  616
e  552  574  840
e  553  562  678
e  553  570  404
e  554  602  596
e  554  591  629
e  554  563  574
e  555  573  82
e  555  558  524
e  556  568  66
e  557  601  573
e  557  583  621
e  558  585  82
e  558  567  71
e  559  571  919
e  559  632  539
e  559  612  984
e  560  603  705
e  560  756  730
e  561  570  469
e  561  575  457
e  562  587  405
e  562  576  404
e  563  584  629
e  564  572  615
e  564  582  66
e  565  569  236
e  565  592  334
e  566  581  110
e  567  590  82
e  567  617  141
e  568  577  220
e  568  588  519
e  568  602  350
e  569  578  334
e  570  576  678
e  570  589  457
e  571  580  572
e  571  659  539
e  572  609  334
e  572  594  66
e  573  598  210
e  573  585  524
e  574  639  616
e  574  596  153
e  575  589  469
e  575  599  252
e  576  597  405
e  576  623  795
e  576  605  457
e  577  582  519
e  578  617  688
e  578  647  740
e  578  610  806
e  578  592  236
e  579  598  539
e  580  679  30
e  580  749  540
e  580  683  539
e  581  593  475
e  582  594  615
e  582  588  220
e  583  667  573
e  583  606  404
e  584  591  574
e  584  601  353
e  585  618  210
e  585  590  71
e  586  660  540
e  586  679  600
e  587  597  404
e  588  645  615
e  588  686  350
e  589  605  678
e  589  604  252
e  590  625  210
e  590  649  141
e  591  621  596
e  591  608  353
e  592  595  546
e  593  664  322
e  593  682  492
e  593  615  314
e  594  622  334
e  594  645  220
e  595  600  806
e  596  642  616
e  596  603  608
e  597  607  795
e  598  619  303
e  598  633  813
e  598  618  524
e  599  604  469
e  599  639  840
e  600  611  236
e  600  609  740
e  601  608  574
e  601  644  596
e  601  667  621
e  602  686  519
e  602  635  353
e  602  621  629
e  603  666  616
e  603  768  730
e  604  640  678
e  604  674  795
e  604  673  153
e  604  651  840
e  605  634  795
e  605  640  252
e  606  607  68
e  606  676  596
e  607  694  596
e  607  643  457
e  607  623  405
e  608  627  596
e  609  624  236
e  609  622  66
e  610  611  546
e  610  630  740
e  611  624  740
e  612  629  539
e  613  614  404
e  613  628  492
e  614  626  492
e  615  616  110
e  615  670  492
e  616  661  492
e  617  649  82
e  617  655  740
e  618  650  813
e  618  625  71
e  619  629  813
e  620  626  540
e  621  627  353
e  622  646  236
e  622  691  688
e  622  776  353
e  622  723  220
e  623  634  457
e  624  630  546
e  624  646  66
e  625  658  813
e  625  715  141
e  626  628  404
e  626  631  740
e  627  635  629
e  627  743  519
e  627  700  404
e  627  644  574
e  628  638  882
e  628  653  236
e  628  637  740
e  629  632  984
e  629  633  303
e  630  647  806
e  630  657  688
e  630  652  66
e  631  637  404
e  631  641  236
e  632  659  919
e  632  636  303
e  633  636  984
e  633  650  524
e  634  643  405
e  634  654  252
e  635  711  519
e  636  684  919
e  636  662  524
e  637  648  236
e  638  661  475
e  638  669  236
e  639  651  469
e  639  642  153
e  640  654  795
e  641  648  404
e  641  660  4
e  642  656  469
e  642  666  608
e  643  708  596
e  643  690  252
e  644  697  404
e  644  671  621
e  645  723  334
e  645  744  353
e  645  733  350
e  646  652  546
e  646  677  688
e  647  655  688
e  648  653  740
e  648  663  4
e  649  715  210
e  649  727  813
e  649  714  66
e  649  689  740
e  650  662  984
e  650  658  71
e  651  656  153
e  652  665  688
e  653  669  882
e  653  680  4
e  654  690  405
e  654  726  596
e  654  713  153
e  654  674  678
e  655  689  82
e  655  678  66
e  655  657  806
e  656  673  840
e  656  699  795
e  656  672  608
e  657  665  66
e  658  668  984
e  658  720  141
e  659  683  572
e  659  684  303
e  660  663  404
e  660  718  600
e  661  670  110
e  661  681  236
e  662  698  919
e  662  668  71
e  663  680  740
e  663  704  475
e  663  725  600
e  664  688  492
e  665  678  806
e  665  701  82
e  665  677  546
e  666  672  469
e  666  787  730
e  667  671  596
e  668  706  919
e  668  730  141
e  669  681  475
e  669  685  4
e  670  682  314
e  670  693  236
e  671  675  404
e  672  712  795
e  672  788  730
e  673  696  795
e  674  696  153
e  675  676  573
e  675  697  621
e  675  703  574
e  675  709  68
e  676  694  68
e  677  724  82
e  677  691  236
e  678  695  82
e  679  718  540
e  680  685  882
e  680  692  475
e  681  693  110
e  681  687  4
e  682  688  322
e  682  702  236
e  683  755  540
e  683  748  524
e  683  728  303
e  684  728  572
e  684  698  524
e  685  687  475
e  686  733  615
e  686  711  353
e  687  705  110
e  687  692  882
e  688  710  736
e  688  707  236
e  689  695  66
e  690  719  596
e  691  745  82
e  691  791  353
e  692  751  322
e  692  704  740
e  693  702  314
e  693  705  4
e  694  709  573
e  694  708  457
e  695  714  740
e  695  746  813
e  695  701  806
e  696  713  678
e  696  699  840
e  697  700  574
e  698  731  572
e  698  706  71
e  699  721  678
e  699  712  608
e  700  775  519
e  700  703  621
e  701  766  813
e  701  724  546
e  702  707  322
e  703  742  68
e  704  752  322
e  704  738  600
e  705  717  322
e  706  734  572
e  706  777  141
e  707  729  736
e  707  716  4
e  708  722  573
e  708  719  252
e  709  742  574
e  709  722  457
e  710  729  236
e  711  735  615
e  711  743  629
e  712  732  678
e  712  770  596
e  712  792  730
e  713  740  596
e  713  721  840
e  714  736  813
e  715  720  813
e  716  717  314
e  716  737  736
e  716  785  600
e  717  780  600
e  717  750  882
e  718  725  404
e  718  761  539
e  718  749  30
e  719  741  573
e  719  773  153
e  719  726  405
e  720  730  984
e  720  747  66
e  720  727  210
e  721  754  596
e  721  732  608
e  722  762  574
e  722  741  252
e  723  757  353
e  724  789  813
e  724  745  236
e  725  738  475
e  725  765  539
e  726  740  153
e  727  736  66
e  728  731  524
e  729  737  4
e  730  777  919
e  730  764  66
e  731  748  303
e  731  734  71
e  732  760  596
e  733  735  353
e  734  758  303
e  735  744  350
e  735  763  334
e  736  747  210
e  736  746  740
e  738  767  322
e  738  771  539
e  739  756  869
e  740  773  405
e  740  754  840
e  741  782  574
e  741  786  153
e  742  762  457
e  743  775  404
e  744  757  334
e  746  753  210
e  746  766  806
e  747  764  984
e  747  753  740
e  748  758  71
e  749  755  539
e  750  751  110
e  750  778  600
e  750  759  740
e  751  752  740
e  752  759  110
e  752  767  600
e  753  769  984
e  753  783  806
e  754  760  608
e  755  761  30
e  755  774  404
e  756  768  705
e  757  776  220
e  757  763  350
e  759  772  600
e  760  770  678
e  761  765  404
e  762  782  252
e  764  795  919
e  764  769  740
e  765  771  475
e  765  774  30
e  766  783  210
e  766  789  546
e  767  772  110
e  767  779  539
e  768  787  616
e  769  790  806
e  771  779  322
e  771  781  30
e  772  778  740
e  772  784  539
e  773  786  573
e  774  781  475
e  776  791  688
e  777  795  66
e  778  780  882
e  778  793  539
e  779  784  110
e  780  785  314
e  780  794  539
e  783  790  984
e  784  793  740
e  785  796  539
e  787  788  469
e  788  792  795
e  793  794  882
e  794  796  314
