p   edge 2619  5025
e  0  2039  799
e  0  1383  4
e  0  1207  100
e  0  314  822
e  0  282  875
e  0  75  410
e  1  2  988
e  1  484  580
e  1  1293  580
e  1  1347  139
e  1  1836  963
e  1  2375  313
e  1  2581  410
e  2  3  356
e  2  374  580
e  3  4  140
e  3  263  580
e  4  5  799
e  4  111  432
e  4  145  364
e  4  157  580
e  5  6  432
e  6  7  364
e  6  111  799
e  7  8  580
e  7  122  799
e  8  9  797
e  8  130  799
e  9  10  203
e  9  96  983
e  9  164  799
e  10  11  670
e  10  82  983
e  11  12  801
e  11  80  983
e  12  13  983
e  13  14  324
e  13  80  801
e  14  15  60
e  14  93  47
e  14  112  801
e  15  16  47
e  16  17  760
e  16  198  801
e  16  93  60
e  17  18  832
e  17  216  532
e  17  242  801
e  18  19  682
e  18  95  478
e  18  199  532
e  19  20  187
e  19  94  478
e  20  21  591
e  20  90  478
e  21  22  478
e  22  23  532
e  22  90  591
e  23  24  761
e  23  123  591
e  24  25  690
e  24  116  515
e  24  124  580
e  25  26  4
e  25  101  515
e  26  27  969
e  26  88  515
e  27  28  515
e  28  29  580
e  28  88  969
e  29  30  963
e  29  76  679
e  29  100  969
e  30  31  679
e  31  32  110
e  31  76  963
e  32  33  388
e  32  78  963
e  33  34  882
e  33  97  963
e  34  35  185
e  34  110  963
e  35  36  68
e  35  143  963
e  36  37  957
e  36  156  963
e  37  38  541
e  37  165  963
e  38  39  608
e  38  148  743
e  38  186  963
e  39  40  816
e  39  86  743
e  40  41  743
e  41  42  689
e  41  86  816
e  42  43  960
e  42  106  816
e  43  44  761
e  43  217  816
e  44  45  970
e  44  149  642
e  44  275  36
e  45  46  474
e  45  98  642
e  46  47  79
e  46  84  642
e  47  48  642
e  48  49  629
e  48  99  36
e  48  84  79
e  49  50  785
e  49  89  36
e  50  51  36
e  51  52  344
e  51  89  785
e  52  53  637
e  52  136  785
e  53  54  118
e  53  118  108
e  53  137  193
e  53  159  785
e  54  55  108
e  55  56  683
e  55  81  193
e  55  118  118
e  56  57  100
e  56  77  193
e  57  58  193
e  58  59  317
e  58  77  100
e  59  60  576
e  59  85  373
e  59  79  100
e  60  61  373
e  61  62  526
e  61  104  100
e  61  85  576
e  62  63  214
e  62  83  619
e  62  107  100
e  63  64  619
e  64  65  518
e  64  83  214
e  65  66  25
e  65  108  214
e  66  67  790
e  66  127  139
e  66  139  214
e  67  68  822
e  67  91  139
e  68  69  139
e  69  70  652
e  69  91  822
e  70  71  875
e  70  102  652
e  70  114  822
e  71  72  652
e  72  73  978
e  72  109  963
e  72  102  875
e  73  74  963
e  74  75  313
e  74  140  875
e  74  109  978
e  75  161  875
e  76  78  110
e  76  119  969
e  77  79  317
e  77  81  683
e  78  97  388
e  78  135  882
e  78  133  4
e  79  92  373
e  79  87  683
e  80  112  324
e  80  82  670
e  81  87  317
e  81  126  118
e  82  115  324
e  82  146  47
e  82  96  203
e  83  108  518
e  83  138  100
e  84  120  36
e  84  98  474
e  85  92  100
e  86  106  689
e  86  239  963
e  86  148  608
e  87  103  373
e  87  142  118
e  88  100  580
e  88  101  4
e  89  136  344
e  89  154  79
e  89  99  629
e  90  123  532
e  90  94  187
e  91  114  652
e  91  174  652
e  91  173  214
e  91  127  790
e  92  104  576
e  92  113  526
e  92  103  683
e  93  128  801
e  94  129  532
e  94  95  682
e  95  132  532
e  96  167  47
e  96  232  799
e  97  110  882
e  98  151  36
e  98  149  970
e  99  120  79
e  100  119  679
e  100  105  4
e  101  105  580
e  101  116  690
e  102  121  963
e  102  141  822
e  103  144  526
e  103  150  118
e  104  107  526
e  105  125  679
e  105  117  690
e  106  217  960
e  106  279  963
e  107  138  619
e  107  113  576
e  108  139  25
e  108  160  100
e  109  121  875
e  110  143  185
e  110  202  68
e  110  226  4
e  110  135  388
e  111  122  364
e  112  128  47
e  112  115  670
e  113  162  619
e  113  144  683
e  114  141  652
e  115  131  47
e  116  117  580
e  117  147  679
e  117  194  591
e  117  124  515
e  118  126  193
e  119  125  4
e  120  154  629
e  120  204  193
e  120  151  474
e  121  140  978
e  121  155  822
e  122  130  580
e  122  145  432
e  123  169  580
e  123  129  187
e  124  168  591
e  125  134  110
e  125  147  690
e  126  142  317
e  126  171  373
e  126  137  108
e  127  152  214
e  128  198  60
e  128  131  670
e  129  179  580
e  129  132  682
e  130  164  797
e  130  153  432
e  131  223  60
e  131  290  532
e  131  146  324
e  132  182  580
e  132  243  832
e  132  199  478
e  133  134  969
e  133  185  882
e  134  225  882
e  134  158  690
e  135  185  4
e  136  159  637
e  136  170  193
e  136  163  79
e  137  183  373
e  137  166  785
e  138  160  518
e  138  208  683
e  138  162  576
e  139  152  139
e  139  177  100
e  140  161  313
e  140  175  822
e  141  155  963
e  141  174  652
e  142  150  373
e  143  156  68
e  144  172  619
e  144  193  118
e  145  153  580
e  146  375  532
e  146  167  203
e  147  158  110
e  147  197  591
e  148  215  963
e  149  203  36
e  150  193  526
e  150  207  79
e  150  192  785
e  150  171  317
e  151  227  193
e  151  203  970
e  152  173  790
e  152  178  100
e  153  236  797
e  153  157  364
e  154  163  344
e  154  189  193
e  155  175  978
e  155  209  313
e  155  235  214
e  155  220  652
e  156  165  957
e  156  202  185
e  157  354  797
e  157  263  140
e  158  257  882
e  158  222  591
e  159  166  193
e  160  177  25
e  160  184  139
e  160  213  683
e  161  282  410
e  161  181  822
e  162  172  683
e  163  176  193
e  164  232  983
e  164  236  432
e  165  186  541
e  165  258  4
e  165  246  185
e  166  187  373
e  166  180  79
e  166  170  637
e  167  381  532
e  167  278  799
e  168  169  761
e  168  194  515
e  168  201  679
e  168  188  187
e  169  179  187
e  170  176  79
e  171  190  785
e  171  183  108
e  172  208  576
e  172  219  518
e  172  249  139
e  172  234  118
e  173  211  652
e  174  220  963
e  174  211  214
e  175  181  313
e  176  180  637
e  176  205  373
e  176  189  344
e  177  178  139
e  178  252  652
e  178  250  683
e  178  184  25
e  179  188  761
e  179  182  682
e  180  191  373
e  181  288  410
e  181  287  214
e  181  209  978
e  182  200  761
e  182  224  679
e  182  300  801
e  182  284  832
e  183  187  785
e  184  231  683
e  185  226  388
e  185  225  969
e  186  215  743
e  186  268  4
e  187  190  108
e  187  191  79
e  188  210  679
e  188  200  682
e  189  228  373
e  189  204  629
e  190  192  317
e  190  195  79
e  191  195  108
e  191  206  317
e  191  205  637
e  192  196  79
e  193  234  619
e  193  262  79
e  194  197  679
e  195  196  317
e  196  207  785
e  196  294  526
e  196  327  139
e  196  310  474
e  196  229  637
e  196  206  108
e  197  222  110
e  197  212  187
e  197  201  515
e  198  242  760
e  198  223  670
e  199  216  832
e  200  214  679
e  201  210  187
e  202  246  957
e  202  245  4
e  203  296  193
e  203  334  816
e  203  275  642
e  204  233  373
e  204  227  474
e  205  218  317
e  205  228  344
e  206  218  637
e  207  262  526
e  208  213  518
e  209  267  214
e  210  212  515
e  210  214  682
e  211  230  963
e  211  251  100
e  212  238  110
e  212  221  682
e  213  231  139
e  213  219  576
e  214  221  515
e  214  224  761
e  215  239  608
e  215  274  4
e  216  243  478
e  216  261  801
e  217  308  36
e  217  328  963
e  218  229  108
e  218  247  629
e  219  237  139
e  220  230  214
e  221  240  110
e  221  244  761
e  222  319  882
e  222  238  187
e  223  264  760
e  223  272  532
e  224  244  515
e  224  301  110
e  224  315  801
e  225  304  957
e  225  257  690
e  226  245  68
e  227  241  373
e  227  296  970
e  228  233  629
e  229  277  474
e  229  266  629
e  230  235  652
e  230  259  100
e  231  250  25
e  231  237  576
e  232  278  47
e  232  355  432
e  233  248  317
e  233  241  474
e  234  253  139
e  234  283  79
e  235  267  313
e  235  281  100
e  236  355  983
e  236  417  140
e  236  354  364
e  237  260  25
e  237  256  118
e  237  249  518
e  238  345  882
e  238  240  682
e  239  279  689
e  239  306  4
e  240  357  882
e  240  497  743
e  240  427  801
e  240  273  761
e  241  255  317
e  241  309  970
e  242  261  532
e  242  264  670
e  243  284  580
e  244  273  110
e  245  254  957
e  246  254  4
e  247  248  344
e  247  266  108
e  247  265  474
e  248  255  474
e  249  253  118
e  250  313  652
e  250  312  118
e  250  260  576
e  251  252  790
e  251  259  963
e  252  270  963
e  252  313  683
e  253  256  518
e  253  286  79
e  254  258  185
e  254  285  541
e  254  305  743
e  254  302  969
e  255  265  344
e  255  276  108
e  255  361  970
e  256  280  25
e  256  297  79
e  257  338  957
e  257  341  743
e  257  319  591
e  258  268  541
e  259  281  652
e  259  337  313
e  259  270  790
e  260  280  118
e  261  292  580
e  261  271  670
e  262  283  619
e  262  289  139
e  262  294  785
e  263  384  797
e  263  374  356
e  264  271  532
e  265  269  108
e  266  269  474
e  267  287  978
e  267  295  100
e  268  274  743
e  268  285  185
e  269  277  629
e  269  362  139
e  269  276  344
e  270  363  313
e  270  317  683
e  271  298  580
e  271  272  760
e  272  320  580
e  272  290  60
e  273  366  801
e  273  301  515
e  274  306  608
e  274  360  969
e  274  293  185
e  275  307  816
e  276  377  139
e  277  310  637
e  277  351  139
e  278  420  580
e  278  418  432
e  279  328  960
e  279  347  4
e  280  312  576
e  280  335  652
e  280  316  79
e  281  295  313
e  282  288  822
e  283  286  139
e  284  291  801
e  285  293  743
e  286  297  518
e  286  324  785
e  286  289  619
e  287  399  410
e  287  329  100
e  288  314  875
e  288  399  214
e  289  311  785
e  290  330  580
e  290  375  324
e  291  292  478
e  291  300  832
e  291  321  679
e  291  299  670
e  292  298  670
e  293  322  969
e  293  305  541
e  294  311  139
e  295  329  978
e  295  444  118
e  295  409  683
e  295  337  652
e  296  309  373
e  296  367  816
e  297  316  25
e  297  349  785
e  298  299  478
e  298  340  679
e  298  320  760
e  299  325  679
e  300  315  679
e  301  352  801
e  302  303  388
e  302  318  743
e  303  304  68
e  303  323  743
e  304  332  743
e  304  338  690
e  305  318  969
e  306  347  689
e  306  385  969
e  307  308  761
e  307  334  642
e  307  391  963
e  308  368  963
e  309  361  317
e  309  369  816
e  310  343  139
e  311  324  619
e  311  348  474
e  311  327  526
e  312  326  652
e  313  317  963
e  313  326  118
e  314  702  100
e  315  352  110
e  315  331  670
e  315  321  832
e  316  350  652
e  316  372  785
e  317  373  313
e  317  336  118
e  318  322  541
e  318  323  388
e  319  370  743
e  319  345  187
e  320  356  679
e  320  330  60
e  321  325  670
e  322  360  185
e  322  359  690
e  322  333  388
e  323  333  541
e  323  342  690
e  323  332  68
e  324  349  518
e  324  371  474
e  325  331  832
e  325  382  110
e  325  340  478
e  326  336  963
e  326  335  576
e  327  343  474
e  328  368  36
e  328  386  4
e  329  445  410
e  329  490  79
e  329  460  118
e  330  365  679
e  330  389  324
e  331  364  110
e  332  339  690
e  333  346  690
e  334  367  193
e  335  344  963
e  335  350  79
e  336  379  313
e  336  378  79
e  336  344  576
e  337  398  683
e  337  363  790
e  338  339  743
e  339  342  68
e  339  358  541
e  339  380  591
e  339  341  957
e  340  356  760
e  341  370  591
e  342  346  541
e  343  348  526
e  343  351  637
e  344  353  79
e  345  388  743
e  345  357  682
e  346  359  388
e  346  390  591
e  346  358  68
e  347  386  960
e  347  451  969
e  348  371  619
e  348  387  637
e  349  372  25
e  349  392  474
e  350  353  963
e  350  404  785
e  351  387  526
e  351  362  629
e  352  366  515
e  352  364  670
e  353  378  576
e  353  414  313
e  353  406  785
e  354  384  140
e  355  418  47
e  355  616  140
e  356  365  60
e  357  405  743
e  358  383  591
e  359  394  185
e  359  432  608
e  359  431  591
e  360  385  608
e  360  394  690
e  361  437  139
e  361  458  963
e  361  435  816
e  362  397  526
e  362  377  344
e  363  373  683
e  364  376  515
e  364  382  832
e  365  425  110
e  365  421  203
e  366  427  761
e  366  376  670
e  367  369  373
e  367  395  963
e  368  391  761
e  368  402  193
e  368  433  373
e  368  416  4
e  369  435  317
e  369  400  963
e  370  380  957
e  370  388  187
e  371  392  518
e  371  438  629
e  372  404  652
e  372  413  474
e  373  398  790
e  373  379  118
e  374  596  797
e  374  484  988
e  375  389  580
e  375  381  203
e  376  454  761
e  376  584  743
e  376  426  832
e  377  472  526
e  377  508  963
e  377  436  970
e  378  401  313
e  379  408  790
e  379  401  79
e  380  383  541
e  380  412  187
e  381  393  580
e  382  426  515
e  382  423  60
e  383  390  68
e  383  415  187
e  384  417  364
e  384  774  47
e  384  596  356
e  385  451  689
e  385  410  690
e  386  416  36
e  386  492  969
e  387  397  629
e  388  412  957
e  388  405  682
e  389  393  203
e  390  431  388
e  390  462  608
e  390  430  187
e  391  396  193
e  392  413  25
e  392  465  963
e  392  455  629
e  393  422  679
e  393  419  799
e  394  410  608
e  395  396  642
e  395  400  373
e  396  403  373
e  396  402  761
e  397  439  619
e  397  472  344
e  398  409  652
e  398  408  118
e  399  445  100
e  400  448  317
e  400  457  4
e  400  434  761
e  400  403  642
e  401  443  652
e  401  414  576
e  402  407  373
e  403  407  761
e  404  406  963
e  405  429  541
e  405  501  801
e  405  497  882
e  406  467  313
e  406  440  474
e  407  434  642
e  407  447  4
e  407  433  193
e  408  411  652
e  409  411  118
e  410  463  689
e  410  452  591
e  410  432  185
e  411  444  683
e  411  442  79
e  412  415  541
e  413  441  963
e  414  489  652
e  414  467  785
e  415  430  68
e  415  428  682
e  416  446  373
e  416  505  969
e  417  616  983
e  417  672  47
e  418  606  580
e  418  632  140
e  419  420  532
e  419  453  679
e  420  517  679
e  420  606  432
e  421  422  324
e  421  491  110
e  422  453  799
e  423  424  760
e  423  478  515
e  424  425  478
e  424  485  515
e  425  519  515
e  425  518  799
e  425  491  203
e  426  630  743
e  426  478  60
e  427  500  743
e  427  454  670
e  428  429  957
e  428  450  68
e  428  565  801
e  429  550  801
e  430  471  608
e  430  450  682
e  431  449  608
e  432  449  591
e  433  446  4
e  434  456  4
e  435  448  963
e  436  437  108
e  436  480  963
e  437  461  963
e  438  439  637
e  438  455  518
e  439  459  518
e  439  488  963
e  439  498  344
e  440  441  652
e  440  483  313
e  440  474  629
e  441  465  25
e  442  443  790
e  442  466  683
e  442  469  978
e  442  531  576
e  443  489  576
e  444  460  978
e  444  466  79
e  445  703  875
e  445  547  79
e  446  447  193
e  446  507  969
e  447  456  642
e  447  537  139
e  447  514  969
e  448  458  816
e  448  464  139
e  448  477  4
e  449  452  185
e  449  479  187
e  449  462  388
e  450  486  608
e  450  607  801
e  451  492  960
e  451  463  690
e  452  482  689
e  452  493  187
e  453  496  110
e  453  673  432
e  453  517  532
e  454  513  743
e  455  470  963
e  455  459  637
e  456  457  761
e  456  526  139
e  457  477  317
e  458  461  139
e  459  473  963
e  460  468  79
e  461  480  108
e  461  464  816
e  462  471  187
e  463  502  960
e  463  482  591
e  464  494  108
e  464  487  4
e  465  470  629
e  466  468  978
e  467  554  652
e  467  483  474
e  468  490  118
e  468  566  410
e  468  469  683
e  469  605  410
e  469  700  474
e  469  562  576
e  470  475  652
e  470  473  637
e  471  479  388
e  471  486  682
e  472  498  619
e  472  506  963
e  473  476  652
e  473  488  518
e  474  475  25
e  474  544  313
e  474  481  637
e  475  476  637
e  476  481  25
e  476  530  344
e  476  499  518
e  477  487  139
e  478  637  743
e  478  634  799
e  478  485  760
e  479  493  185
e  479  504  682
e  480  508  970
e  480  535  963
e  480  538  4
e  480  494  816
e  481  559  313
e  481  546  963
e  481  543  344
e  482  511  960
e  482  540  373
e  482  510  187
e  483  581  652
e  483  627  963
e  483  544  629
e  484  794  797
e  484  1131  580
e  485  571  799
e  485  519  478
e  486  504  388
e  486  573  689
e  486  612  373
e  486  623  801
e  487  515  108
e  487  620  963
e  487  619  591
e  487  525  761
e  488  499  652
e  488  503  344
e  489  531  790
e  489  554  785
e  490  547  410
e  491  495  799
e  492  505  36
e  492  502  690
e  493  510  689
e  493  521  682
e  494  515  4
e  495  496  324
e  495  518  203
e  495  570  515
e  496  597  515
e  496  893  743
e  496  756  432
e  497  500  801
e  498  503  963
e  499  509  344
e  500  501  882
e  500  513  670
e  501  550  541
e  501  520  670
e  502  512  36
e  502  511  591
e  503  509  652
e  503  506  619
e  504  521  185
e  504  551  689
e  505  507  373
e  505  512  690
e  506  529  652
e  506  527  963
e  507  514  193
e  507  516  690
e  508  528  963
e  509  530  518
e  509  534  963
e  509  529  619
e  510  548  373
e  510  536  682
e  511  523  373
e  512  516  373
e  513  520  882
e  513  584  761
e  514  569  139
e  514  524  690
e  515  538  816
e  515  556  963
e  516  524  193
e  516  522  591
e  517  633  432
e  518  557  515
e  519  557  799
e  520  572  541
e  520  733  799
e  520  678  761
e  521  536  689
e  522  523  36
e  522  533  193
e  522  555  187
e  523  552  187
e  523  540  960
e  524  533  591
e  525  526  317
e  525  598  591
e  525  553  642
e  526  537  642
e  527  528  526
e  527  532  652
e  528  535  970
e  529  532  963
e  530  543  25
e  530  539  963
e  531  562  978
e  532  534  619
e  532  541  970
e  533  578  139
e  533  560  187
e  534  539  518
e  534  561  970
e  535  542  652
e  535  549  4
e  536  564  373
e  536  551  185
e  537  553  317
e  537  569  969
e  538  549  963
e  539  545  25
e  539  579  4
e  540  548  187
e  541  542  526
e  541  561  619
e  541  563  4
e  542  558  4
e  543  545  963
e  544  602  963
e  544  559  637
e  545  546  344
e  545  583  4
e  546  582  313
e  546  594  4
e  547  933  875
e  547  1117  4
e  547  566  118
e  548  552  960
e  548  564  682
e  549  558  652
e  549  556  816
e  550  565  957
e  550  572  670
e  551  589  373
e  551  573  388
e  552  555  36
e  553  587  969
e  554  604  978
e  554  581  474
e  555  560  193
e  556  567  652
e  556  620  108
e  557  571  478
e  557  570  203
e  558  563  526
e  558  567  816
e  559  582  963
e  560  595  139
e  560  574  682
e  561  568  4
e  562  603  785
e  563  568  619
e  563  585  816
e  564  576  193
e  564  589  185
e  565  607  68
e  565  588  670
e  566  981  4
e  566  605  683
e  567  585  526
e  567  651  591
e  567  647  108
e  568  580  518
e  568  592  816
e  569  587  317
e  569  577  591
e  570  617  478
e  570  597  324
e  571  634  760
e  571  658  743
e  571  617  203
e  572  588  957
e  572  741  799
e  573  593  373
e  574  575  960
e  574  613  139
e  574  635  185
e  575  576  36
e  575  618  185
e  576  608  185
e  577  578  690
e  577  590  317
e  578  591  317
e  578  595  187
e  579  580  970
e  579  583  25
e  580  586  25
e  580  600  816
e  581  615  978
e  581  666  963
e  582  602  637
e  582  601  4
e  583  594  344
e  583  611  313
e  583  586  970
e  584  678  882
e  584  676  799
e  584  630  832
e  585  592  619
e  586  624  313
e  586  610  816
e  587  590  591
e  588  631  68
e  588  680  373
e  589  608  193
e  589  593  388
e  590  599  642
e  590  591  690
e  591  609  642
e  591  622  187
e  592  600  518
e  593  614  193
e  593  612  689
e  594  601  313
e  595  622  317
e  595  613  682
e  596  938  580
e  596  794  988
e  597  674  478
e  597  728  743
e  598  599  969
e  598  619  761
e  599  626  761
e  599  609  690
e  600  610  25
e  601  639  637
e  601  788  652
e  601  803  591
e  601  696  816
e  601  611  344
e  602  627  629
e  602  639  4
e  603  604  790
e  603  621  474
e  604  615  474
e  605  871  4
e  605  718  474
e  606  633  679
e  606  755  140
e  607  623  608
e  607  631  670
e  608  618  36
e  608  614  388
e  609  628  761
e  609  643  187
e  610  629  313
e  611  624  970
e  612  641  193
e  612  644  801
e  613  636  317
e  613  685  388
e  613  648  185
e  614  625  36
e  614  664  801
e  614  641  689
e  615  621  790
e  615  699  963
e  616  632  47
e  617  675  743
e  617  674  324
e  618  635  960
e  618  625  388
e  619  638  963
e  619  626  969
e  620  647  652
e  620  638  591
e  621  701  576
e  621  737  410
e  621  716  963
e  622  643  642
e  622  636  682
e  623  644  373
e  623  640  670
e  624  629  816
e  625  642  960
e  625  653  139
e  625  667  801
e  626  645  963
e  626  628  690
e  627  666  652
e  627  659  4
e  628  646  963
e  629  697  344
e  629  691  591
e  630  637  60
e  631  640  608
e  632  755  580
e  632  672  983
e  633  673  532
e  633  775  140
e  634  652  743
e  635  648  139
e  635  642  388
e  636  662  642
e  636  686  963
e  636  734  801
e  636  723  388
e  637  652  799
e  638  649  652
e  638  645  969
e  639  659  629
e  639  740  652
e  640  656  373
e  641  654  801
e  642  650  139
e  643  661  963
e  643  662  682
e  644  654  193
e  644  656  670
e  645  655  652
e  645  646  690
e  646  657  652
e  646  660  187
e  647  649  591
e  648  650  388
e  649  651  108
e  649  655  969
e  650  685  185
e  650  724  317
e  650  684  801
e  650  653  960
e  651  695  313
e  651  690  690
e  651  663  969
e  652  677  832
e  652  747  882
e  652  658  760
e  653  671  801
e  654  664  689
e  654  668  670
e  655  663  108
e  655  657  690
e  656  668  193
e  656  679  68
e  657  665  108
e  657  669  187
e  658  785  882
e  658  675  203
e  659  698  652
e  660  661  761
e  660  669  652
e  661  670  682
e  662  670  963
e  663  665  690
e  664  667  36
e  665  690  969
e  665  705  313
e  665  689  187
e  666  699  978
e  666  698  4
e  667  671  139
e  668  683  139
e  668  729  68
e  669  689  108
e  669  687  682
e  670  688  652
e  670  686  642
e  671  684  960
e  671  681  670
e  672  774  364
e  673  756  110
e  673  960  140
e  674  719  743
e  675  795  882
e  675  826  373
e  675  719  324
e  676  677  60
e  676  720  882
e  677  739  882
e  678  720  799
e  679  680  608
e  679  729  193
e  680  742  193
e  680  763  139
e  680  761  799
e  681  682  689
e  681  713  960
e  681  811  963
e  682  683  36
e  682  837  963
e  682  836  799
e  682  786  68
e  683  743  68
e  684  726  317
e  684  713  670
e  685  723  317
e  686  725  652
e  686  744  801
e  687  688  761
e  687  710  108
e  687  771  313
e  688  772  313
e  688  778  801
e  688  725  642
e  689  721  313
e  689  710  682
e  690  704  313
e  691  692  526
e  691  765  344
e  691  715  690
e  692  693  619
e  692  712  690
e  693  694  518
e  693  709  690
e  694  695  25
e  694  707  690
e  695  704  690
e  696  697  970
e  696  780  591
e  697  765  591
e  698  706  978
e  698  740  629
e  699  716  790
e  699  706  4
e  700  701  785
e  700  718  410
e  701  722  410
e  702  703  214
e  702  1207  822
e  702  1149  79
e  703  933  79
e  704  707  25
e  704  705  969
e  705  708  25
e  705  721  187
e  706  736  790
e  706  881  591
e  706  766  629
e  707  709  518
e  707  708  969
e  708  711  518
e  708  727  187
e  709  712  619
e  709  711  969
e  710  738  313
e  711  714  619
e  711  731  187
e  712  715  526
e  712  714  969
e  713  745  317
e  713  787  963
e  714  717  526
e  714  732  187
e  715  813  344
e  715  802  187
e  715  717  969
e  716  760  410
e  716  736  4
e  717  735  187
e  718  820  963
e  718  722  785
e  719  850  373
e  719  728  478
e  720  733  761
e  720  748  541
e  720  739  60
e  721  727  25
e  721  738  682
e  722  781  963
e  722  737  576
e  723  730  801
e  723  724  185
e  724  726  801
e  725  758  801
e  726  730  185
e  726  753  963
e  726  745  670
e  727  731  518
e  727  746  682
e  728  903  373
e  728  913  139
e  728  993  432
e  728  893  515
e  729  743  139
e  729  742  608
e  730  734  388
e  730  750  963
e  731  732  619
e  731  749  682
e  732  735  526
e  732  751  682
e  733  741  541
e  734  744  963
e  735  802  969
e  735  831  344
e  735  754  682
e  736  767  410
e  736  888  591
e  737  760  963
e  738  746  25
e  738  809  801
e  738  779  761
e  738  771  108
e  739  759  541
e  739  747  832
e  740  766  978
e  740  788  637
e  741  762  373
e  741  776  60
e  741  748  761
e  742  752  139
e  743  786  36
e  743  799  799
e  743  752  608
e  744  758  652
e  744  750  388
e  745  757  963
e  746  749  518
e  746  821  801
e  747  768  541
e  747  785  760
e  748  759  60
e  749  751  619
e  749  830  801
e  750  764  670
e  750  753  185
e  751  754  526
e  751  839  801
e  752  782  799
e  752  763  193
e  753  757  670
e  754  866  344
e  754  951  652
e  754  843  801
e  755  775  679
e  755  853  364
e  756  956  743
e  756  1092  139
e  756  972  140
e  757  764  185
e  757  773  652
e  757  877  799
e  757  862  960
e  757  787  317
e  758  778  642
e  758  769  670
e  759  776  761
e  759  784  373
e  759  768  832
e  760  781  576
e  760  767  4
e  761  762  957
e  761  777  139
e  762  792  139
e  762  783  60
e  763  777  799
e  764  770  652
e  765  780  970
e  765  813  690
e  766  825  591
e  766  819  637
e  767  789  576
e  767  901  591
e  768  790  373
e  768  796  760
e  769  770  388
e  769  800  642
e  769  812  313
e  770  834  313
e  770  773  185
e  771  772  761
e  772  779  108
e  772  791  801
e  773  842  313
e  773  880  799
e  774  854  580
e  775  960  532
e  775  992  110
e  775  904  364
e  776  783  373
e  777  782  193
e  777  798  60
e  777  792  957
e  778  791  313
e  778  800  670
e  779  801  801
e  780  803  816
e  780  814  652
e  781  820  785
e  781  789  4
e  782  799  608
e  782  859  36
e  782  808  60
e  783  793  139
e  783  784  761
e  784  797  139
e  784  790  832
e  785  796  541
e  785  795  203
e  786  816  799
e  787  811  960
e  788  819  978
e  788  806  591
e  789  832  785
e  789  1022  591
e  790  805  139
e  790  807  760
e  791  801  108
e  791  804  670
e  792  793  60
e  793  798  957
e  793  818  193
e  793  797  761
e  794  1050  580
e  795  810  541
e  795  817  373
e  796  807  373
e  796  810  203
e  797  823  193
e  797  805  832
e  798  808  193
e  799  816  36
e  800  804  313
e  801  809  761
e  801  841  25
e  801  835  670
e  802  824  344
e  803  806  652
e  804  835  108
e  804  863  388
e  804  812  642
e  805  828  193
e  805  827  760
e  806  822  978
e  806  814  816
e  807  827  139
e  807  815  203
e  808  879  36
e  808  858  832
e  808  829  761
e  808  818  957
e  809  821  25
e  810  815  373
e  811  862  317
e  811  861  799
e  811  837  689
e  812  834  388
e  813  824  187
e  814  838  978
e  814  867  187
e  815  833  139
e  815  817  541
e  816  836  68
e  816  860  963
e  816  884  60
e  816  859  608
e  817  845  139
e  817  826  882
e  818  823  761
e  819  822  591
e  820  832  4
e  821  830  518
e  821  848  670
e  821  841  761
e  822  825  637
e  822  838  816
e  823  829  957
e  823  828  832
e  824  869  652
e  824  831  969
e  825  881  629
e  825  900  790
e  825  942  410
e  825  932  187
e  825  870  816
e  826  846  139
e  826  850  324
e  827  849  193
e  827  833  203
e  828  840  957
e  828  857  203
e  828  849  760
e  829  840  832
e  830  839  619
e  830  852  670
e  831  878  652
e  831  866  682
e  832  872  474
e  832  1095  591
e  833  851  193
e  833  889  324
e  833  856  882
e  833  845  541
e  834  863  642
e  834  842  185
e  835  844  25
e  835  907  388
e  836  847  963
e  837  847  799
e  838  870  637
e  838  874  187
e  839  843  526
e  839  865  670
e  840  858  761
e  840  915  36
e  840  883  203
e  841  844  670
e  842  898  642
e  842  950  25
e  842  924  799
e  843  987  652
e  843  1009  978
e  843  875  670
e  844  848  761
e  844  864  518
e  844  910  388
e  845  846  882
e  846  856  541
e  846  855  324
e  847  861  689
e  847  897  652
e  847  860  68
e  848  852  518
e  849  851  203
e  850  855  139
e  850  903  478
e  851  857  760
e  851  890  957
e  851  958  963
e  851  894  324
e  852  865  619
e  852  864  761
e  853  854  983
e  853  904  679
e  854  912  679
e  854  937  356
e  855  882  541
e  855  914  193
e  855  905  478
e  856  882  324
e  857  883  957
e  858  908  36
e  859  879  60
e  860  917  652
e  860  895  60
e  861  873  317
e  862  873  799
e  863  907  108
e  863  918  25
e  863  898  185
e  864  899  619
e  864  927  388
e  865  875  526
e  865  899  761
e  866  892  652
e  867  868  690
e  867  874  978
e  868  869  970
e  868  876  978
e  869  886  978
e  869  878  969
e  870  911  187
e  871  872  963
e  871  981  683
e  872  1015  683
e  872  1159  591
e  873  877  960
e  873  885  652
e  874  911  637
e  874  876  690
e  875  1017  978
e  875  1072  799
e  875  1008  388
e  875  940  761
e  876  920  637
e  876  891  969
e  876  886  970
e  877  880  652
e  878  887  978
e  878  892  682
e  879  884  608
e  879  909  963
e  879  908  832
e  880  924  313
e  880  979  60
e  880  885  960
e  881  888  790
e  882  889  882
e  882  906  193
e  883  923  36
e  883  928  963
e  883  890  760
e  884  895  963
e  885  974  60
e  885  896  689
e  886  887  969
e  887  891  970
e  887  902  682
e  888  901  410
e  888  900  629
e  889  894  193
e  890  934  963
e  891  941  637
e  891  919  682
e  892  902  978
e  892  951  344
e  893  956  432
e  894  961  963
e  894  906  882
e  895  935  652
e  895  929  832
e  895  909  608
e  896  897  317
e  896  963  60
e  896  930  68
e  897  917  68
e  898  926  25
e  899  940  526
e  899  946  388
e  900  921  410
e  901  1022  576
e  901  980  187
e  901  921  629
e  902  919  970
e  902  1028  410
e  902  1010  801
e  902  964  344
e  903  905  139
e  904  1126  110
e  904  1067  356
e  904  912  983
e  905  957  193
e  905  1042  432
e  905  913  373
e  906  995  963
e  906  994  478
e  906  914  541
e  907  910  25
e  908  916  963
e  908  915  761
e  909  916  832
e  910  927  518
e  910  931  185
e  910  918  108
e  911  932  816
e  911  920  690
e  912  971  356
e  913  1026  432
e  914  957  478
e  915  922  963
e  915  923  203
e  916  929  608
e  916  939  203
e  916  922  761
e  917  930  317
e  917  935  60
e  918  926  185
e  919  952  637
e  919  1011  410
e  920  953  816
e  920  959  410
e  920  941  969
e  921  948  187
e  921  942  790
e  922  925  203
e  923  925  963
e  924  989  25
e  924  988  60
e  925  939  761
e  925  949  608
e  925  936  760
e  925  928  36
e  926  931  108
e  926  950  642
e  927  946  619
e  927  945  185
e  928  934  760
e  929  954  652
e  929  944  203
e  930  943  60
e  931  945  518
e  932  947  410
e  932  953  690
e  933  1149  214
e  933  1141  4
e  934  936  36
e  934  966  324
e  934  958  957
e  935  943  317
e  935  954  832
e  936  967  608
e  936  978  652
e  936  982  324
e  937  938  47
e  937  971  679
e  938  991  679
e  938  1050  988
e  939  944  608
e  940  976  388
e  941  970  410
e  941  952  682
e  942  947  187
e  943  963  68
e  943  1003  313
e  943  1000  203
e  943  983  832
e  944  962  652
e  944  949  761
e  945  975  619
e  945  1004  799
e  946  976  526
e  946  975  185
e  947  948  790
e  947  955  690
e  948  980  629
e  948  965  690
e  949  968  652
e  949  967  760
e  950  989  799
e  951  964  978
e  951  987  801
e  952  977  410
e  953  955  410
e  954  983  317
e  954  962  203
e  955  965  790
e  955  959  816
e  956  993  515
e  956  1039  139
e  957  994  541
e  957  1023  963
e  957  1075  432
e  958  961  324
e  959  969  790
e  959  970  969
e  960  972  110
e  961  966  957
e  961  996  36
e  961  1040  652
e  961  995  882
e  962  985  317
e  962  968  761
e  963  974  689
e  964  990  801
e  965  1014  629
e  965  1012  682
e  965  969  816
e  966  982  36
e  967  973  652
e  968  973  760
e  969  984  969
e  970  984  790
e  970  977  682
e  971  1067  983
e  971  1201  139
e  971  1143  988
e  971  991  47
e  972  1100  139
e  972  992  532
e  973  999  317
e  973  1031  324
e  973  978  608
e  974  979  960
e  975  1007  526
e  975  1019  799
e  976  1008  761
e  976  1048  799
e  976  1007  185
e  977  986  790
e  977  1011  637
e  978  997  324
e  979  988  313
e  980  1080  576
e  980  1014  690
e  981  1117  118
e  981  1015  963
e  982  997  652
e  982  996  957
e  983  985  203
e  984  986  682
e  985  1000  832
e  985  1018  313
e  985  998  760
e  986  1013  816
e  986  1074  629
e  986  1064  801
e  986  1056  637
e  987  990  978
e  988  1065  25
e  988  1036  203
e  988  1001  68
e  989  1006  518
e  989  1065  60
e  990  1010  344
e  990  1020  670
e  990  1009  652
e  991  1066  988
e  992  1164  139
e  992  1126  364
e  993  1026  139
e  994  1021  963
e  995  1021  478
e  996  1024  652
e  997  1031  608
e  997  1043  317
e  997  1069  313
e  997  1024  957
e  998  999  761
e  998  1030  313
e  999  1034  313
e  999  1038  324
e  1000  1016  313
e  1001  1002  689
e  1001  1027  203
e  1002  1003  960
e  1002  1025  203
e  1003  1016  203
e  1004  1005  642
e  1004  1019  619
e  1005  1006  108
e  1005  1054  619
e  1005  1088  60
e  1006  1078  60
e  1007  1033  799
e  1008  1049  799
e  1009  1017  670
e  1010  1045  410
e  1010  1041  670
e  1011  1056  790
e  1011  1058  801
e  1011  1028  970
e  1012  1013  969
e  1012  1029  629
e  1013  1037  629
e  1014  1029  682
e  1015  1172  118
e  1015  1188  875
e  1015  1171  591
e  1016  1025  960
e  1016  1018  832
e  1017  1020  652
e  1017  1096  799
e  1018  1032  960
e  1018  1030  760
e  1019  1033  526
e  1019  1054  642
e  1020  1041  344
e  1020  1094  410
e  1020  1101  799
e  1021  1052  652
e  1021  1023  541
e  1022  1095  785
e  1022  1080  187
e  1023  1076  652
e  1023  1083  432
e  1024  1079  313
e  1024  1063  478
e  1024  1040  36
e  1025  1027  689
e  1025  1032  832
e  1026  1042  373
e  1026  1039  515
e  1027  1036  68
e  1027  1035  832
e  1028  1045  801
e  1029  1116  576
e  1029  1037  969
e  1030  1047  960
e  1030  1034  761
e  1031  1038  317
e  1032  1035  689
e  1032  1047  760
e  1033  1048  185
e  1033  1055  761
e  1033  1111  60
e  1034  1059  960
e  1034  1046  324
e  1035  1044  68
e  1035  1053  760
e  1036  1081  25
e  1036  1044  832
e  1037  1139  576
e  1037  1125  801
e  1037  1074  816
e  1038  1046  313
e  1038  1043  608
e  1039  1062  373
e  1039  1102  140
e  1039  1092  743
e  1040  1051  478
e  1041  1060  410
e  1042  1075  193
e  1042  1103  963
e  1042  1062  515
e  1043  1057  313
e  1044  1090  25
e  1044  1071  760
e  1045  1058  970
e  1045  1073  790
e  1045  1060  670
e  1046  1077  960
e  1046  1153  478
e  1046  1057  608
e  1047  1053  689
e  1047  1059  761
e  1048  1049  761
e  1049  1072  388
e  1049  1122  978
e  1049  1055  185
e  1050  1066  679
e  1050  1131  797
e  1051  1052  882
e  1051  1063  36
e  1052  1068  36
e  1052  1127  313
e  1052  1076  541
e  1053  1071  68
e  1053  1070  761
e  1054  1091  60
e  1055  1147  978
e  1055  1182  60
e  1056  1061  801
e  1057  1105  478
e  1057  1087  957
e  1057  1069  317
e  1058  1061  790
e  1059  1070  689
e  1059  1077  324
e  1060  1082  790
e  1060  1156  799
e  1060  1094  344
e  1061  1064  637
e  1061  1085  670
e  1061  1073  970
e  1062  1119  963
e  1062  1132  140
e  1063  1086  313
e  1063  1068  882
e  1064  1114  629
e  1064  1089  670
e  1065  1078  518
e  1065  1081  203
e  1066  1143  47
e  1066  1243  139
e  1066  1152  797
e  1067  1157  110
e  1068  1098  313
e  1069  1079  957
e  1070  1084  324
e  1071  1099  25
e  1071  1106  324
e  1072  1096  978
e  1073  1082  670
e  1074  1114  801
e  1075  1083  963
e  1076  1133  313
e  1076  1104  432
e  1077  1084  689
e  1077  1167  25
e  1077  1190  478
e  1078  1088  108
e  1078  1093  203
e  1079  1087  317
e  1079  1086  478
e  1080  1183  785
e  1080  1115  682
e  1081  1093  518
e  1081  1090  832
e  1082  1085  970
e  1082  1113  637
e  1082  1174  799
e  1083  1104  652
e  1083  1123  515
e  1083  1103  193
e  1084  1107  68
e  1084  1124  25
e  1085  1089  637
e  1086  1097  317
e  1086  1098  882
e  1087  1097  478
e  1088  1091  619
e  1089  1148  629
e  1089  1221  799
e  1089  1113  970
e  1090  1108  518
e  1090  1099  760
e  1091  1112  526
e  1091  1109  203
e  1092  1100  140
e  1093  1110  619
e  1093  1108  832
e  1094  1137  799
e  1095  1159  474
e  1095  1206  683
e  1095  1183  187
e  1096  1101  652
e  1096  1122  388
e  1097  1105  957
e  1097  1203  432
e  1097  1128  882
e  1098  1128  317
e  1098  1151  432
e  1098  1144  541
e  1098  1127  36
e  1099  1120  518
e  1099  1118  324
e  1100  1102  743
e  1100  1187  373
e  1100  1186  364
e  1100  1164  532
e  1101  1137  410
e  1101  1136  388
e  1102  1132  373
e  1103  1119  515
e  1104  1142  313
e  1104  1165  515
e  1105  1153  608
e  1105  1217  432
e  1106  1107  761
e  1106  1118  25
e  1107  1121  25
e  1108  1130  619
e  1108  1120  760
e  1109  1110  108
e  1109  1129  526
e  1109  1134  832
e  1110  1130  832
e  1111  1112  642
e  1111  1182  761
e  1111  1192  978
e  1111  1135  203
e  1112  1129  203
e  1113  1210  799
e  1114  1125  816
e  1114  1148  670
e  1115  1116  690
e  1115  1219  785
e  1116  1247  785
e  1116  1260  801
e  1116  1139  969
e  1117  1141  875
e  1117  1172  963
e  1118  1138  518
e  1118  1121  761
e  1119  1123  193
e  1119  1160  140
e  1120  1140  619
e  1120  1138  324
e  1121  1145  518
e  1121  1124  68
e  1122  1136  652
e  1122  1147  185
e  1123  1165  652
e  1123  1175  140
e  1124  1158  518
e  1124  1167  689
e  1125  1178  576
e  1125  1170  670
e  1126  1173  139
e  1126  1157  356
e  1127  1133  541
e  1128  1166  432
e  1129  1135  642
e  1129  1154  832
e  1130  1134  108
e  1130  1140  760
e  1131  1152  679
e  1131  1293  580
e  1132  1160  963
e  1132  1187  743
e  1133  1144  36
e  1133  1142  432
e  1134  1154  526
e  1134  1146  760
e  1135  1193  978
e  1135  1169  832
e  1136  1177  410
e  1136  1161  185
e  1137  1156  344
e  1137  1246  790
e  1137  1177  388
e  1138  1155  619
e  1138  1145  761
e  1139  1178  801
e  1140  1146  108
e  1140  1155  324
e  1141  1280  214
e  1141  1179  963
e  1142  1150  36
e  1142  1236  140
e  1142  1209  515
e  1143  1223  139
e  1144  1150  432
e  1145  1168  619
e  1145  1158  68
e  1146  1163  526
e  1146  1162  324
e  1147  1161  652
e  1147  1185  60
e  1148  1170  816
e  1148  1275  576
e  1148  1264  799
e  1149  1289  822
e  1149  1280  4
e  1150  1151  541
e  1150  1202  317
e  1150  1267  140
e  1151  1166  317
e  1152  1290  139
e  1152  1296  580
e  1153  1190  960
e  1153  1204  25
e  1153  1233  432
e  1154  1169  642
e  1154  1163  760
e  1155  1162  108
e  1155  1168  761
e  1156  1174  790
e  1157  1184  139
e  1158  1191  619
e  1158  1226  478
e  1158  1212  689
e  1159  1171  683
e  1160  1175  193
e  1160  1257  652
e  1160  1232  364
e  1160  1216  743
e  1161  1198  410
e  1161  1199  60
e  1162  1176  526
e  1162  1180  761
e  1163  1181  642
e  1163  1176  324
e  1164  1173  364
e  1165  1209  313
e  1165  1189  140
e  1166  1203  882
e  1166  1265  25
e  1166  1325  140
e  1166  1202  541
e  1167  1212  518
e  1167  1197  478
e  1168  1180  108
e  1168  1191  68
e  1169  1222  978
e  1169  1181  760
e  1170  1205  576
e  1171  1276  875
e  1171  1254  187
e  1171  1206  474
e  1172  1179  875
e  1173  1186  532
e  1173  1184  356
e  1174  1210  637
e  1174  1375  203
e  1174  1294  388
e  1174  1246  344
e  1175  1189  652
e  1176  1195  642
e  1176  1194  761
e  1177  1274  790
e  1177  1287  60
e  1177  1198  185
e  1178  1260  969
e  1178  1305  785
e  1178  1205  670
e  1179  1382  214
e  1179  1323  591
e  1179  1188  118
e  1180  1194  526
e  1180  1213  68
e  1181  1227  978
e  1181  1195  324
e  1182  1185  978
e  1183  1240  683
e  1183  1219  682
e  1184  1211  532
e  1184  1230  373
e  1184  1256  963
e  1184  1200  983
e  1185  1199  652
e  1185  1196  203
e  1185  1192  761
e  1186  1215  373
e  1186  1211  356
e  1187  1216  963
e  1187  1215  364
e  1188  1276  591
e  1189  1214  313
e  1189  1271  364
e  1189  1257  193
e  1190  1197  25
e  1191  1213  108
e  1191  1249  478
e  1192  1193  203
e  1193  1196  761
e  1193  1228  652
e  1193  1222  832
e  1194  1239  642
e  1194  1304  978
e  1194  1238  68
e  1195  1235  978
e  1195  1239  761
e  1196  1208  652
e  1197  1220  518
e  1197  1248  432
e  1197  1204  960
e  1198  1218  60
e  1199  1218  410
e  1199  1208  203
e  1200  1201  110
e  1200  1261  963
e  1200  1250  988
e  1201  1223  988
e  1202  1282  140
e  1203  1217  957
e  1203  1251  25
e  1204  1234  432
e  1205  1330  785
e  1205  1328  799
e  1205  1275  816
e  1206  1240  187
e  1207  1289  79
e  1208  1229  410
e  1208  1253  832
e  1208  1228  761
e  1209  1214  140
e  1210  1221  970
e  1210  1398  203
e  1211  1224  373
e  1212  1220  478
e  1213  1238  526
e  1213  1279  478
e  1214  1236  515
e  1214  1303  36
e  1214  1356  317
e  1214  1355  356
e  1214  1300  364
e  1215  1225  963
e  1215  1224  356
e  1216  1225  364
e  1217  1233  608
e  1217  1237  25
e  1218  1287  185
e  1218  1229  203
e  1219  1288  683
e  1219  1247  690
e  1220  1226  689
e  1220  1255  432
e  1221  1264  629
e  1221  1448  203
e  1222  1242  652
e  1222  1227  760
e  1223  1250  110
e  1223  1295  963
e  1223  1243  47
e  1224  1231  963
e  1224  1230  532
e  1225  1232  743
e  1225  1231  356
e  1226  1249  619
e  1227  1245  652
e  1227  1235  324
e  1228  1242  832
e  1229  1299  185
e  1229  1320  790
e  1229  1259  832
e  1230  1241  963
e  1231  1244  743
e  1231  1241  532
e  1232  1269  652
e  1232  1244  356
e  1233  1234  25
e  1234  1248  960
e  1234  1272  518
e  1234  1237  608
e  1235  1252  652
e  1235  1268  761
e  1236  1267  36
e  1237  1297  518
e  1237  1251  957
e  1238  1326  978
e  1238  1291  478
e  1239  1268  978
e  1240  1254  474
e  1240  1288  682
e  1241  1284  743
e  1241  1263  983
e  1241  1256  373
e  1242  1253  761
e  1242  1245  760
e  1243  1315  963
e  1243  1290  797
e  1244  1277  652
e  1244  1284  532
e  1245  1258  761
e  1245  1266  410
e  1245  1252  324
e  1246  1274  388
e  1247  1321  683
e  1247  1292  801
e  1248  1255  518
e  1249  1279  108
e  1249  1285  432
e  1250  1278  963
e  1251  1308  518
e  1251  1265  882
e  1252  1270  410
e  1252  1298  761
e  1253  1259  410
e  1253  1258  760
e  1254  1336  875
e  1254  1314  682
e  1255  1286  619
e  1255  1272  960
e  1256  1261  983
e  1257  1269  364
e  1258  1262  410
e  1259  1262  760
e  1260  1292  785
e  1261  1263  373
e  1261  1278  988
e  1262  1273  324
e  1262  1266  761
e  1263  1317  652
e  1263  1283  988
e  1264  1312  576
e  1264  1476  203
e  1265  1319  518
e  1265  1341  140
e  1266  1270  324
e  1267  1282  317
e  1267  1303  515
e  1268  1298  652
e  1268  1304  642
e  1269  1271  193
e  1269  1277  356
e  1270  1273  761
e  1270  1310  761
e  1271  1300  313
e  1271  1281  356
e  1272  1297  608
e  1273  1373  790
e  1273  1370  761
e  1274  1294  344
e  1274  1307  60
e  1275  1312  799
e  1276  1323  118
e  1276  1336  187
e  1277  1281  193
e  1277  1301  532
e  1278  1283  373
e  1278  1295  110
e  1279  1291  526
e  1279  1306  432
e  1280  1332  822
e  1280  1382  963
e  1281  1302  313
e  1281  1322  532
e  1282  1325  541
e  1282  1357  25
e  1282  1318  515
e  1283  1324  652
e  1283  1313  110
e  1284  1301  652
e  1285  1286  689
e  1285  1306  108
e  1286  1364  526
e  1286  1410  140
e  1286  1359  882
e  1287  1307  790
e  1287  1299  203
e  1288  1314  474
e  1288  1321  690
e  1289  1332  4
e  1290  1342  963
e  1290  1340  580
e  1291  1338  978
e  1291  1309  432
e  1292  1335  683
e  1292  1305  969
e  1293  1296  679
e  1294  1327  60
e  1295  1313  373
e  1295  1315  47
e  1296  1340  139
e  1297  1308  957
e  1298  1310  410
e  1299  1311  790
e  1300  1302  356
e  1301  1322  193
e  1301  1316  983
e  1302  1355  364
e  1302  1391  317
e  1302  1353  988
e  1302  1337  532
e  1303  1318  317
e  1304  1326  68
e  1305  1330  670
e  1306  1309  526
e  1307  1327  344
e  1307  1311  203
e  1308  1319  882
e  1309  1344  978
e  1309  1363  689
e  1310  1370  761
e  1310  1365  432
e  1311  1331  344
e  1311  1320  185
e  1312  1328  816
e  1312  1488  203
e  1313  1333  47
e  1314  1381  875
e  1314  1379  801
e  1315  1333  373
e  1315  1342  797
e  1316  1317  743
e  1316  1334  193
e  1316  1329  988
e  1317  1324  988
e  1318  1400  25
e  1318  1392  356
e  1318  1356  36
e  1319  1362  619
e  1319  1358  140
e  1320  1374  344
e  1320  1371  324
e  1321  1335  801
e  1322  1337  313
e  1322  1334  983
e  1323  1437  214
e  1323  1408  187
e  1324  1329  743
e  1324  1352  313
e  1324  1349  47
e  1325  1341  25
e  1326  1338  478
e  1327  1331  203
e  1328  1421  785
e  1328  1607  875
e  1328  1615  203
e  1329  1339  193
e  1330  1378  683
e  1330  1421  799
e  1331  1376  388
e  1331  1435  637
e  1331  1434  324
e  1331  1374  185
e  1332  1384  100
e  1332  1405  963
e  1333  1350  652
e  1333  1348  797
e  1334  1343  313
e  1334  1339  988
e  1335  1380  474
e  1335  1377  670
e  1336  1408  118
e  1336  1381  682
e  1337  1343  983
e  1338  1344  432
e  1339  1345  313
e  1340  1385  963
e  1340  1346  580
e  1341  1358  518
e  1341  1357  541
e  1342  1348  373
e  1342  1385  580
e  1343  1345  988
e  1344  1369  410
e  1344  1439  140
e  1344  1411  689
e  1345  1354  532
e  1345  1491  317
e  1345  1415  47
e  1345  1351  743
e  1346  1347  679
e  1346  1423  963
e  1347  1427  963
e  1348  1386  652
e  1348  1418  580
e  1349  1350  110
e  1349  1387  313
e  1350  1393  313
e  1350  1386  797
e  1351  1352  193
e  1351  1397  47
e  1352  1387  47
e  1353  1354  983
e  1353  1444  317
e  1354  1460  317
e  1355  1390  317
e  1356  1390  356
e  1357  1419  518
e  1357  1400  515
e  1358  1388  619
e  1358  1484  356
e  1358  1419  541
e  1359  1360  957
e  1359  1406  140
e  1360  1361  608
e  1360  1401  140
e  1361  1362  960
e  1361  1396  140
e  1362  1388  140
e  1363  1364  108
e  1363  1411  978
e  1363  1417  140
e  1364  1413  140
e  1365  1366  478
e  1365  1432  761
e  1366  1367  68
e  1366  1474  761
e  1366  1522  790
e  1366  1551  140
e  1367  1368  642
e  1367  1495  140
e  1368  1369  652
e  1368  1454  140
e  1369  1443  140
e  1370  1433  790
e  1370  1432  432
e  1371  1372  760
e  1371  1399  344
e  1372  1373  832
e  1372  1403  344
e  1373  1407  344
e  1373  1433  761
e  1374  1399  324
e  1375  1376  60
e  1375  1398  637
e  1376  1402  637
e  1377  1378  969
e  1377  1404  474
e  1377  1426  875
e  1378  1428  875
e  1378  1449  799
e  1379  1380  690
e  1379  1389  875
e  1380  1395  875
e  1380  1404  670
e  1381  1453  118
e  1381  1389  801
e  1382  1405  822
e  1382  1437  591
e  1383  1384  79
e  1383  2014  799
e  1383  1639  591
e  1383  1542  963
e  1384  1479  963
e  1385  1418  373
e  1385  1469  652
e  1385  1423  580
e  1386  1409  313
e  1386  1429  580
e  1387  1397  193
e  1387  1393  110
e  1388  1396  960
e  1388  1472  978
e  1388  1489  356
e  1389  1468  118
e  1389  1478  670
e  1389  1395  690
e  1390  1392  36
e  1390  1391  364
e  1391  1394  36
e  1391  1444  988
e  1392  1431  25
e  1392  1394  364
e  1393  1414  193
e  1393  1409  797
e  1394  1440  25
e  1394  1455  988
e  1395  1412  670
e  1396  1401  608
e  1396  1441  526
e  1397  1415  743
e  1397  1430  797
e  1397  1414  110
e  1398  1448  970
e  1398  1402  60
e  1399  1434  185
e  1399  1403  760
e  1400  1445  518
e  1400  1431  356
e  1401  1406  957
e  1401  1424  526
e  1402  1458  970
e  1402  1526  324
e  1402  1435  388
e  1403  1452  185
e  1403  1407  832
e  1404  1412  875
e  1405  1479  100
e  1405  1459  591
e  1406  1410  882
e  1406  1416  526
e  1407  1465  185
e  1407  1525  637
e  1407  1523  432
e  1408  1509  214
e  1408  1453  682
e  1409  1420  193
e  1409  1450  580
e  1410  1413  526
e  1411  1422  140
e  1412  1478  690
e  1412  1527  118
e  1412  1569  799
e  1412  1436  969
e  1412  1426  474
e  1413  1417  108
e  1413  1416  882
e  1414  1420  797
e  1415  1544  317
e  1415  1456  797
e  1416  1425  108
e  1416  1424  957
e  1417  1422  978
e  1417  1425  882
e  1418  1429  652
e  1419  1483  356
e  1419  1445  515
e  1420  1430  110
e  1420  1490  743
e  1420  1482  580
e  1421  1449  683
e  1421  1601  875
e  1422  1439  689
e  1422  1447  410
e  1422  1438  882
e  1423  1499  652
e  1423  1427  679
e  1424  1442  108
e  1424  1451  978
e  1424  1441  608
e  1425  1438  978
e  1425  1442  957
e  1426  1428  969
e  1427  1506  652
e  1427  1732  313
e  1427  1836  139
e  1428  1436  474
e  1428  1477  799
e  1429  1450  313
e  1429  1510  580
e  1429  1469  373
e  1430  1456  743
e  1431  1461  518
e  1431  1440  364
e  1432  1464  790
e  1432  1474  478
e  1433  1464  432
e  1434  1475  637
e  1434  1452  760
e  1435  1475  324
e  1436  1501  799
e  1437  1459  822
e  1437  1509  187
e  1438  1463  410
e  1438  1446  957
e  1439  1443  410
e  1440  1466  518
e  1440  1481  988
e  1441  1457  978
e  1442  1446  978
e  1443  1454  652
e  1443  1447  689
e  1444  1455  36
e  1444  1460  983
e  1445  1461  356
e  1446  1467  410
e  1446  1462  608
e  1446  1451  108
e  1447  1473  652
e  1447  1463  882
e  1448  1476  629
e  1448  1458  60
e  1449  1477  875
e  1450  1482  193
e  1450  1514  580
e  1451  1457  608
e  1452  1486  637
e  1452  1465  832
e  1453  1546  214
e  1453  1468  801
e  1454  1495  642
e  1454  1614  356
e  1454  1521  882
e  1454  1473  689
e  1455  1481  25
e  1455  1470  983
e  1456  1554  317
e  1456  1560  580
e  1456  1490  110
e  1457  1462  108
e  1457  1494  410
e  1457  1471  960
e  1458  1487  629
e  1458  1541  324
e  1459  1529  100
e  1459  1528  187
e  1460  1470  36
e  1460  1491  532
e  1461  1483  515
e  1461  1493  619
e  1461  1466  364
e  1462  1480  410
e  1463  1485  652
e  1463  1467  957
e  1464  1524  344
e  1464  1496  478
e  1465  1497  637
e  1466  1498  619
e  1466  1511  988
e  1467  1504  652
e  1467  1480  608
e  1468  1549  214
e  1468  1508  670
e  1469  1499  580
e  1470  1505  25
e  1470  1515  532
e  1471  1472  526
e  1471  1503  410
e  1472  1512  356
e  1473  1485  882
e  1474  1496  790
e  1475  1526  388
e  1475  1486  760
e  1476  1488  576
e  1476  1487  60
e  1477  1501  474
e  1477  1672  203
e  1477  1635  785
e  1477  1601  683
e  1478  1508  118
e  1479  1542  79
e  1479  1529  591
e  1480  1520  652
e  1480  1535  356
e  1480  1519  960
e  1480  1494  108
e  1481  1511  518
e  1481  1505  983
e  1482  1537  743
e  1482  1734  25
e  1482  1622  580
e  1483  1484  541
e  1484  1489  619
e  1485  1521  689
e  1485  1589  356
e  1485  1504  957
e  1486  1566  970
e  1486  1497  832
e  1487  1500  576
e  1488  1615  816
e  1488  1500  60
e  1489  1512  978
e  1489  1507  364
e  1489  1492  515
e  1490  1537  580
e  1491  1515  36
e  1491  1544  47
e  1492  1493  541
e  1492  1502  364
e  1493  1498  364
e  1494  1503  960
e  1495  1551  68
e  1495  1564  790
e  1495  1630  356
e  1496  1603  344
e  1496  1571  140
e  1496  1522  761
e  1497  1576  970
e  1497  1634  576
e  1497  1633  432
e  1497  1525  185
e  1498  1502  541
e  1498  1539  978
e  1498  1543  988
e  1499  1510  373
e  1499  1506  679
e  1500  1654  816
e  1500  1681  875
e  1500  1567  324
e  1501  1569  969
e  1501  1602  118
e  1501  1783  822
e  1501  1761  203
e  1502  1507  515
e  1502  1531  978
e  1503  1519  108
e  1503  1517  356
e  1504  1563  356
e  1504  1520  608
e  1505  1538  518
e  1505  1545  532
e  1506  1513  373
e  1506  1536  313
e  1507  1516  978
e  1508  1581  214
e  1508  1527  690
e  1509  1528  822
e  1509  1546  682
e  1510  1514  313
e  1510  1513  679
e  1511  1543  619
e  1511  1538  983
e  1512  1518  410
e  1512  1516  364
e  1513  1530  313
e  1514  1622  193
e  1514  1530  679
e  1515  1545  25
e  1515  1572  47
e  1516  1532  410
e  1516  1531  515
e  1517  1518  526
e  1517  1534  108
e  1517  1533  364
e  1518  1532  364
e  1519  1534  356
e  1520  1547  356
e  1521  1598  356
e  1522  1558  140
e  1523  1524  761
e  1523  1591  637
e  1524  1632  637
e  1524  1603  478
e  1525  1591  432
e  1526  1541  970
e  1527  1617  214
e  1527  1580  799
e  1528  1608  100
e  1528  1570  801
e  1528  1555  682
e  1529  1577  79
e  1529  1608  187
e  1530  1649  193
e  1530  1986  410
e  1530  1536  373
e  1531  1540  410
e  1531  1539  541
e  1532  1533  526
e  1532  1540  515
e  1533  1548  108
e  1533  1550  515
e  1534  1535  960
e  1534  1548  364
e  1535  1547  652
e  1535  1553  364
e  1536  2103  410
e  1536  2243  139
e  1536  1732  652
e  1537  1560  110
e  1537  1650  317
e  1538  1579  619
e  1538  1626  410
e  1538  1594  532
e  1539  1552  410
e  1539  1559  988
e  1540  1550  526
e  1540  1573  988
e  1540  1552  541
e  1541  1568  576
e  1541  1565  760
e  1542  1577  591
e  1543  1559  978
e  1543  1579  983
e  1544  1572  36
e  1544  1554  797
e  1545  1594  518
e  1545  1578  47
e  1546  1555  822
e  1546  1549  801
e  1547  1563  608
e  1547  1557  364
e  1548  1553  960
e  1548  1562  652
e  1548  1575  515
e  1549  1556  822
e  1549  1581  670
e  1550  1575  108
e  1550  1574  988
e  1551  1558  790
e  1552  1561  988
e  1553  1557  652
e  1554  1582  36
e  1554  1593  25
e  1554  1610  580
e  1555  1556  801
e  1556  1570  682
e  1556  1647  100
e  1556  1587  670
e  1557  1588  608
e  1557  1611  988
e  1557  1605  515
e  1557  1562  960
e  1558  1571  761
e  1558  1564  68
e  1559  1561  410
e  1559  1592  983
e  1560  1610  317
e  1561  1573  541
e  1561  1583  526
e  1561  1595  983
e  1562  1584  515
e  1563  1589  957
e  1563  1588  364
e  1564  1631  761
e  1564  1659  356
e  1565  1566  388
e  1565  1585  576
e  1566  1576  832
e  1567  1568  629
e  1567  1704  875
e  1567  1590  760
e  1568  1585  760
e  1569  1580  118
e  1570  1638  100
e  1571  1642  344
e  1571  1722  356
e  1571  1631  68
e  1572  1578  25
e  1572  1582  797
e  1573  1574  526
e  1574  1597  652
e  1574  1583  541
e  1575  1584  652
e  1576  1600  576
e  1577  1639  963
e  1577  1752  801
e  1577  1682  187
e  1578  1619  518
e  1578  1586  797
e  1579  1592  978
e  1580  1637  822
e  1580  1602  969
e  1581  1587  822
e  1581  1617  690
e  1582  1586  25
e  1583  1612  652
e  1583  1620  983
e  1584  1605  960
e  1584  1596  988
e  1585  1590  629
e  1585  1599  832
e  1586  1621  518
e  1586  1643  580
e  1586  1593  36
e  1587  1668  100
e  1587  1661  799
e  1587  1618  690
e  1588  1613  957
e  1588  1629  689
e  1588  1646  988
e  1589  1598  689
e  1589  1613  364
e  1590  1714  875
e  1590  1604  832
e  1591  1633  185
e  1591  1674  576
e  1591  1632  761
e  1592  1595  410
e  1593  1623  580
e  1594  1640  410
e  1594  1624  797
e  1594  1619  47
e  1595  1620  526
e  1595  1680  652
e  1595  1645  532
e  1595  1625  619
e  1596  1597  108
e  1596  1609  960
e  1596  1651  983
e  1596  1628  541
e  1597  1612  541
e  1598  1614  882
e  1598  1616  364
e  1599  1600  388
e  1599  1604  629
e  1600  1606  629
e  1600  1660  432
e  1600  1634  970
e  1601  1607  785
e  1602  1673  822
e  1603  1687  637
e  1603  1642  140
e  1604  1730  875
e  1604  1702  432
e  1604  1606  388
e  1605  1609  988
e  1606  1666  432
e  1607  1635  683
e  1607  1648  203
e  1608  1682  79
e  1608  1638  801
e  1609  1611  515
e  1609  1700  608
e  1609  1677  983
e  1610  1623  25
e  1610  1650  110
e  1611  1646  608
e  1612  1628  108
e  1612  1627  983
e  1613  1616  689
e  1614  1630  642
e  1614  1652  364
e  1615  1648  875
e  1615  1654  60
e  1616  1652  882
e  1616  1665  642
e  1616  1678  988
e  1616  1629  957
e  1617  1618  822
e  1618  1636  799
e  1619  1621  797
e  1620  1627  652
e  1621  1624  47
e  1621  1656  410
e  1621  1669  580
e  1622  1786  25
e  1622  1649  679
e  1623  1643  36
e  1623  1676  110
e  1624  1655  410
e  1625  1626  978
e  1625  1641  532
e  1626  1640  532
e  1627  1644  108
e  1627  1699  797
e  1627  1691  532
e  1627  1680  526
e  1628  1644  983
e  1629  1671  988
e  1630  1659  790
e  1630  1658  364
e  1631  1706  356
e  1632  1710  576
e  1632  1709  140
e  1632  1687  478
e  1633  1653  576
e  1634  1653  432
e  1635  1667  203
e  1636  1637  214
e  1636  1661  690
e  1636  1723  100
e  1636  1679  969
e  1637  1673  969
e  1638  1693  79
e  1638  1647  682
e  1639  1807  801
e  1640  1641  978
e  1640  1655  797
e  1641  1645  619
e  1641  1657  797
e  1642  1695  637
e  1642  1744  356
e  1643  1669  518
e  1643  1712  110
e  1644  1651  541
e  1644  1739  960
e  1644  1713  797
e  1645  1688  652
e  1645  1663  797
e  1646  1671  689
e  1646  1700  515
e  1647  1718  79
e  1647  1668  670
e  1648  1667  683
e  1648  1670  60
e  1649  1808  25
e  1649  1862  410
e  1650  1676  25
e  1651  1677  960
e  1652  1658  642
e  1653  1660  970
e  1653  1674  185
e  1654  1670  875
e  1655  1657  978
e  1655  1656  47
e  1656  1662  978
e  1656  1683  580
e  1657  1663  619
e  1657  1662  47
e  1658  1675  790
e  1658  1665  882
e  1659  1706  761
e  1659  1675  364
e  1660  1666  629
e  1660  1701  185
e  1661  1703  100
e  1662  1664  619
e  1662  1685  580
e  1663  1690  652
e  1663  1664  47
e  1664  1698  652
e  1664  1697  580
e  1665  1686  790
e  1665  1689  988
e  1666  1702  388
e  1666  1771  875
e  1666  1779  140
e  1666  1711  185
e  1667  1672  785
e  1667  1684  60
e  1668  1724  79
e  1668  1703  799
e  1669  1683  410
e  1669  1720  110
e  1670  1684  683
e  1670  1717  324
e  1670  1681  816
e  1671  1678  957
e  1671  1716  790
e  1672  1761  474
e  1672  1692  60
e  1673  1679  214
e  1673  1798  203
e  1673  1783  118
e  1674  1701  970
e  1674  1710  761
e  1675  1726  761
e  1675  1707  988
e  1675  1686  882
e  1676  1712  36
e  1676  1736  410
e  1676  1733  743
e  1677  1715  608
e  1677  1764  790
e  1677  1762  797
e  1677  1739  541
e  1678  1689  642
e  1678  1708  790
e  1679  1780  100
e  1679  1811  203
e  1680  1688  532
e  1681  1704  324
e  1682  1693  801
e  1683  1685  978
e  1683  1728  110
e  1684  1692  785
e  1684  1727  324
e  1685  1697  619
e  1685  1737  110
e  1686  1696  988
e  1687  1695  140
e  1688  1691  526
e  1688  1690  797
e  1689  1696  790
e  1690  1694  526
e  1690  1698  47
e  1691  1694  797
e  1692  1797  474
e  1692  1750  324
e  1693  1752  187
e  1693  1847  963
e  1693  1751  670
e  1693  1718  682
e  1694  1699  532
e  1694  1721  108
e  1694  1705  47
e  1695  1709  478
e  1695  1745  576
e  1695  1785  356
e  1696  1707  882
e  1696  1765  983
e  1696  1743  957
e  1696  1708  642
e  1697  1719  652
e  1697  1776  110
e  1698  1705  526
e  1698  1719  580
e  1699  1713  108
e  1700  1715  983
e  1701  1711  629
e  1702  1748  875
e  1703  1757  79
e  1703  1723  690
e  1704  1717  816
e  1704  1749  683
e  1704  1714  760
e  1705  1725  108
e  1705  1729  580
e  1706  1722  68
e  1706  1726  364
e  1707  1755  761
e  1707  1826  983
e  1708  1716  957
e  1709  1731  576
e  1710  1747  629
e  1710  1731  140
e  1711  1770  140
e  1711  1746  761
e  1712  1720  518
e  1713  1759  960
e  1713  1738  47
e  1713  1721  532
e  1714  1758  683
e  1714  1730  832
e  1715  1742  790
e  1716  1743  642
e  1716  1740  983
e  1717  1727  683
e  1718  1724  670
e  1719  1729  526
e  1719  1801  110
e  1720  1728  410
e  1721  1725  47
e  1722  1744  344
e  1722  1763  364
e  1723  1846  79
e  1723  1780  969
e  1724  1751  682
e  1724  1757  799
e  1725  1738  532
e  1725  1789  960
e  1725  1753  580
e  1726  1763  68
e  1726  1773  344
e  1726  1755  988
e  1727  1750  785
e  1727  1766  760
e  1727  1749  816
e  1728  1737  978
e  1728  1735  36
e  1729  1753  108
e  1729  1838  110
e  1730  1772  683
e  1730  1748  432
e  1731  1754  629
e  1731  1745  478
e  1732  2084  139
e  1733  1734  317
e  1733  1787  410
e  1733  1799  580
e  1734  1786  580
e  1735  1736  518
e  1735  1768  978
e  1736  1800  978
e  1736  1787  743
e  1737  1776  619
e  1737  1882  652
e  1737  1881  580
e  1737  1768  36
e  1738  1777  960
e  1739  1759  797
e  1740  1741  515
e  1740  1760  642
e  1741  1742  689
e  1741  1769  642
e  1741  1830  797
e  1742  1816  797
e  1742  1764  608
e  1743  1760  983
e  1744  1785  637
e  1744  1767  364
e  1745  1778  629
e  1745  1812  356
e  1746  1747  970
e  1746  1756  140
e  1747  1754  140
e  1748  1774  683
e  1748  1842  140
e  1748  1771  388
e  1749  1758  760
e  1750  1844  474
e  1750  1857  822
e  1750  1843  432
e  1750  1775  760
e  1751  1858  963
e  1751  1819  799
e  1752  1807  963
e  1753  1802  960
e  1753  1856  790
e  1753  1901  110
e  1754  1756  970
e  1754  1778  478
e  1755  1784  344
e  1755  1840  983
e  1756  1770  761
e  1756  1804  185
e  1756  1821  875
e  1756  1781  478
e  1757  1819  682
e  1757  1941  963
e  1757  2134  203
e  1757  1846  690
e  1758  1766  816
e  1758  1782  432
e  1758  1772  832
e  1759  1762  541
e  1759  1777  47
e  1760  1765  957
e  1760  1769  515
e  1761  1794  822
e  1761  1797  60
e  1762  1793  790
e  1762  1790  47
e  1763  1767  344
e  1764  1793  797
e  1765  1826  882
e  1765  1867  761
e  1765  1906  797
e  1765  1803  515
e  1766  1775  785
e  1766  1788  432
e  1767  1817  637
e  1767  1795  988
e  1767  1773  68
e  1768  1863  580
e  1768  1824  743
e  1768  1800  518
e  1769  1803  957
e  1769  1831  797
e  1770  1779  185
e  1771  1805  140
e  1772  1774  432
e  1773  1784  988
e  1774  1782  832
e  1774  1791  816
e  1774  1806  785
e  1774  1848  140
e  1775  1792  432
e  1776  1801  652
e  1777  1790  541
e  1777  1789  532
e  1778  1781  970
e  1778  1850  356
e  1779  1805  875
e  1779  1804  761
e  1780  1933  79
e  1780  1889  203
e  1781  1835  875
e  1781  1855  356
e  1782  1788  816
e  1783  1794  203
e  1784  1795  68
e  1784  1907  637
e  1784  1868  983
e  1785  1812  576
e  1785  1817  364
e  1786  1799  317
e  1786  1823  410
e  1786  1808  679
e  1787  1813  978
e  1787  1809  580
e  1788  1792  785
e  1788  1791  832
e  1789  1802  580
e  1790  1810  790
e  1790  1814  580
e  1791  1796  785
e  1792  1843  760
e  1792  1878  822
e  1792  1796  832
e  1793  1816  608
e  1793  1810  47
e  1794  1798  118
e  1794  1820  60
e  1795  1834  637
e  1796  1895  822
e  1796  1886  140
e  1796  1806  816
e  1797  1820  822
e  1797  1844  324
e  1798  1811  214
e  1798  1832  60
e  1799  1809  410
e  1800  1813  743
e  1801  1838  526
e  1801  1899  580
e  1801  1882  619
e  1802  1815  541
e  1802  1829  790
e  1803  1866  797
e  1804  1818  875
e  1805  1842  388
e  1805  1854  683
e  1805  1818  761
e  1806  1874  140
e  1807  1890  799
e  1807  1847  187
e  1808  1827  410
e  1809  1833  978
e  1809  1828  679
e  1809  1823  317
e  1810  1853  608
e  1810  1822  580
e  1811  1889  100
e  1811  1845  60
e  1812  1850  629
e  1812  1841  364
e  1813  1824  518
e  1813  1833  580
e  1814  1815  532
e  1814  1822  790
e  1815  1825  790
e  1816  1830  689
e  1816  1839  642
e  1816  1853  47
e  1817  1841  576
e  1817  1834  988
e  1818  1900  683
e  1818  1870  478
e  1818  1821  185
e  1819  1872  963
e  1820  1832  118
e  1820  1849  324
e  1821  1835  478
e  1822  1860  608
e  1822  1883  642
e  1822  1825  532
e  1823  1827  679
e  1824  1837  580
e  1825  1902  642
e  1825  1829  541
e  1826  1840  761
e  1827  1828  317
e  1827  1880  978
e  1827  1862  25
e  1828  1851  978
e  1829  1991  642
e  1829  2050  110
e  1829  1856  960
e  1830  1831  642
e  1831  1866  957
e  1831  1884  580
e  1831  1865  47
e  1831  1839  689
e  1832  1845  214
e  1832  1871  324
e  1833  1837  518
e  1833  1851  679
e  1834  1852  576
e  1834  1907  68
e  1835  1870  185
e  1835  1869  356
e  1836  2084  313
e  1837  1863  743
e  1837  1910  652
e  1837  1859  679
e  1838  1901  108
e  1838  1950  580
e  1839  1861  47
e  1840  1868  344
e  1840  1867  882
e  1841  1879  629
e  1841  1852  988
e  1842  1848  683
e  1843  1873  822
e  1844  1849  822
e  1845  1932  100
e  1845  1875  324
e  1846  2055  203
e  1846  1933  969
e  1847  1858  670
e  1848  1874  785
e  1848  1854  388
e  1849  1871  118
e  1849  1888  214
e  1849  1877  432
e  1849  1857  474
e  1850  1855  970
e  1850  1885  875
e  1850  1879  364
e  1851  1859  518
e  1851  1880  317
e  1852  1894  629
e  1852  1921  875
e  1852  1937  983
e  1853  1861  642
e  1853  1860  580
e  1854  1922  785
e  1854  1900  761
e  1855  1869  875
e  1856  1956  110
e  1857  1873  432
e  1858  1872  799
e  1859  1914  652
e  1859  1988  317
e  1860  1864  642
e  1861  1865  689
e  1861  1864  580
e  1862  1987  978
e  1862  1986  193
e  1863  1881  36
e  1863  1904  652
e  1864  1876  689
e  1864  1905  532
e  1864  1883  608
e  1865  1876  580
e  1866  1906  515
e  1866  1919  761
e  1866  1918  580
e  1867  1920  344
e  1867  1911  797
e  1868  1924  637
e  1868  1936  797
e  1868  1920  882
e  1869  1926  185
e  1869  1939  683
e  1869  1898  364
e  1869  1885  970
e  1870  1912  683
e  1870  1926  356
e  1871  1875  214
e  1872  1891  187
e  1872  2264  4
e  1872  1941  682
e  1873  1877  474
e  1873  1878  760
e  1874  1886  816
e  1874  1967  822
e  1874  1970  356
e  1874  1922  388
e  1875  1949  100
e  1875  1896  432
e  1875  1888  118
e  1876  1884  47
e  1876  1928  957
e  1876  1917  532
e  1877  1893  214
e  1877  1887  760
e  1878  1887  474
e  1878  1895  832
e  1879  1892  875
e  1879  1894  988
e  1880  1988  518
e  1880  2105  652
e  1880  2148  193
e  1880  1987  25
e  1881  1897  652
e  1882  1897  580
e  1883  1902  532
e  1884  1918  957
e  1885  1892  364
e  1886  1930  822
e  1887  1909  214
e  1887  1923  832
e  1888  1893  432
e  1889  1975  79
e  1889  1932  60
e  1890  1891  670
e  1890  2015  591
e  1891  2094  591
e  1891  2114  4
e  1892  1898  970
e  1892  1903  988
e  1893  1896  118
e  1893  1909  760
e  1894  1903  875
e  1895  1923  474
e  1895  1945  214
e  1895  1930  140
e  1896  1958  100
e  1896  1913  760
e  1897  1899  619
e  1897  1904  36
e  1898  1954  683
e  1898  1908  988
e  1899  1950  526
e  1899  1935  679
e  1899  1915  743
e  1900  1944  785
e  1900  1912  478
e  1901  1956  790
e  1901  1990  580
e  1902  1905  608
e  1902  1992  689
e  1902  2117  875
e  1902  1991  541
e  1903  1908  970
e  1903  1976  983
e  1903  1921  629
e  1904  1910  743
e  1905  1917  689
e  1906  1911  761
e  1907  1924  983
e  1908  1959  683
e  1908  2002  983
e  1909  1913  118
e  1909  1931  832
e  1910  1916  619
e  1910  1914  679
e  1911  1929  344
e  1911  1919  515
e  1912  1952  785
e  1912  1934  356
e  1913  1978  100
e  1913  1940  832
e  1914  1925  619
e  1914  2065  317
e  1915  1916  36
e  1915  1927  679
e  1916  1925  679
e  1917  1995  344
e  1917  1992  608
e  1918  1943  761
e  1918  1928  47
e  1919  1942  344
e  1919  1943  580
e  1920  1929  797
e  1921  1962  983
e  1922  1964  356
e  1922  1944  761
e  1923  1931  214
e  1924  1938  576
e  1924  1963  797
e  1925  1927  36
e  1925  2086  526
e  1925  2245  790
e  1925  2244  317
e  1926  1934  683
e  1927  1935  743
e  1927  1989  526
e  1928  1951  761
e  1929  1936  882
e  1929  1961  580
e  1929  1942  515
e  1930  1946  214
e  1930  1977  356
e  1930  1967  816
e  1931  1940  118
e  1931  1948  140
e  1931  1945  474
e  1932  2028  79
e  1932  2013  432
e  1932  1949  324
e  1933  1975  203
e  1934  1953  785
e  1934  1968  364
e  1934  1939  185
e  1935  1969  526
e  1936  1963  637
e  1936  1966  580
e  1937  1938  68
e  1937  1962  875
e  1938  1973  875
e  1938  1965  797
e  1939  1954  364
e  1940  1955  140
e  1941  2305  4
e  1941  2263  432
e  1941  2184  203
e  1942  1947  580
e  1943  1947  344
e  1943  1951  47
e  1944  1957  356
e  1944  1952  478
e  1945  1946  140
e  1946  1948  474
e  1946  2010  118
e  1946  2009  356
e  1947  1961  515
e  1947  1960  47
e  1948  1955  118
e  1949  1958  432
e  1950  1990  108
e  1950  1969  679
e  1951  1960  344
e  1952  1953  356
e  1953  1957  478
e  1953  1982  822
e  1953  1981  364
e  1954  1968  185
e  1954  1959  988
e  1955  2012  100
e  1955  2018  356
e  1955  2010  474
e  1956  2050  960
e  1956  2023  580
e  1957  1964  761
e  1957  1979  822
e  1958  2013  324
e  1958  2047  79
e  1958  2062  140
e  1958  1978  760
e  1959  1971  185
e  1959  2003  785
e  1959  2053  822
e  1959  2035  983
e  1960  1999  576
e  1960  1993  532
e  1961  1966  882
e  1962  1976  629
e  1962  2001  797
e  1962  1973  68
e  1963  1965  576
e  1963  1980  580
e  1964  1970  388
e  1964  1974  822
e  1965  1985  875
e  1965  1984  580
e  1966  1980  637
e  1967  1972  356
e  1968  1981  785
e  1968  1971  988
e  1969  2033  108
e  1969  2074  790
e  1969  1989  743
e  1970  1972  822
e  1971  1983  785
e  1972  1977  816
e  1972  1974  388
e  1973  1985  797
e  1974  1979  761
e  1975  2055  969
e  1975  2078  432
e  1975  2028  60
e  1976  2002  970
e  1976  2020  797
e  1977  2009  214
e  1977  2006  478
e  1978  2011  140
e  1979  1982  478
e  1980  1984  576
e  1981  1983  988
e  1982  2008  816
e  1982  2004  988
e  1983  2005  822
e  1983  2003  185
e  1984  2000  875
e  1984  1996  47
e  1985  2001  68
e  1985  2000  580
e  1986  2085  978
e  1986  2103  373
e  1987  2085  193
e  1988  2065  652
e  1989  2087  790
e  1989  2086  36
e  1990  2023  790
e  1990  2033  679
e  1991  2123  875
e  1991  2106  110
e  1992  2108  875
e  1993  1994  957
e  1993  2043  576
e  1993  2066  875
e  1994  1995  761
e  1994  2070  875
e  1995  2088  875
e  1996  1997  515
e  1996  2016  875
e  1997  1998  882
e  1997  2019  875
e  1998  1999  637
e  1998  2024  875
e  1999  2044  875
e  1999  2043  532
e  2000  2031  68
e  2000  2052  629
e  2000  2016  47
e  2001  2020  629
e  2001  2031  580
e  2002  2035  683
e  2002  2041  797
e  2003  2027  822
e  2004  2005  364
e  2004  2022  816
e  2005  2026  816
e  2005  2040  214
e  2005  2027  185
e  2006  2007  761
e  2006  2021  214
e  2007  2008  388
e  2007  2025  214
e  2008  2022  988
e  2009  2017  118
e  2009  2046  988
e  2009  2021  478
e  2010  2017  356
e  2011  2012  832
e  2011  2062  760
e  2011  2093  79
e  2012  2113  79
e  2012  2061  356
e  2013  2038  79
e  2014  2015  801
e  2014  2039  4
e  2015  2063  4
e  2015  2094  670
e  2016  2067  629
e  2016  2019  515
e  2017  2018  474
e  2017  2048  988
e  2018  2061  100
e  2018  2056  988
e  2019  2090  629
e  2019  2024  882
e  2020  2041  970
e  2020  2036  580
e  2021  2037  988
e  2021  2025  761
e  2022  2030  214
e  2022  2026  364
e  2023  2136  960
e  2023  2042  679
e  2024  2110  629
e  2024  2057  532
e  2024  2044  637
e  2025  2029  988
e  2026  2032  214
e  2027  2079  214
e  2027  2077  983
e  2027  2053  785
e  2028  2038  432
e  2029  2030  388
e  2029  2037  761
e  2029  2034  364
e  2030  2032  364
e  2031  2036  629
e  2032  2034  388
e  2032  2073  118
e  2032  2040  816
e  2033  2042  790
e  2034  2045  761
e  2034  2058  118
e  2035  2071  822
e  2035  2068  797
e  2036  2064  970
e  2036  2075  47
e  2036  2052  68
e  2037  2046  478
e  2037  2049  118
e  2037  2045  364
e  2038  2078  60
e  2038  2158  969
e  2038  2047  324
e  2039  2500  140
e  2039  2063  801
e  2040  2112  118
e  2040  2120  983
e  2040  2079  185
e  2041  2068  683
e  2041  2064  580
e  2042  2185  960
e  2042  2190  875
e  2042  2098  743
e  2042  2074  108
e  2043  2051  875
e  2044  2051  532
e  2045  2054  118
e  2046  2048  118
e  2047  2174  969
e  2047  2081  140
e  2048  2056  474
e  2048  2049  478
e  2049  2054  364
e  2050  2106  642
e  2050  2165  875
e  2050  2136  580
e  2051  2057  637
e  2051  2072  957
e  2051  2066  576
e  2052  2067  47
e  2053  2071  983
e  2054  2060  474
e  2054  2058  761
e  2055  2134  690
e  2055  2121  432
e  2056  2080  100
e  2056  2059  364
e  2057  2118  629
e  2057  2089  957
e  2058  2069  474
e  2058  2073  388
e  2059  2060  478
e  2059  2082  100
e  2060  2095  100
e  2060  2069  761
e  2061  2126  79
e  2061  2080  988
e  2062  2081  79
e  2063  2485  140
e  2063  2101  670
e  2064  2076  683
e  2064  2091  47
e  2065  2244  619
e  2065  2410  790
e  2065  2300  193
e  2065  2105  518
e  2066  2070  957
e  2067  2075  68
e  2067  2111  970
e  2067  2090  515
e  2068  2083  822
e  2068  2076  580
e  2069  2102  100
e  2069  2092  388
e  2070  2072  576
e  2070  2088  761
e  2071  2077  785
e  2071  2083  797
e  2072  2089  637
e  2072  2109  761
e  2073  2092  474
e  2073  2132  983
e  2073  2112  816
e  2074  2087  743
e  2075  2091  970
e  2076  2096  822
e  2076  2099  47
e  2077  2097  214
e  2077  2100  797
e  2078  2121  969
e  2079  2097  983
e  2080  2147  79
e  2080  2082  364
e  2081  2176  969
e  2081  2208  356
e  2081  2093  760
e  2082  2159  79
e  2082  2095  478
e  2083  2100  785
e  2083  2096  580
e  2084  2243  652
e  2084  2448  410
e  2084  2375  963
e  2085  2148  25
e  2085  2318  652
e  2085  2202  373
e  2086  2169  790
e  2087  2098  108
e  2087  2169  36
e  2088  2109  576
e  2088  2107  608
e  2089  2204  629
e  2089  2216  822
e  2089  2225  110
e  2089  2193  608
e  2090  2130  683
e  2090  2128  532
e  2090  2110  882
e  2091  2099  683
e  2091  2111  68
e  2092  2125  100
e  2092  2139  983
e  2093  2157  356
e  2093  2113  832
e  2094  2101  4
e  2095  2207  79
e  2095  2102  761
e  2096  2104  785
e  2096  2115  47
e  2097  2120  185
e  2097  2131  118
e  2097  2116  797
e  2098  2246  875
e  2098  2319  36
e  2099  2115  822
e  2099  2119  68
e  2100  2116  214
e  2100  2104  580
e  2101  2461  140
e  2101  2372  432
e  2101  2114  591
e  2102  2229  79
e  2102  2181  983
e  2102  2125  388
e  2103  2202  978
e  2103  2393  139
e  2104  2122  214
e  2104  2138  47
e  2105  2228  193
e  2106  2140  875
e  2107  2108  344
e  2107  2137  576
e  2107  2127  689
e  2108  2117  689
e  2109  2137  608
e  2110  2118  532
e  2111  2119  683
e  2112  2124  983
e  2113  2126  356
e  2114  2335  432
e  2114  2264  187
e  2115  2138  785
e  2115  2179  214
e  2115  2154  515
e  2115  2135  68
e  2116  2142  118
e  2116  2122  580
e  2117  2127  344
e  2117  2123  541
e  2118  2128  882
e  2118  2151  683
e  2118  2178  822
e  2118  2204  957
e  2119  2135  822
e  2119  2129  515
e  2120  2124  118
e  2121  2183  690
e  2121  2198  140
e  2121  2158  60
e  2122  2145  118
e  2122  2144  47
e  2123  2133  344
e  2123  2140  110
e  2124  2132  816
e  2124  2131  185
e  2125  2146  983
e  2126  2157  832
e  2126  2147  988
e  2127  2133  541
e  2128  2143  683
e  2129  2130  970
e  2129  2141  822
e  2130  2143  532
e  2131  2142  797
e  2132  2139  474
e  2132  2155  797
e  2133  2150  576
e  2133  2166  110
e  2134  2184  963
e  2134  2183  432
e  2135  2141  515
e  2136  2170  875
e  2136  2185  679
e  2137  2194  637
e  2137  2149  541
e  2138  2144  214
e  2139  2146  100
e  2139  2160  797
e  2140  2166  344
e  2140  2191  576
e  2140  2177  580
e  2140  2165  642
e  2141  2154  68
e  2141  2152  532
e  2142  2156  816
e  2142  2145  580
e  2143  2153  822
e  2143  2151  882
e  2144  2187  118
e  2144  2196  515
e  2144  2179  785
e  2145  2162  816
e  2145  2186  100
e  2145  2187  47
e  2146  2181  388
e  2146  2164  797
e  2147  2220  832
e  2147  2159  364
e  2148  2228  652
e  2149  2150  689
e  2149  2203  637
e  2149  2192  110
e  2150  2171  110
e  2151  2161  822
e  2152  2153  970
e  2152  2195  68
e  2152  2200  214
e  2152  2172  882
e  2153  2161  882
e  2154  2188  214
e  2154  2195  532
e  2155  2156  185
e  2155  2160  474
e  2155  2163  580
e  2156  2162  580
e  2157  2208  760
e  2157  2220  988
e  2158  2182  140
e  2158  2174  324
e  2159  2258  832
e  2159  2362  969
e  2159  2325  580
e  2159  2207  478
e  2160  2164  100
e  2160  2167  580
e  2161  2172  970
e  2161  2253  214
e  2161  2226  957
e  2161  2178  683
e  2162  2163  185
e  2162  2173  474
e  2162  2180  100
e  2163  2167  474
e  2164  2210  388
e  2164  2168  580
e  2165  2170  580
e  2166  2171  576
e  2167  2168  100
e  2167  2173  185
e  2168  2219  388
e  2168  2233  47
e  2168  2175  185
e  2169  2319  108
e  2169  2354  875
e  2169  2245  526
e  2170  2177  642
e  2170  2189  679
e  2171  2192  689
e  2171  2224  637
e  2171  2213  580
e  2171  2191  344
e  2172  2223  214
e  2173  2175  100
e  2174  2176  140
e  2175  2221  47
e  2175  2197  816
e  2175  2180  474
e  2176  2182  324
e  2176  2262  963
e  2176  2237  356
e  2177  2211  576
e  2177  2222  679
e  2178  2212  957
e  2179  2188  515
e  2180  2186  816
e  2181  2234  79
e  2181  2210  797
e  2182  2198  60
e  2183  2201  963
e  2183  2227  140
e  2184  2201  432
e  2185  2189  875
e  2186  2197  474
e  2186  2206  47
e  2187  2206  100
e  2187  2238  515
e  2188  2196  785
e  2188  2199  532
e  2189  2222  642
e  2189  2247  576
e  2189  2190  960
e  2190  2277  576
e  2190  2246  743
e  2191  2211  580
e  2192  2209  637
e  2193  2194  761
e  2193  2214  110
e  2194  2203  541
e  2195  2199  214
e  2196  2238  118
e  2196  2205  532
e  2197  2218  47
e  2198  2227  690
e  2199  2205  785
e  2199  2200  68
e  2200  2217  785
e  2200  2223  882
e  2201  2263  203
e  2201  2231  140
e  2202  2336  652
e  2202  2549  139
e  2203  2209  110
e  2204  2212  822
e  2205  2239  118
e  2205  2217  68
e  2206  2218  474
e  2206  2254  532
e  2207  2257  983
e  2207  2229  761
e  2208  2237  969
e  2208  2259  988
e  2209  2215  761
e  2209  2224  689
e  2210  2241  79
e  2210  2219  580
e  2211  2213  344
e  2211  2230  679
e  2212  2226  683
e  2212  2216  629
e  2213  2236  637
e  2213  2235  679
e  2214  2215  541
e  2214  2225  608
e  2215  2251  822
e  2215  2248  580
e  2216  2252  683
e  2216  2240  110
e  2217  2273  118
e  2217  2232  882
e  2218  2221  816
e  2218  2280  532
e  2219  2242  79
e  2220  2259  760
e  2220  2287  969
e  2220  2258  364
e  2221  2233  185
e  2221  2356  79
e  2221  2303  532
e  2222  2230  576
e  2223  2232  785
e  2223  2284  957
e  2223  2253  970
e  2224  2236  580
e  2225  2240  822
e  2226  2268  214
e  2226  2272  110
e  2226  2252  629
e  2227  2231  963
e  2228  2300  518
e  2228  2345  373
e  2228  2318  25
e  2229  2234  983
e  2230  2235  344
e  2230  2247  642
e  2231  2328  203
e  2231  2334  4
e  2231  2311  356
e  2231  2260  324
e  2232  2285  118
e  2232  2324  100
e  2232  2314  957
e  2233  2294  79
e  2234  2257  761
e  2234  2256  580
e  2234  2241  797
e  2235  2270  637
e  2235  2297  822
e  2235  2320  642
e  2236  2249  761
e  2236  2271  822
e  2236  2270  679
e  2237  2276  963
e  2237  2269  988
e  2238  2239  532
e  2239  2255  100
e  2239  2273  68
e  2240  2266  683
e  2240  2283  580
e  2240  2250  541
e  2241  2242  580
e  2242  2256  797
e  2242  2275  761
e  2242  2293  47
e  2243  2393  410
e  2244  2358  790
e  2245  2443  875
e  2245  2358  317
e  2246  2343  576
e  2246  2397  822
e  2246  2346  36
e  2247  2320  344
e  2247  2332  822
e  2247  2277  960
e  2248  2249  689
e  2248  2265  822
e  2249  2267  822
e  2250  2251  608
e  2250  2279  580
e  2251  2265  580
e  2252  2266  110
e  2253  2268  957
e  2254  2255  515
e  2254  2280  474
e  2255  2286  474
e  2255  2281  68
e  2256  2274  761
e  2257  2274  580
e  2258  2299  969
e  2259  2269  969
e  2260  2261  60
e  2260  2304  356
e  2261  2262  690
e  2261  2282  356
e  2262  2276  356
e  2263  2312  4
e  2263  2328  140
e  2264  2316  432
e  2264  2305  682
e  2265  2279  608
e  2265  2291  683
e  2265  2301  679
e  2265  2267  689
e  2266  2272  629
e  2266  2288  580
e  2267  2290  679
e  2267  2271  761
e  2268  2284  970
e  2268  2295  110
e  2269  2298  963
e  2269  2310  364
e  2269  2287  760
e  2270  2278  822
e  2271  2278  679
e  2272  2295  214
e  2272  2296  580
e  2273  2281  100
e  2273  2285  882
e  2274  2326  478
e  2274  2275  797
e  2275  2342  478
e  2275  2474  963
e  2275  2416  47
e  2276  2282  690
e  2276  2298  988
e  2277  2337  822
e  2277  2343  743
e  2278  2290  761
e  2278  2338  683
e  2278  2412  214
e  2278  2401  960
e  2278  2297  637
e  2279  2283  541
e  2279  2289  683
e  2280  2303  816
e  2280  2286  515
e  2281  2350  474
e  2281  2292  882
e  2282  2304  60
e  2282  2306  988
e  2283  2288  683
e  2284  2314  785
e  2284  2323  110
e  2285  2292  100
e  2286  2315  816
e  2286  2380  882
e  2286  2350  68
e  2287  2299  364
e  2288  2296  629
e  2288  2289  541
e  2289  2302  629
e  2289  2291  608
e  2290  2301  689
e  2290  2313  683
e  2291  2309  629
e  2291  2308  679
e  2292  2355  474
e  2292  2379  110
e  2292  2361  957
e  2292  2324  118
e  2293  2294  388
e  2293  2416  761
e  2293  2536  963
e  2293  2457  532
e  2294  2382  532
e  2294  2356  185
e  2295  2323  970
e  2295  2307  580
e  2296  2307  214
e  2296  2302  541
e  2297  2376  960
e  2297  2331  642
e  2298  2306  690
e  2298  2327  364
e  2299  2310  760
e  2299  2333  963
e  2299  2362  832
e  2300  2439  790
e  2300  2476  373
e  2301  2308  683
e  2302  2317  214
e  2302  2309  608
e  2303  2369  79
e  2303  2315  515
e  2304  2311  324
e  2304  2352  988
e  2305  2312  432
e  2306  2352  60
e  2306  2351  364
e  2307  2349  970
e  2307  2360  679
e  2307  2317  541
e  2308  2321  629
e  2308  2339  214
e  2308  2313  689
e  2309  2322  214
e  2309  2321  679
e  2310  2327  963
e  2311  2373  4
e  2311  2366  988
e  2312  2316  682
e  2312  2330  140
e  2313  2348  214
e  2313  2338  761
e  2314  2353  100
e  2314  2341  110
e  2315  2381  79
e  2315  2415  882
e  2316  2335  187
e  2316  2344  140
e  2317  2340  679
e  2317  2322  608
e  2318  2336  373
e  2319  2346  875
e  2320  2331  822
e  2321  2329  214
e  2322  2329  679
e  2323  2341  785
e  2323  2349  580
e  2324  2353  957
e  2325  2326  983
e  2325  2403  969
e  2325  2383  797
e  2326  2342  797
e  2327  2351  690
e  2327  2333  760
e  2328  2330  4
e  2329  2340  608
e  2329  2406  100
e  2329  2359  689
e  2329  2339  629
e  2330  2344  682
e  2330  2334  203
e  2331  2347  960
e  2331  2332  344
e  2332  2337  960
e  2333  2385  690
e  2333  2445  580
e  2333  2384  832
e  2334  2363  682
e  2334  2373  356
e  2335  2372  591
e  2335  2364  140
e  2336  2345  25
e  2336  2582  875
e  2337  2347  344
e  2337  2368  743
e  2338  2370  214
e  2339  2348  689
e  2340  2360  541
e  2340  2391  785
e  2340  2402  100
e  2341  2365  100
e  2341  2357  580
e  2342  2383  983
e  2342  2424  963
e  2343  2368  822
e  2344  2364  187
e  2344  2363  203
e  2345  2476  518
e  2345  2539  875
e  2346  2467  822
e  2346  2354  108
e  2347  2376  642
e  2347  2411  637
e  2347  2394  743
e  2348  2359  629
e  2348  2370  761
e  2349  2357  785
e  2350  2355  882
e  2351  2419  60
e  2351  2430  4
e  2351  2484  580
e  2351  2385  760
e  2352  2366  324
e  2352  2404  4
e  2352  2419  364
e  2353  2361  118
e  2353  2365  110
e  2354  2490  822
e  2354  2489  317
e  2354  2443  526
e  2355  2380  68
e  2355  2435  816
e  2355  2469  79
e  2355  2455  580
e  2355  2414  110
e  2356  2369  532
e  2357  2371  100
e  2357  2377  679
e  2358  2450  875
e  2358  2449  193
e  2358  2410  619
e  2359  2438  100
e  2359  2413  761
e  2360  2378  785
e  2361  2367  110
e  2362  2384  963
e  2362  2403  580
e  2363  2386  187
e  2363  2390  356
e  2364  2387  591
e  2364  2386  203
e  2365  2367  118
e  2365  2371  580
e  2366  2389  4
e  2367  2379  957
e  2367  2374  580
e  2368  2394  344
e  2368  2465  214
e  2368  2512  36
e  2368  2397  576
e  2369  2382  185
e  2369  2381  515
e  2370  2413  629
e  2370  2452  743
e  2370  2429  960
e  2370  2412  683
e  2371  2374  118
e  2371  2388  679
e  2372  2387  140
e  2373  2390  682
e  2373  2389  988
e  2374  2399  957
e  2374  2444  474
e  2374  2392  679
e  2375  2538  410
e  2376  2401  637
e  2377  2378  970
e  2377  2388  100
e  2378  2395  100
e  2378  2391  541
e  2379  2414  474
e  2379  2399  580
e  2380  2415  816
e  2381  2436  185
e  2381  2533  580
e  2381  2446  882
e  2382  2457  388
e  2382  2436  515
e  2383  2418  963
e  2384  2405  580
e  2385  2447  580
e  2386  2400  356
e  2387  2461  432
e  2387  2499  670
e  2387  2421  356
e  2388  2392  118
e  2388  2398  541
e  2388  2395  970
e  2389  2407  682
e  2389  2459  364
e  2389  2404  324
e  2390  2400  187
e  2390  2407  988
e  2391  2396  100
e  2392  2454  474
e  2392  2409  541
e  2393  2549  978
e  2393  2448  652
e  2394  2428  637
e  2394  2440  214
e  2395  2396  541
e  2396  2398  970
e  2396  2408  608
e  2396  2402  785
e  2397  2467  36
e  2398  2409  118
e  2399  2423  474
e  2400  2422  591
e  2400  2420  988
e  2401  2426  214
e  2401  2411  642
e  2402  2406  608
e  2403  2405  963
e  2404  2425  364
e  2405  2445  832
e  2405  2458  690
e  2405  2417  797
e  2406  2408  785
e  2406  2438  689
e  2407  2420  187
e  2407  2463  364
e  2408  2434  118
e  2408  2453  689
e  2409  2501  474
e  2409  2433  608
e  2410  2439  193
e  2411  2428  743
e  2412  2426  960
e  2413  2473  100
e  2414  2423  580
e  2415  2446  79
e  2415  2435  68
e  2416  2486  963
e  2417  2418  969
e  2417  2462  690
e  2417  2427  983
e  2418  2424  983
e  2419  2425  4
e  2420  2442  591
e  2420  2472  364
e  2421  2422  203
e  2421  2516  670
e  2421  2460  988
e  2422  2442  988
e  2423  2455  110
e  2423  2477  79
e  2423  2468  679
e  2423  2444  957
e  2424  2427  969
e  2424  2474  478
e  2425  2459  324
e  2425  2471  682
e  2425  2430  60
e  2426  2429  683
e  2426  2431  743
e  2427  2470  690
e  2427  2524  47
e  2427  2497  478
e  2428  2432  214
e  2429  2437  743
e  2430  2510  682
e  2430  2487  580
e  2431  2432  642
e  2431  2437  683
e  2432  2441  683
e  2432  2440  637
e  2433  2434  970
e  2433  2529  474
e  2433  2495  689
e  2434  2464  689
e  2435  2456  79
e  2436  2523  388
e  2436  2579  580
e  2437  2452  960
e  2437  2506  100
e  2437  2441  642
e  2438  2453  785
e  2438  2494  118
e  2438  2473  761
e  2439  2449  619
e  2439  2488  875
e  2439  2511  373
e  2440  2451  683
e  2440  2465  344
e  2441  2518  100
e  2441  2451  637
e  2442  2460  203
e  2442  2483  364
e  2443  2450  317
e  2444  2454  679
e  2445  2447  690
e  2446  2503  580
e  2446  2456  68
e  2447  2484  760
e  2447  2498  4
e  2447  2466  797
e  2447  2458  832
e  2448  2538  963
e  2449  2480  875
e  2450  2489  526
e  2450  2558  822
e  2450  2480  193
e  2451  2560  100
e  2451  2491  344
e  2452  2493  100
e  2453  2464  118
e  2454  2468  957
e  2454  2507  79
e  2454  2501  541
e  2455  2475  79
e  2456  2478  580
e  2456  2469  816
e  2457  2580  963
e  2457  2523  515
e  2458  2462  797
e  2459  2463  682
e  2460  2528  670
e  2460  2545  364
e  2461  2485  670
e  2462  2466  832
e  2462  2470  983
e  2463  2472  187
e  2463  2471  324
e  2464  2495  970
e  2464  2532  743
e  2464  2521  761
e  2464  2494  785
e  2465  2491  683
e  2465  2546  36
e  2466  2502  4
e  2466  2481  983
e  2467  2512  576
e  2467  2490  108
e  2468  2496  79
e  2469  2475  580
e  2470  2481  832
e  2470  2537  4
e  2470  2541  47
e  2471  2482  187
e  2471  2510  60
e  2472  2483  591
e  2472  2482  324
e  2473  2513  118
e  2473  2492  743
e  2474  2497  969
e  2474  2486  47
e  2475  2478  816
e  2475  2477  110
e  2476  2511  790
e  2476  2531  875
e  2477  2479  816
e  2477  2496  679
e  2478  2503  68
e  2478  2479  110
e  2479  2522  68
e  2479  2508  679
e  2480  2559  822
e  2480  2575  373
e  2480  2488  619
e  2481  2514  4
e  2482  2504  591
e  2482  2525  60
e  2483  2545  203
e  2483  2574  580
e  2483  2504  324
e  2484  2487  4
e  2485  2500  801
e  2485  2499  432
e  2486  2509  969
e  2486  2536  761
e  2487  2530  682
e  2487  2515  797
e  2487  2498  760
e  2488  2517  373
e  2489  2550  822
e  2490  2587  214
e  2490  2550  317
e  2491  2570  100
e  2491  2583  36
e  2492  2493  629
e  2492  2520  118
e  2492  2519  960
e  2493  2506  960
e  2494  2513  761
e  2495  2564  474
e  2495  2572  743
e  2496  2508  816
e  2496  2507  957
e  2497  2509  47
e  2498  2502  797
e  2499  2505  801
e  2499  2516  356
e  2500  2556  356
e  2500  2505  432
e  2501  2547  79
e  2501  2529  608
e  2502  2515  760
e  2502  2514  983
e  2503  2533  882
e  2503  2522  110
e  2504  2543  580
e  2505  2526  356
e  2506  2519  629
e  2506  2518  642
e  2507  2540  816
e  2507  2547  541
e  2508  2554  68
e  2508  2540  957
e  2509  2524  478
e  2509  2555  690
e  2509  2593  761
e  2510  2525  187
e  2510  2530  580
e  2511  2517  875
e  2512  2546  214
e  2513  2521  785
e  2513  2520  743
e  2514  2542  760
e  2514  2594  682
e  2514  2600  47
e  2514  2537  832
e  2515  2551  682
e  2515  2542  983
e  2516  2526  801
e  2516  2528  988
e  2517  2575  619
e  2517  2590  822
e  2517  2553  518
e  2517  2531  790
e  2518  2563  629
e  2518  2576  118
e  2518  2560  637
e  2519  2548  118
e  2519  2563  642
e  2520  2527  785
e  2520  2548  960
e  2521  2527  743
e  2522  2566  882
e  2522  2554  679
e  2523  2611  963
e  2523  2608  580
e  2524  2541  690
e  2525  2535  580
e  2526  2556  432
e  2526  2534  988
e  2527  2532  761
e  2527  2561  960
e  2528  2534  801
e  2528  2584  364
e  2529  2565  79
e  2529  2564  689
e  2530  2535  187
e  2530  2551  797
e  2531  2539  518
e  2532  2572  970
e  2533  2579  185
e  2533  2566  110
e  2534  2578  432
e  2534  2589  364
e  2535  2544  591
e  2535  2552  797
e  2536  2593  969
e  2536  2580  532
e  2537  2567  47
e  2538  2581  313
e  2539  2553  790
e  2539  2582  25
e  2540  2599  541
e  2541  2567  4
e  2541  2555  478
e  2542  2568  682
e  2543  2544  60
e  2543  2574  324
e  2543  2573  797
e  2544  2557  797
e  2545  2584  670
e  2545  2607  580
e  2546  2583  683
e  2546  2586  108
e  2547  2599  816
e  2547  2565  608
e  2548  2561  785
e  2548  2571  642
e  2550  2612  214
e  2550  2562  193
e  2550  2558  526
e  2551  2552  187
e  2551  2568  983
e  2552  2557  591
e  2552  2569  983
e  2553  2610  822
e  2554  2592  882
e  2555  2588  4
e  2556  2578  988
e  2557  2573  60
e  2557  2577  983
e  2558  2559  193
e  2559  2562  526
e  2559  2585  373
e  2560  2570  344
e  2561  2596  642
e  2562  2618  214
e  2563  2571  118
e  2564  2591  79
e  2564  2595  743
e  2565  2591  689
e  2566  2603  185
e  2566  2592  679
e  2567  2600  832
e  2567  2588  478
e  2568  2569  187
e  2568  2594  760
e  2569  2577  591
e  2569  2597  760
e  2570  2598  36
e  2571  2596  785
e  2571  2576  629
e  2572  2595  474
e  2573  2604  324
e  2573  2602  983
e  2574  2607  203
e  2574  2604  797
e  2575  2585  822
e  2577  2602  60
e  2577  2601  760
e  2579  2608  388
e  2579  2603  110
e  2580  2609  969
e  2580  2611  515
e  2583  2598  100
e  2584  2589  801
e  2584  2615  580
e  2585  2590  619
e  2586  2587  576
e  2587  2612  317
e  2589  2616  580
e  2590  2610  518
e  2591  2605  743
e  2592  2606  185
e  2593  2609  532
e  2594  2597  187
e  2594  2613  47
e  2595  2605  79
e  2597  2601  591
e  2597  2614  47
e  2600  2613  682
e  2601  2617  47
e  2603  2606  679
e  2607  2615  670
e  2612  2618  193
e  2613  2614  187
e  2614  2617  591
e  2615  2616  801
