p   edge 968  1856
e  0  954  113
e  0  862  234
e  0  491  227
e  0  78  930
e  0  45  671
e  1  2  113
e  1  347  707
e  1  476  392
e  1  507  953
e  1  903  718
e  2  3  26
e  2  261  707
e  3  4  898
e  3  213  707
e  4  5  234
e  4  102  207
e  4  120  600
e  4  162  707
e  5  6  207
e  6  7  600
e  6  102  234
e  7  8  142
e  7  108  234
e  8  9  227
e  8  72  30
e  8  109  707
e  8  121  234
e  9  10  30
e  10  11  721
e  10  64  707
e  10  72  227
e  11  12  901
e  11  58  707
e  12  13  894
e  12  54  707
e  13  14  707
e  14  15  741
e  14  54  894
e  15  16  162
e  15  62  894
e  16  17  88
e  16  51  357
e  16  79  721
e  17  18  357
e  18  19  259
e  18  51  88
e  19  20  176
e  19  77  88
e  20  21  802
e  20  87  88
e  21  22  391
e  21  69  797
e  21  95  234
e  21  92  88
e  22  23  797
e  23  24  668
e  23  55  234
e  23  69  391
e  24  25  234
e  25  26  266
e  25  65  662
e  25  73  667
e  25  55  668
e  26  27  662
e  27  28  515
e  27  53  667
e  27  65  266
e  28  29  767
e  28  46  667
e  29  30  667
e  30  31  686
e  30  46  767
e  31  32  727
e  31  48  767
e  32  33  227
e  32  56  392
e  32  52  767
e  33  34  392
e  34  35  681
e  34  56  227
e  35  36  668
e  35  117  953
e  35  131  767
e  35  104  227
e  36  37  670
e  36  83  953
e  37  38  339
e  37  74  953
e  38  39  708
e  38  59  953
e  39  40  684
e  39  50  953
e  40  41  953
e  41  42  970
e  41  49  718
e  41  50  684
e  42  43  930
e  42  47  718
e  43  44  718
e  44  45  459
e  44  47  930
e  45  57  930
e  46  48  686
e  46  53  515
e  47  57  459
e  47  49  970
e  48  52  727
e  48  61  515
e  49  60  459
e  49  71  684
e  50  71  718
e  50  59  708
e  51  77  259
e  51  93  176
e  51  106  721
e  52  89  392
e  52  66  515
e  53  61  686
e  53  68  266
e  54  62  741
e  54  58  901
e  55  99  667
e  55  75  391
e  56  104  681
e  56  89  767
e  57  78  671
e  57  60  970
e  58  63  741
e  58  64  721
e  59  81  718
e  59  90  670
e  59  74  339
e  60  82  671
e  60  149  670
e  60  91  684
e  61  66  727
e  61  70  266
e  62  76  721
e  62  63  901
e  63  67  721
e  64  67  741
e  64  88  227
e  65  68  667
e  66  100  392
e  66  84  266
e  67  76  901
e  67  85  162
e  67  94  227
e  68  70  686
e  68  73  662
e  69  75  234
e  70  84  727
e  70  118  391
e  70  86  662
e  71  91  459
e  71  81  708
e  72  88  707
e  73  86  686
e  73  99  668
e  74  83  670
e  75  101  667
e  75  114  88
e  75  95  797
e  76  80  162
e  77  87  176
e  78  422  670
e  78  82  970
e  79  80  894
e  79  106  357
e  80  123  357
e  80  122  227
e  80  85  901
e  81  96  670
e  82  174  670
e  83  90  339
e  83  98  718
e  83  117  668
e  84  105  392
e  84  125  391
e  85  110  227
e  86  116  391
e  86  103  668
e  87  92  802
e  87  93  259
e  88  94  741
e  88  109  30
e  89  115  681
e  89  100  515
e  90  96  718
e  91  112  670
e  92  111  234
e  92  97  259
e  93  97  802
e  93  129  721
e  94  110  162
e  94  184  357
e  94  163  234
e  94  133  30
e  95  111  88
e  96  113  459
e  96  98  339
e  97  124  234
e  97  137  721
e  98  148  459
e  98  138  668
e  99  103  686
e  99  101  391
e  100  141  681
e  100  105  266
e  101  107  686
e  101  134  88
e  102  108  600
e  103  107  391
e  104  115  767
e  105  142  681
e  105  132  391
e  106  129  176
e  106  128  227
e  106  123  894
e  107  116  668
e  107  119  662
e  107  146  392
e  107  143  88
e  108  121  142
e  108  145  707
e  108  120  207
e  109  133  741
e  109  139  234
e  110  122  901
e  110  127  357
e  111  114  797
e  111  124  259
e  112  113  708
e  112  149  684
e  112  272  671
e  112  271  767
e  112  248  668
e  113  207  668
e  113  148  339
e  114  134  667
e  114  136  259
e  115  131  227
e  115  176  953
e  115  147  266
e  115  141  515
e  116  118  662
e  117  138  718
e  117  160  767
e  118  125  727
e  118  119  668
e  119  130  727
e  119  140  392
e  120  154  707
e  121  139  707
e  122  126  357
e  123  126  227
e  124  136  797
e  124  151  721
e  125  132  392
e  125  130  668
e  126  128  894
e  126  153  176
e  126  127  901
e  127  155  176
e  127  184  162
e  128  144  176
e  129  137  802
e  129  144  227
e  130  135  392
e  131  160  953
e  132  159  681
e  132  135  668
e  133  152  234
e  134  143  686
e  134  157  259
e  135  172  681
e  135  165  88
e  135  140  727
e  136  157  667
e  136  164  721
e  137  151  234
e  137  150  227
e  138  179  459
e  138  175  767
e  139  152  741
e  139  145  142
e  140  161  88
e  140  146  662
e  141  142  266
e  142  147  515
e  142  190  953
e  142  159  391
e  143  156  392
e  143  168  259
e  144  150  802
e  144  153  894
e  145  167  741
e  145  154  207
e  146  156  88
e  147  188  953
e  148  179  668
e  149  174  671
e  150  158  234
e  150  166  894
e  151  164  797
e  151  158  227
e  152  163  30
e  152  252  176
e  152  167  142
e  153  166  802
e  153  155  901
e  154  178  741
e  154  162  600
e  155  170  802
e  155  198  234
e  155  196  234
e  156  161  662
e  156  186  727
e  156  203  227
e  156  181  259
e  157  168  686
e  157  171  721
e  158  169  797
e  158  194  667
e  158  173  894
e  159  192  953
e  159  201  88
e  159  172  668
e  160  175  718
e  160  176  227
e  161  165  727
e  162  191  741
e  162  213  898
e  163  193  357
e  163  234  176
e  164  171  667
e  164  169  227
e  165  183  681
e  165  211  227
e  165  186  662
e  166  173  234
e  166  170  901
e  167  255  176
e  167  178  207
e  168  181  392
e  168  182  721
e  169  177  667
e  170  180  234
e  171  182  686
e  171  177  227
e  172  183  88
e  173  195  667
e  173  180  901
e  174  422  970
e  174  324  767
e  174  272  684
e  175  212  459
e  175  241  391
e  175  232  266
e  175  202  227
e  176  202  718
e  176  188  266
e  177  185  686
e  177  222  392
e  177  199  894
e  177  194  797
e  178  256  176
e  178  191  600
e  179  207  339
e  179  212  767
e  180  204  667
e  180  228  234
e  180  198  802
e  181  200  227
e  181  187  721
e  182  187  392
e  182  185  227
e  183  201  668
e  183  225  953
e  183  216  227
e  184  193  234
e  185  189  392
e  186  208  227
e  187  189  227
e  188  209  718
e  188  206  391
e  188  190  515
e  189  200  721
e  189  205  259
e  189  215  727
e  189  230  681
e  189  229  894
e  189  222  686
e  190  192  391
e  191  287  176
e  191  320  234
e  191  251  898
e  192  206  515
e  192  226  718
e  192  217  88
e  193  197  176
e  194  195  894
e  195  199  797
e  195  204  901
e  196  197  162
e  196  221  234
e  197  235  234
e  197  234  357
e  198  221  234
e  199  227  392
e  199  214  901
e  200  203  259
e  201  217  953
e  202  209  266
e  203  208  727
e  203  205  721
e  204  214  797
e  204  240  392
e  204  238  234
e  205  210  727
e  206  220  718
e  207  248  708
e  207  242  767
e  208  211  662
e  208  210  721
e  209  232  227
e  209  220  391
e  210  218  662
e  210  215  259
e  211  216  681
e  211  218  721
e  212  242  339
e  212  259  391
e  213  251  741
e  213  261  26
e  214  231  392
e  215  224  681
e  216  239  953
e  216  219  721
e  217  237  718
e  217  225  668
e  218  219  681
e  219  243  953
e  219  223  259
e  220  236  227
e  220  226  515
e  221  228  802
e  221  235  162
e  222  227  894
e  223  224  662
e  223  250  953
e  224  275  953
e  224  276  894
e  224  230  727
e  225  244  718
e  225  239  227
e  226  237  88
e  227  229  686
e  227  231  901
e  228  238  667
e  228  247  162
e  229  253  681
e  229  233  901
e  230  253  894
e  231  233  686
e  231  246  234
e  231  240  797
e  232  236  391
e  233  258  681
e  233  249  234
e  234  252  30
e  235  247  802
e  235  262  207
e  236  241  266
e  236  270  459
e  236  268  88
e  237  269  227
e  237  291  459
e  237  277  227
e  237  244  668
e  238  245  392
e  238  266  162
e  239  254  718
e  239  243  721
e  240  245  234
e  241  259  459
e  242  257  708
e  242  308  391
e  243  260  718
e  243  250  259
e  244  254  227
e  245  246  797
e  245  267  686
e  245  274  162
e  246  249  686
e  247  266  667
e  247  284  207
e  248  257  767
e  249  273  681
e  249  267  797
e  250  279  718
e  250  290  894
e  250  275  662
e  251  333  234
e  251  367  392
e  251  345  26
e  252  255  142
e  253  276  727
e  253  282  953
e  253  258  901
e  254  277  668
e  254  260  721
e  255  256  207
e  256  265  234
e  256  287  600
e  257  271  668
e  257  328  391
e  258  283  953
e  258  273  234
e  259  308  339
e  259  307  88
e  259  270  266
e  260  310  668
e  260  317  459
e  260  279  259
e  261  345  741
e  261  416  392
e  261  347  113
e  262  263  142
e  262  284  802
e  263  264  30
e  263  289  667
e  264  265  357
e  264  297  667
e  264  302  392
e  265  312  392
e  265  296  600
e  266  274  392
e  266  286  207
e  267  325  681
e  267  303  162
e  268  269  515
e  268  278  459
e  269  281  459
e  270  278  88
e  271  315  671
e  271  379  391
e  272  315  767
e  273  292  953
e  273  341  207
e  273  329  162
e  273  325  797
e  274  303  686
e  274  293  207
e  275  280  894
e  276  280  953
e  277  300  459
e  277  310  721
e  278  307  266
e  278  342  339
e  278  314  227
e  278  281  515
e  279  359  459
e  279  331  234
e  279  309  894
e  280  290  662
e  280  285  901
e  280  282  727
e  281  306  227
e  281  291  227
e  282  283  901
e  283  285  727
e  283  292  234
e  284  286  667
e  285  295  234
e  286  293  392
e  286  288  142
e  287  296  234
e  288  289  802
e  288  294  392
e  289  298  392
e  289  297  30
e  290  309  718
e  290  304  234
e  291  300  227
e  292  295  727
e  292  351  718
e  292  349  207
e  293  316  686
e  293  294  142
e  294  323  686
e  294  301  30
e  294  298  802
e  295  305  662
e  295  330  718
e  296  318  392
e  296  334  898
e  296  320  176
e  297  299  392
e  298  299  30
e  299  301  802
e  299  321  600
e  299  302  667
e  300  306  227
e  300  313  721
e  301  335  686
e  301  339  600
e  302  312  357
e  303  327  681
e  303  316  207
e  304  305  901
e  304  311  718
e  305  319  718
e  306  314  515
e  306  338  721
e  307  326  339
e  308  328  708
e  308  326  88
e  309  311  234
e  310  313  459
e  311  331  894
e  311  391  459
e  311  319  901
e  312  318  600
e  313  338  227
e  313  317  668
e  314  346  339
e  314  364  721
e  315  324  684
e  315  381  391
e  316  332  681
e  316  323  142
e  317  369  227
e  317  418  234
e  317  359  259
e  318  322  667
e  318  344  898
e  319  402  459
e  319  426  207
e  319  330  662
e  320  333  898
e  321  322  357
e  321  339  802
e  321  371  898
e  322  354  898
e  323  336  681
e  323  335  30
e  324  467  970
e  324  413  227
e  324  404  391
e  325  327  162
e  326  343  708
e  326  352  227
e  326  342  266
e  327  329  797
e  327  332  207
e  328  379  668
e  328  383  671
e  328  343  88
e  329  337  207
e  330  403  207
e  330  351  727
e  331  372  459
e  332  337  797
e  332  336  142
e  333  334  176
e  333  355  392
e  334  344  392
e  335  348  681
e  335  356  600
e  336  340  797
e  336  357  953
e  336  348  30
e  337  341  162
e  337  350  953
e  337  340  142
e  338  364  515
e  338  378  339
e  338  369  668
e  339  356  686
e  339  368  681
e  339  374  898
e  340  353  953
e  341  349  953
e  342  346  227
e  343  388  671
e  343  360  227
e  344  354  667
e  344  355  176
e  345  387  392
e  346  352  266
e  346  363  708
e  346  370  721
e  347  425  392
e  348  361  953
e  348  362  600
e  349  373  718
e  349  358  142
e  349  350  162
e  350  353  142
e  351  373  207
e  352  360  708
e  353  358  162
e  353  385  718
e  353  365  30
e  353  357  797
e  354  371  357
e  354  382  681
e  354  409  953
e  354  414  26
e  354  397  176
e  355  397  667
e  355  396  26
e  355  367  234
e  356  362  681
e  357  361  30
e  358  375  718
e  359  372  234
e  360  395  671
e  360  420  721
e  360  363  266
e  361  365  797
e  361  366  600
e  362  366  953
e  362  380  898
e  362  368  686
e  363  386  721
e  364  370  339
e  365  400  718
e  365  390  600
e  366  390  797
e  366  415  718
e  366  384  898
e  367  387  26
e  368  376  898
e  369  419  339
e  369  428  234
e  370  386  708
e  370  378  515
e  371  374  802
e  371  377  681
e  372  418  259
e  372  438  227
e  372  459  339
e  372  391  894
e  373  403  727
e  373  375  142
e  374  376  681
e  375  412  727
e  375  385  162
e  376  380  686
e  376  389  953
e  376  377  802
e  377  393  953
e  377  382  357
e  378  410  708
e  378  419  668
e  379  381  671
e  380  384  953
e  381  404  684
e  381  392  88
e  381  383  668
e  382  394  953
e  383  388  88
e  384  417  718
e  384  398  357
e  384  389  686
e  385  437  727
e  385  400  30
e  386  420  266
e  386  435  671
e  386  470  234
e  386  410  515
e  387  396  234
e  387  431  113
e  387  416  741
e  388  392  668
e  388  395  227
e  389  393  802
e  390  406  718
e  391  472  339
e  391  402  901
e  392  405  684
e  392  401  227
e  393  394  357
e  394  399  686
e  394  427  26
e  394  409  681
e  395  401  668
e  395  439  684
e  395  429  721
e  396  408  667
e  396  444  953
e  396  441  113
e  397  408  26
e  398  399  802
e  398  436  718
e  399  446  718
e  399  445  26
e  400  450  727
e  400  406  600
e  401  407  684
e  402  486  339
e  402  453  207
e  403  426  662
e  403  412  142
e  404  411  227
e  404  405  88
e  405  407  227
e  406  458  727
e  406  423  898
e  406  415  797
e  407  411  88
e  407  421  391
e  407  508  970
e  407  448  721
e  407  439  668
e  408  414  176
e  408  430  953
e  409  424  26
e  410  454  234
e  410  434  668
e  411  413  391
e  412  433  662
e  412  437  162
e  413  473  970
e  413  421  88
e  414  424  953
e  415  417  898
e  416  425  113
e  417  423  797
e  417  481  26
e  417  436  357
e  418  428  227
e  419  434  708
e  419  432  234
e  420  429  671
e  421  499  970
e  422  467  767
e  423  471  727
e  423  515  459
e  423  502  26
e  424  427  681
e  424  430  176
e  425  431  741
e  425  455  953
e  425  476  707
e  426  453  459
e  426  433  142
e  427  445  686
e  427  464  718
e  427  468  113
e  427  440  176
e  428  432  339
e  428  438  259
e  429  442  684
e  429  435  266
e  430  440  681
e  430  451  113
e  430  444  667
e  431  441  234
e  431  452  953
e  432  443  708
e  432  447  259
e  433  461  459
e  434  443  234
e  435  466  684
e  435  474  234
e  436  465  26
e  436  446  802
e  437  450  30
e  438  447  339
e  439  442  721
e  440  460  113
e  441  449  953
e  442  448  668
e  442  466  266
e  443  454  668
e  443  501  671
e  443  462  259
e  444  449  113
e  445  457  718
e  446  457  26
e  447  462  708
e  447  459  227
e  448  518  970
e  448  510  234
e  448  490  266
e  449  451  667
e  449  456  741
e  449  452  234
e  450  458  600
e  451  460  681
e  451  463  741
e  452  455  741
e  453  521  339
e  453  461  142
e  454  470  515
e  454  489  671
e  455  456  234
e  455  478  681
e  455  497  707
e  456  463  667
e  457  465  802
e  457  480  113
e  457  464  686
e  458  485  459
e  458  471  898
e  459  472  894
e  460  468  176
e  460  479  718
e  460  469  741
e  461  535  339
e  461  482  600
e  462  505  671
e  462  487  894
e  463  469  681
e  464  475  113
e  465  481  357
e  465  534  797
e  465  513  113
e  466  490  668
e  466  495  234
e  467  473  227
e  468  475  718
e  469  496  718
e  469  477  234
e  470  474  671
e  471  494  459
e  472  488  708
e  472  486  901
e  473  493  930
e  473  499  88
e  474  495  684
e  474  489  515
e  475  480  686
e  475  479  176
e  476  497  953
e  477  478  667
e  477  511  718
e  478  514  718
e  478  520  707
e  479  496  741
e  480  513  802
e  480  564  459
e  480  522  741
e  481  502  797
e  482  483  30
e  482  556  339
e  482  525  898
e  483  484  162
e  483  512  898
e  484  485  662
e  484  500  898
e  485  494  898
e  486  498  708
e  486  521  207
e  487  488  227
e  487  516  671
e  487  503  901
e  488  498  901
e  489  517  684
e  489  501  668
e  490  504  234
e  491  492  767
e  491  656  234
e  491  540  88
e  492  493  670
e  492  509  88
e  493  506  88
e  494  500  662
e  494  533  26
e  494  515  727
e  495  504  668
e  495  547  259
e  495  517  515
e  496  523  686
e  496  563  707
e  496  511  234
e  497  520  681
e  497  544  718
e  497  507  392
e  498  503  227
e  498  531  207
e  499  506  930
e  499  508  391
e  500  512  162
e  500  574  339
e  500  555  26
e  501  526  684
e  501  505  259
e  502  524  459
e  502  539  113
e  502  534  357
e  503  527  671
e  503  552  207
e  504  510  266
e  504  586  970
e  504  600  894
e  504  559  259
e  505  529  684
e  505  516  894
e  506  509  670
e  506  519  391
e  507  589  718
e  508  519  930
e  508  518  721
e  509  540  767
e  509  548  721
e  509  532  391
e  510  549  970
e  511  545  707
e  511  514  667
e  512  525  30
e  512  565  339
e  513  538  797
e  513  550  459
e  514  530  707
e  515  524  26
e  516  542  684
e  516  527  901
e  517  536  259
e  517  526  668
e  518  528  930
e  518  549  234
e  519  532  670
e  519  528  721
e  520  530  718
e  521  531  708
e  521  535  142
e  522  523  176
e  522  580  459
e  523  595  459
e  523  597  707
e  524  533  727
e  524  543  113
e  525  557  339
e  526  529  259
e  527  551  684
e  527  554  207
e  528  537  670
e  528  553  234
e  529  536  668
e  529  542  894
e  530  545  667
e  530  671  459
e  530  707  392
e  530  544  681
e  531  552  227
e  531  541  142
e  532  537  721
e  533  555  662
e  533  558  113
e  534  538  113
e  535  541  708
e  535  556  600
e  536  547  515
e  537  548  391
e  537  561  234
e  538  539  357
e  538  546  459
e  539  543  459
e  540  652  234
e  540  577  721
e  541  568  671
e  541  566  898
e  541  560  600
e  542  570  515
e  542  576  668
e  542  551  901
e  543  558  727
e  543  546  357
e  544  589  392
e  545  563  234
e  545  634  459
e  546  587  727
e  546  550  797
e  547  559  668
e  547  569  894
e  548  577  767
e  548  593  234
e  549  553  930
e  549  586  266
e  550  635  741
e  550  564  802
e  551  579  668
e  551  575  207
e  552  554  671
e  553  561  670
e  553  627  894
e  553  601  266
e  554  575  684
e  554  567  142
e  555  590  339
e  555  581  113
e  556  560  708
e  556  557  898
e  557  562  708
e  557  565  30
e  558  581  662
e  558  644  339
e  558  587  357
e  559  571  894
e  560  562  898
e  561  593  391
e  561  622  767
e  561  720  207
e  561  632  894
e  562  566  600
e  562  585  671
e  562  572  30
e  563  597  686
e  563  619  459
e  564  580  741
e  565  572  708
e  565  574  162
e  566  582  671
e  567  568  227
e  567  584  684
e  567  591  898
e  568  582  898
e  569  570  668
e  569  571  668
e  570  573  668
e  571  600  259
e  571  607  970
e  571  588  901
e  571  573  668
e  572  592  671
e  572  578  162
e  573  583  901
e  573  576  515
e  574  578  708
e  574  590  26
e  575  599  668
e  575  584  142
e  576  579  901
e  577  602  234
e  578  605  671
e  578  594  26
e  579  583  515
e  579  599  207
e  580  635  802
e  580  679  727
e  580  699  339
e  580  678  707
e  580  595  176
e  581  603  339
e  582  591  227
e  582  585  600
e  583  588  668
e  583  612  207
e  584  615  668
e  584  598  898
e  585  596  227
e  585  592  30
e  586  601  930
e  586  606  894
e  587  647  339
e  587  660  741
e  588  613  970
e  588  621  207
e  589  707  681
e  589  781  459
e  589  903  953
e  590  594  708
e  590  603  113
e  591  598  684
e  591  596  600
e  592  611  227
e  592  620  684
e  592  605  162
e  593  602  767
e  594  610  671
e  594  608  113
e  595  609  707
e  596  604  684
e  596  611  30
e  597  609  459
e  598  629  668
e  598  604  600
e  599  612  515
e  599  615  142
e  600  606  970
e  601  614  894
e  602  652  721
e  602  666  88
e  602  771  207
e  602  622  391
e  603  608  708
e  603  644  662
e  604  641  668
e  604  617  30
e  605  628  684
e  605  610  26
e  606  614  930
e  606  607  259
e  607  616  930
e  607  613  901
e  608  623  671
e  608  662  357
e  608  648  662
e  609  678  176
e  609  723  708
e  609  708  234
e  609  619  686
e  610  630  684
e  610  623  113
e  611  617  684
e  612  621  668
e  612  625  970
e  612  631  142
e  613  618  930
e  613  624  207
e  614  627  266
e  614  640  670
e  614  616  259
e  615  631  515
e  615  638  970
e  615  629  898
e  616  642  670
e  616  618  901
e  617  668  668
e  617  636  26
e  617  620  227
e  618  646  670
e  618  626  207
e  619  634  234
e  620  628  162
e  621  624  970
e  622  738  207
e  623  645  684
e  623  681  357
e  624  626  930
e  624  625  668
e  625  639  930
e  625  633  142
e  626  653  670
e  626  650  142
e  626  639  668
e  627  632  670
e  628  630  26
e  629  649  970
e  629  641  600
e  630  637  227
e  630  645  113
e  631  633  970
e  632  682  207
e  632  665  901
e  632  651  259
e  632  640  266
e  633  643  930
e  633  638  515
e  634  708  686
e  634  778  708
e  634  671  667
e  635  661  727
e  636  637  162
e  636  674  668
e  636  673  113
e  637  657  113
e  638  658  930
e  638  649  898
e  639  643  142
e  640  642  259
e  641  663  970
e  641  668  30
e  642  651  266
e  642  646  901
e  643  650  668
e  643  664  898
e  643  658  515
e  644  648  708
e  644  647  357
e  645  657  227
e  645  749  970
e  645  714  357
e  646  655  266
e  646  653  207
e  647  654  708
e  647  680  741
e  648  654  357
e  649  659  930
e  649  663  600
e  650  670  670
e  650  676  898
e  651  655  901
e  652  656  88
e  653  667  266
e  653  670  142
e  654  662  662
e  654  690  671
e  654  684  741
e  655  665  259
e  655  667  207
e  656  862  227
e  656  908  113
e  656  880  898
e  656  666  721
e  657  673  162
e  657  698  668
e  657  715  970
e  658  659  898
e  659  664  515
e  659  669  600
e  660  661  797
e  660  680  339
e  661  689  339
e  661  679  802
e  662  681  671
e  663  669  930
e  663  677  30
e  664  676  668
e  664  686  670
e  664  675  600
e  665  672  207
e  666  861  898
e  666  839  207
e  667  672  259
e  667  691  142
e  668  677  970
e  668  674  26
e  669  675  515
e  669  687  30
e  670  691  266
e  670  683  898
e  671  806  708
e  671  830  671
e  671  763  392
e  672  682  901
e  672  719  142
e  673  688  668
e  674  685  970
e  674  688  113
e  675  696  670
e  676  683  670
e  677  687  930
e  677  685  26
e  678  710  708
e  679  694  339
e  680  684  708
e  680  689  797
e  681  714  684
e  681  713  741
e  681  690  662
e  682  720  894
e  682  748  767
e  682  740  142
e  683  705  266
e  683  704  600
e  683  686  668
e  684  703  671
e  684  692  797
e  685  693  930
e  685  695  113
e  686  696  600
e  687  693  26
e  688  695  970
e  688  698  162
e  689  692  708
e  689  694  802
e  690  703  741
e  691  719  259
e  691  705  898
e  692  697  802
e  693  718  670
e  693  700  113
e  694  697  708
e  694  699  727
e  695  700  930
e  695  702  162
e  696  704  668
e  696  716  26
e  697  712  671
e  697  701  727
e  698  702  970
e  699  701  708
e  700  721  670
e  700  706  162
e  701  726  671
e  701  709  707
e  702  706  930
e  702  715  668
e  703  713  662
e  703  735  684
e  703  711  802
e  704  725  266
e  704  731  26
e  705  730  259
e  705  725  600
e  706  733  670
e  706  776  357
e  706  736  668
e  707  763  459
e  708  767  708
e  709  710  339
e  709  727  671
e  709  724  176
e  710  723  176
e  711  712  797
e  711  741  684
e  712  743  684
e  712  729  707
e  712  726  727
e  713  728  684
e  714  753  970
e  714  728  741
e  715  736  930
e  715  757  357
e  715  749  227
e  716  717  30
e  716  731  668
e  716  732  113
e  717  718  515
e  717  722  113
e  718  721  113
e  719  740  901
e  719  730  898
e  720  738  767
e  721  722  515
e  721  733  162
e  722  732  30
e  722  739  668
e  722  750  162
e  723  724  339
e  723  767  234
e  724  734  671
e  724  772  234
e  725  758  259
e  725  742  26
e  726  727  707
e  727  729  727
e  727  734  176
e  728  761  970
e  728  764  707
e  728  735  662
e  729  745  684
e  729  755  176
e  730  747  901
e  730  759  767
e  730  758  600
e  731  742  266
e  731  737  113
e  732  737  668
e  733  750  515
e  733  804  741
e  733  798  357
e  734  755  727
e  734  769  684
e  734  777  234
e  735  756  707
e  735  741  802
e  736  762  357
e  737  744  266
e  737  739  30
e  738  771  391
e  738  768  898
e  738  748  894
e  739  754  266
e  739  796  162
e  740  751  767
e  740  747  898
e  741  746  707
e  741  743  797
e  742  744  113
e  743  745  707
e  744  785  259
e  744  797  767
e  744  754  30
e  745  746  797
e  745  795  970
e  745  766  176
e  746  756  802
e  746  773  662
e  746  793  970
e  747  752  767
e  748  760  898
e  748  751  142
e  749  753  357
e  750  796  668
e  750  834  266
e  750  850  741
e  751  752  898
e  752  760  142
e  752  775  894
e  752  809  391
e  752  816  113
e  752  759  901
e  753  757  227
e  753  765  930
e  753  761  741
e  754  815  767
e  754  808  162
e  755  766  684
e  756  764  662
e  757  762  930
e  758  779  767
e  758  784  113
e  759  779  600
e  760  768  894
e  761  770  930
e  761  783  707
e  762  776  668
e  762  774  741
e  762  765  227
e  763  864  671
e  763  781  681
e  764  783  970
e  764  773  802
e  765  770  741
e  766  807  970
e  766  769  727
e  767  772  339
e  767  778  686
e  768  787  391
e  768  775  142
e  769  822  970
e  769  812  234
e  770  774  227
e  770  788  707
e  771  839  88
e  771  787  898
e  772  777  671
e  772  782  686
e  773  790  970
e  774  780  668
e  774  803  707
e  775  792  391
e  776  798  670
e  776  780  741
e  777  812  684
e  777  786  686
e  778  782  339
e  778  800  671
e  778  806  667
e  779  789  113
e  780  799  670
e  780  805  707
e  781  884  671
e  781  957  953
e  782  786  671
e  783  788  930
e  783  790  802
e  784  785  26
e  784  789  767
e  785  791  767
e  786  828  684
e  786  811  667
e  786  800  339
e  787  846  88
e  787  853  113
e  787  792  142
e  788  803  227
e  788  814  668
e  788  794  802
e  789  817  901
e  789  823  391
e  789  791  26
e  790  794  930
e  790  793  662
e  791  824  391
e  791  835  30
e  791  797  259
e  792  827  113
e  792  809  894
e  793  795  797
e  794  821  668
e  794  801  797
e  795  802  930
e  795  807  176
e  796  808  266
e  797  815  30
e  798  799  741
e  799  804  357
e  799  859  515
e  799  818  707
e  800  810  667
e  801  802  662
e  801  832  668
e  801  831  176
e  802  813  176
e  803  805  668
e  804  850  515
e  805  818  670
e  805  826  802
e  805  814  227
e  806  810  671
e  807  813  930
e  807  822  727
e  808  851  767
e  808  878  741
e  808  834  668
e  809  819  113
e  810  811  339
e  810  871  392
e  810  830  708
e  811  844  684
e  811  876  392
e  812  840  970
e  812  828  686
e  813  831  662
e  813  841  668
e  813  868  670
e  813  829  727
e  814  821  802
e  815  835  259
e  815  889  391
e  815  851  162
e  816  817  600
e  816  819  391
e  817  820  391
e  818  865  515
e  818  833  802
e  819  827  894
e  819  820  600
e  820  825  26
e  820  823  901
e  821  826  227
e  821  832  797
e  822  829  930
e  822  840  234
e  823  824  26
e  824  825  901
e  824  855  30
e  825  837  894
e  825  913  88
e  825  914  30
e  826  833  670
e  827  853  142
e  827  860  88
e  827  836  26
e  828  852  970
e  828  844  667
e  829  869  670
e  829  845  234
e  830  864  392
e  831  838  668
e  832  843  670
e  832  838  176
e  833  911  515
e  833  858  176
e  833  842  797
e  834  872  741
e  835  855  391
e  836  837  600
e  836  866  88
e  837  874  88
e  838  847  670
e  838  841  662
e  839  846  898
e  840  845  930
e  840  852  686
e  841  849  670
e  842  843  227
e  842  848  176
e  843  847  176
e  844  863  970
e  844  891  392
e  845  873  670
e  845  854  686
e  846  861  207
e  846  882  721
e  846  856  113
e  847  848  227
e  847  849  662
e  848  858  797
e  848  930  515
e  848  926  234
e  848  857  662
e  849  857  227
e  849  888  234
e  849  870  727
e  849  868  668
e  850  872  266
e  850  877  707
e  850  859  357
e  851  896  391
e  851  886  741
e  852  854  930
e  852  863  667
e  853  856  88
e  854  890  670
e  854  867  667
e  855  914  901
e  855  917  88
e  855  907  162
e  855  889  259
e  856  883  721
e  856  879  26
e  856  860  142
e  857  895  234
e  858  918  515
e  859  865  707
e  860  866  26
e  861  880  721
e  862  925  113
e  863  867  930
e  863  902  392
e  864  871  708
e  864  884  681
e  865  877  357
e  865  887  266
e  865  911  802
e  866  879  142
e  866  912  721
e  866  874  600
e  867  897  670
e  867  904  392
e  868  869  727
e  869  870  668
e  869  873  234
e  870  875  234
e  871  876  339
e  871  894  681
e  872  878  668
e  872  881  707
e  873  875  668
e  873  890  686
e  874  920  721
e  874  919  30
e  874  913  894
e  875  888  727
e  875  905  227
e  875  898  686
e  876  891  684
e  876  910  681
e  877  881  266
e  878  886  767
e  878  892  707
e  879  899  721
e  880  885  113
e  880  882  207
e  881  892  668
e  881  887  357
e  882  883  113
e  883  885  207
e  883  899  26
e  884  894  708
e  884  958  970
e  884  966  953
e  885  908  898
e  885  932  227
e  885  921  26
e  886  924  391
e  886  893  707
e  887  900  668
e  887  906  767
e  887  927  802
e  888  895  227
e  889  896  162
e  890  898  668
e  890  897  667
e  891  902  970
e  891  916  681
e  892  893  767
e  892  900  357
e  893  928  391
e  893  901  357
e  894  910  339
e  894  935  684
e  894  941  970
e  895  926  662
e  895  905  727
e  896  907  259
e  896  924  741
e  897  909  668
e  897  933  392
e  898  929  227
e  898  909  667
e  899  921  207
e  899  949  227
e  899  912  142
e  900  901  767
e  901  946  391
e  901  948  802
e  901  906  668
e  902  904  930
e  902  922  681
e  903  957  459
e  904  933  670
e  904  923  681
e  905  929  686
e  906  931  802
e  907  953  88
e  907  939  741
e  908  925  227
e  909  937  227
e  909  950  392
e  910  916  684
e  911  927  266
e  911  918  176
e  912  964  227
e  912  920  600
e  913  915  30
e  914  915  88
e  915  919  894
e  915  917  901
e  916  922  970
e  916  935  339
e  917  953  162
e  918  934  266
e  918  943  767
e  918  930  797
e  919  963  721
e  920  965  227
e  920  963  30
e  921  940  227
e  922  923  930
e  922  938  339
e  923  955  670
e  923  942  339
e  924  939  259
e  924  928  707
e  925  954  234
e  925  932  898
e  926  956  515
e  927  931  767
e  927  934  176
e  928  945  259
e  928  946  357
e  929  937  667
e  930  947  767
e  930  956  234
e  931  948  668
e  931  936  176
e  932  940  26
e  933  950  668
e  933  955  681
e  934  936  767
e  935  938  970
e  936  952  668
e  936  951  797
e  936  943  266
e  938  942  930
e  938  941  684
e  939  960  88
e  939  945  707
e  940  949  207
e  941  944  930
e  941  958  708
e  942  944  684
e  943  947  797
e  944  959  708
e  945  962  88
e  947  951  266
e  947  961  234
e  948  952  176
e  949  964  142
e  951  967  234
e  953  960  741
e  956  961  767
e  957  966  671
e  958  959  930
e  960  962  707
e  961  967  266
e  964  965  600
