p   edge 317  603
e  0  200  86
e  0  179  91
e  0  29  6
e  0  25  429
e  1  2  86
e  1  31  448
e  1  159  209
e  1  181  429
e  2  3  124
e  2  28  448
e  3  4  448
e  4  5  737
e  4  50  209
e  4  43  86
e  4  28  124
e  5  6  2
e  5  40  209
e  6  7  278
e  6  34  209
e  7  8  209
e  8  9  696
e  8  34  278
e  9  10  155
e  9  39  278
e  10  11  254
e  10  38  598
e  10  67  2
e  10  64  278
e  11  12  759
e  11  36  598
e  12  13  523
e  12  33  598
e  13  14  91
e  13  26  598
e  14  15  598
e  15  16  529
e  15  26  91
e  16  17  612
e  16  32  91
e  17  18  362
e  17  42  821
e  17  35  91
e  18  19  821
e  19  20  569
e  19  27  714
e  19  42  362
e  20  21  714
e  21  22  926
e  21  27  569
e  22  23  182
e  22  48  429
e  22  30  569
e  23  24  17
e  23  37  429
e  24  25  6
e  24  29  429
e  26  32  529
e  26  33  523
e  27  30  926
e  27  53  362
e  28  31  86
e  29  151  569
e  29  37  17
e  30  51  429
e  30  68  91
e  30  54  362
e  31  43  124
e  31  58  209
e  32  35  612
e  32  41  523
e  33  41  529
e  33  36  759
e  34  39  696
e  34  40  2
e  35  52  821
e  35  49  523
e  36  44  529
e  36  38  254
e  37  57  569
e  37  48  182
e  38  46  529
e  38  70  2
e  39  64  155
e  39  45  2
e  40  45  696
e  40  50  737
e  41  49  612
e  41  47  254
e  41  44  759
e  42  53  714
e  42  60  926
e  42  52  91
e  43  55  209
e  44  46  254
e  45  65  155
e  45  71  86
e  45  63  737
e  46  47  759
e  46  59  612
e  46  73  2
e  47  56  612
e  48  51  569
e  49  56  254
e  50  63  696
e  50  55  86
e  51  57  182
e  51  79  91
e  52  61  926
e  52  74  254
e  53  54  926
e  54  62  91
e  54  60  714
e  55  66  696
e  55  58  124
e  56  75  821
e  56  59  759
e  57  151  17
e  57  111  91
e  58  69  696
e  58  153  529
e  58  159  448
e  59  87  821
e  59  99  926
e  59  88  2
e  60  61  91
e  61  62  714
e  61  77  254
e  62  68  362
e  62  91  429
e  62  84  254
e  63  66  86
e  64  65  2
e  65  67  278
e  65  72  598
e  65  76  86
e  66  71  737
e  66  82  155
e  66  89  598
e  66  69  124
e  67  70  598
e  68  79  429
e  69  93  598
e  69  131  529
e  70  73  529
e  70  72  278
e  71  76  155
e  72  80  529
e  72  81  86
e  73  88  612
e  73  96  86
e  73  80  278
e  74  75  523
e  74  77  926
e  75  78  926
e  75  87  759
e  76  81  598
e  76  82  737
e  77  84  714
e  77  78  523
e  78  85  714
e  78  90  759
e  79  111  182
e  79  121  254
e  79  91  362
e  80  86  86
e  81  86  529
e  81  83  737
e  82  83  598
e  83  92  529
e  83  94  124
e  83  89  155
e  84  100  429
e  84  85  523
e  85  104  429
e  85  95  759
e  86  96  278
e  86  101  612
e  86  92  737
e  87  90  926
e  88  102  926
e  88  98  86
e  89  93  124
e  90  95  714
e  90  103  2
e  90  99  821
e  91  100  254
e  92  106  612
e  92  97  124
e  93  94  155
e  93  105  529
e  94  97  529
e  95  110  429
e  95  107  2
e  96  98  612
e  97  114  612
e  97  132  926
e  97  105  155
e  98  108  926
e  98  101  278
e  99  102  2
e  100  121  362
e  100  104  523
e  101  112  926
e  101  106  737
e  102  103  821
e  102  108  86
e  103  107  714
e  103  109  86
e  104  134  362
e  104  120  2
e  104  110  759
e  105  137  926
e  105  160  429
e  105  131  598
e  106  115  926
e  106  114  124
e  107  113  429
e  107  117  86
e  108  109  821
e  108  112  278
e  109  117  714
e  109  116  278
e  110  113  2
e  111  162  17
e  111  178  86
e  111  154  2
e  111  138  254
e  112  116  821
e  112  115  737
e  113  120  759
e  113  119  86
e  114  122  926
e  115  118  821
e  115  122  124
e  116  123  714
e  116  118  737
e  117  119  429
e  117  123  278
e  118  125  714
e  118  124  124
e  119  133  759
e  119  126  737
e  120  135  362
e  120  133  86
e  121  138  182
e  121  136  2
e  121  134  523
e  122  124  821
e  122  140  429
e  122  132  612
e  123  125  737
e  124  128  714
e  124  130  429
e  125  127  429
e  125  128  124
e  126  127  278
e  126  152  759
e  126  161  362
e  126  164  182
e  126  150  124
e  127  129  124
e  128  129  429
e  129  150  278
e  129  172  182
e  129  155  155
e  129  130  714
e  130  147  155
e  130  140  821
e  131  165  429
e  131  153  696
e  132  142  429
e  132  137  155
e  133  139  362
e  133  152  737
e  134  135  2
e  135  136  523
e  135  139  86
e  136  141  182
e  136  144  86
e  137  143  429
e  138  141  2
e  139  144  523
e  139  148  182
e  139  156  737
e  140  145  155
e  140  142  612
e  141  154  254
e  141  146  86
e  142  143  155
e  143  145  612
e  143  149  821
e  143  175  696
e  143  168  598
e  143  160  926
e  144  146  182
e  145  147  821
e  146  158  254
e  146  196  17
e  146  185  737
e  146  148  523
e  147  155  714
e  147  149  612
e  148  157  737
e  149  176  714
e  149  198  448
e  149  195  696
e  150  166  182
e  151  162  91
e  152  156  362
e  153  169  429
e  154  158  86
e  155  226  182
e  155  210  448
e  155  176  612
e  156  157  182
e  156  161  759
e  157  185  523
e  157  170  124
e  157  163  759
e  158  178  2
e  158  184  17
e  159  174  429
e  160  165  598
e  161  163  182
e  162  180  6
e  162  183  86
e  163  167  124
e  163  164  362
e  164  166  124
e  165  168  926
e  165  169  696
e  166  167  362
e  166  172  278
e  167  170  759
e  167  177  278
e  168  171  696
e  169  171  926
e  169  173  448
e  170  199  523
e  170  214  17
e  170  192  278
e  171  175  598
e  171  182  448
e  172  177  362
e  172  237  448
e  172  226  155
e  173  174  529
e  173  182  926
e  173  186  209
e  174  181  209
e  175  195  821
e  175  191  448
e  176  202  448
e  177  192  759
e  177  225  17
e  177  238  6
e  177  242  448
e  178  183  17
e  179  180  569
e  179  193  86
e  180  189  86
e  181  186  529
e  181  188  926
e  181  304  6
e  182  191  598
e  182  206  821
e  182  187  209
e  183  189  6
e  183  184  2
e  184  190  6
e  184  196  254
e  185  203  17
e  185  199  124
e  186  187  926
e  187  209  821
e  187  188  529
e  188  233  821
e  188  261  714
e  188  282  182
e  188  290  6
e  189  193  569
e  189  190  2
e  190  194  569
e  190  201  254
e  191  197  821
e  192  220  17
e  193  200  91
e  193  194  2
e  194  204  91
e  194  219  737
e  194  213  254
e  195  197  448
e  196  201  6
e  196  203  737
e  197  198  696
e  197  205  714
e  197  212  209
e  197  206  598
e  198  202  714
e  199  208  17
e  200  286  124
e  200  204  2
e  201  213  569
e  201  207  737
e  202  210  612
e  202  205  696
e  203  207  6
e  203  208  124
e  204  263  124
e  204  229  737
e  205  222  612
e  205  216  209
e  206  209  209
e  207  215  569
e  207  211  124
e  208  211  6
e  208  214  523
e  209  212  598
e  209  217  714
e  209  233  529
e  210  231  182
e  210  222  696
e  211  221  569
e  211  228  278
e  211  218  523
e  212  216  714
e  213  215  737
e  214  218  6
e  214  220  278
e  215  219  254
e  215  221  124
e  216  232  612
e  216  250  182
e  216  217  598
e  217  251  182
e  217  236  529
e  218  223  278
e  219  229  91
e  219  224  124
e  220  223  6
e  220  225  759
e  221  224  254
e  221  252  91
e  221  230  278
e  222  239  182
e  222  232  209
e  223  228  523
e  223  234  569
e  223  227  759
e  224  235  91
e  225  227  6
e  226  231  448
e  227  241  569
e  227  244  448
e  227  238  17
e  228  230  569
e  229  235  124
e  230  258  91
e  230  271  448
e  230  234  523
e  231  237  155
e  231  247  6
e  231  239  696
e  232  240  182
e  233  236  714
e  234  266  448
e  234  241  759
e  235  263  737
e  235  299  2
e  235  288  448
e  235  260  278
e  235  252  254
e  236  267  182
e  236  261  821
e  237  242  362
e  237  245  6
e  238  243  448
e  239  253  6
e  239  240  209
e  240  256  6
e  240  255  598
e  240  250  612
e  241  254  448
e  242  243  6
e  243  244  17
e  243  245  362
e  244  254  569
e  244  249  155
e  244  246  362
e  245  246  17
e  245  247  155
e  246  248  155
e  247  248  17
e  247  253  696
e  248  249  362
e  248  257  696
e  249  264  569
e  249  262  696
e  250  251  598
e  251  255  612
e  251  269  6
e  251  267  529
e  252  258  278
e  253  257  17
e  253  256  209
e  254  266  759
e  254  293  209
e  254  264  155
e  255  268  6
e  256  259  17
e  256  268  598
e  257  262  362
e  257  259  209
e  258  260  254
e  258  276  448
e  259  265  362
e  259  281  569
e  259  270  598
e  260  279  448
e  261  280  182
e  262  272  569
e  262  265  209
e  263  286  2
e  264  277  209
e  264  272  696
e  265  274  569
e  266  271  523
e  266  289  91
e  266  296  209
e  267  275  6
e  267  280  821
e  268  270  17
e  268  269  612
e  269  273  17
e  269  275  529
e  270  283  569
e  270  273  612
e  271  276  91
e  272  274  209
e  273  292  569
e  273  278  529
e  274  277  696
e  274  301  91
e  274  285  598
e  274  281  362
e  275  278  17
e  275  284  821
e  276  279  254
e  276  303  209
e  276  289  523
e  277  293  155
e  277  300  91
e  278  295  569
e  278  291  821
e  279  288  278
e  279  314  209
e  280  284  6
e  280  282  714
e  281  283  598
e  282  287  6
e  283  285  362
e  283  292  612
e  284  291  17
e  284  287  714
e  285  307  612
e  286  299  737
e  287  294  17
e  287  310  926
e  287  290  182
e  288  316  2
e  289  297  209
e  290  304  926
e  291  294  714
e  292  307  362
e  292  295  529
e  293  296  759
e  293  298  91
e  294  311  926
e  295  312  362
e  296  297  91
e  297  303  523
e  297  306  696
e  297  302  155
e  297  298  759
e  298  300  155
e  299  316  448
e  300  302  759
e  300  301  696
e  301  305  759
e  302  305  696
e  303  314  254
e  303  308  696
e  304  310  182
e  304  313  17
e  305  306  155
e  305  309  523
e  306  308  523
e  307  312  529
e  308  315  254
e  308  309  155
e  310  311  17
e  311  313  182
e  314  315  696
