p   edge 1202  2316
e  0  1134  819
e  0  689  238
e  0  543  92
e  0  50  785
e  1  2  182
e  1  165  417
e  1  485  430
e  1  584  332
e  1  1144  709
e  1  1189  785
e  2  3  819
e  2  151  417
e  3  4  275
e  3  71  417
e  4  5  238
e  4  64  417
e  5  6  417
e  6  7  562
e  6  81  911
e  6  64  238
e  7  8  907
e  7  72  911
e  8  9  944
e  8  65  911
e  9  10  911
e  10  11  325
e  10  65  944
e  11  12  116
e  11  114  238
e  11  93  944
e  12  13  185
e  12  119  238
e  13  14  656
e  13  140  238
e  14  15  497
e  14  128  430
e  14  171  238
e  15  16  701
e  15  96  904
e  15  120  430
e  16  17  904
e  17  18  723
e  17  87  430
e  17  96  701
e  18  19  513
e  18  62  375
e  18  69  430
e  19  20  375
e  20  21  946
e  20  56  430
e  20  62  513
e  21  22  430
e  22  23  534
e  22  56  946
e  23  24  103
e  23  85  68
e  23  74  946
e  24  25  68
e  25  26  392
e  25  109  70
e  25  174  132
e  25  207  279
e  25  205  513
e  25  85  103
e  26  27  415
e  26  82  70
e  27  28  538
e  27  70  70
e  28  29  70
e  29  30  623
e  29  83  132
e  29  101  415
e  29  70  538
e  30  31  314
e  30  57  132
e  31  32  245
e  31  52  132
e  32  33  132
e  33  34  179
e  33  52  245
e  34  35  557
e  34  60  946
e  34  54  245
e  35  36  946
e  36  37  218
e  36  55  279
e  36  63  245
e  36  60  557
e  37  38  208
e  37  51  279
e  38  39  279
e  39  40  815
e  39  99  708
e  39  51  208
e  40  41  614
e  40  94  708
e  41  42  692
e  41  76  708
e  42  43  708
e  43  44  92
e  43  53  384
e  43  90  332
e  43  76  692
e  44  45  384
e  45  46  680
e  45  53  92
e  46  47  332
e  46  58  92
e  47  48  465
e  47  67  92
e  48  49  709
e  48  75  92
e  49  50  112
e  49  80  92
e  50  158  92
e  51  134  708
e  51  125  245
e  51  55  218
e  52  54  179
e  52  57  314
e  53  58  680
e  53  79  332
e  54  61  946
e  54  59  314
e  55  73  245
e  56  74  534
e  56  66  513
e  57  59  179
e  57  83  623
e  58  67  332
e  59  68  946
e  59  88  623
e  60  61  245
e  61  63  557
e  61  68  314
e  62  66  430
e  63  73  279
e  64  86  911
e  64  71  275
e  65  93  325
e  65  100  238
e  65  89  562
e  65  72  907
e  66  84  534
e  66  169  701
e  66  121  723
e  66  69  375
e  67  75  465
e  67  102  709
e  67  79  680
e  68  78  279
e  68  91  623
e  69  87  723
e  70  82  415
e  71  98  911
e  71  151  819
e  72  81  562
e  73  125  218
e  73  159  332
e  73  77  314
e  74  107  68
e  74  84  513
e  75  80  709
e  76  92  332
e  76  94  614
e  77  78  557
e  77  172  332
e  77  195  415
e  78  155  415
e  78  104  623
e  79  115  709
e  79  97  692
e  79  90  384
e  80  158  112
e  80  170  614
e  80  144  692
e  80  127  680
e  80  102  465
e  81  89  907
e  81  86  238
e  82  101  538
e  82  112  132
e  82  109  392
e  83  88  179
e  83  110  415
e  84  108  68
e  84  173  701
e  85  122  513
e  85  107  946
e  86  95  907
e  86  118  325
e  86  98  275
e  87  121  375
e  87  106  701
e  88  91  946
e  88  116  415
e  89  95  238
e  90  92  692
e  91  104  279
e  91  117  415
e  92  97  384
e  92  111  614
e  93  103  238
e  94  111  332
e  94  99  815
e  95  100  562
e  95  105  325
e  96  106  430
e  97  131  709
e  97  126  614
e  98  135  325
e  98  200  819
e  99  113  332
e  99  134  208
e  100  103  325
e  101  110  132
e  102  115  680
e  103  114  944
e  103  137  116
e  103  105  562
e  104  129  415
e  105  142  116
e  105  141  275
e  105  118  907
e  106  146  375
e  106  132  497
e  106  120  904
e  107  108  513
e  108  122  946
e  108  235  279
e  108  240  497
e  108  180  701
e  109  147  132
e  110  116  179
e  110  112  538
e  111  126  384
e  111  113  815
e  112  124  946
e  112  147  392
e  113  130  384
e  113  138  208
e  114  119  116
e  115  127  465
e  115  131  692
e  116  117  946
e  117  129  279
e  117  123  538
e  118  135  275
e  119  140  185
e  119  152  562
e  119  137  944
e  120  128  497
e  121  146  701
e  122  205  103
e  122  225  279
e  123  124  179
e  123  133  279
e  124  154  279
e  124  153  392
e  125  149  708
e  125  156  332
e  126  139  709
e  126  130  815
e  127  136  692
e  128  132  904
e  128  188  238
e  129  155  623
e  129  133  538
e  130  143  709
e  130  161  208
e  131  136  465
e  131  139  614
e  132  168  375
e  132  219  238
e  133  185  623
e  133  221  332
e  133  163  392
e  133  154  179
e  134  138  332
e  134  149  245
e  135  141  907
e  135  201  116
e  135  259  430
e  135  254  819
e  136  144  680
e  136  145  614
e  137  142  562
e  138  161  384
e  138  150  245
e  139  145  465
e  139  143  815
e  140  171  656
e  140  198  430
e  140  203  275
e  140  182  562
e  141  166  116
e  142  152  944
e  142  166  275
e  143  148  465
e  143  167  208
e  144  157  614
e  145  157  680
e  145  148  815
e  146  169  723
e  146  183  534
e  146  168  497
e  147  153  946
e  147  174  70
e  148  164  680
e  148  176  208
e  149  150  332
e  150  175  384
e  150  186  709
e  150  162  218
e  150  156  708
e  151  200  911
e  151  165  182
e  152  182  185
e  152  181  275
e  153  160  279
e  153  179  70
e  154  160  392
e  155  195  557
e  155  209  332
e  155  185  538
e  156  159  218
e  157  170  692
e  157  164  815
e  158  543  785
e  158  514  245
e  158  320  614
e  159  162  708
e  159  172  314
e  160  163  179
e  160  184  70
e  161  167  709
e  161  175  245
e  162  194  709
e  162  178  314
e  163  234  332
e  163  263  513
e  163  208  70
e  164  187  692
e  164  197  208
e  165  215  911
e  165  419  430
e  166  181  944
e  166  202  185
e  166  228  430
e  166  201  907
e  167  176  465
e  167  177  245
e  168  189  534
e  168  204  68
e  168  238  238
e  169  173  534
e  170  320  112
e  170  187  815
e  171  188  430
e  172  178  708
e  172  199  415
e  173  180  68
e  173  183  723
e  174  179  946
e  175  177  709
e  176  197  680
e  176  190  245
e  177  190  465
e  177  196  218
e  177  186  384
e  178  210  709
e  178  217  415
e  179  184  279
e  180  192  497
e  181  191  185
e  182  191  275
e  183  189  497
e  184  208  179
e  184  226  513
e  184  206  132
e  185  214  332
e  186  194  218
e  187  345  112
e  187  307  245
e  187  252  208
e  188  219  904
e  188  250  275
e  188  198  656
e  189  193  68
e  190  213  680
e  190  212  218
e  191  203  562
e  191  218  430
e  191  202  944
e  192  193  723
e  192  240  701
e  192  249  279
e  193  278  279
e  193  257  238
e  193  204  534
e  194  196  384
e  194  210  314
e  195  199  332
e  196  212  465
e  196  211  314
e  197  252  692
e  197  213  245
e  198  216  275
e  199  217  708
e  199  209  557
e  200  254  325
e  200  215  182
e  201  244  430
e  202  224  430
e  203  216  430
e  204  246  238
e  205  220  279
e  206  207  946
e  206  222  513
e  207  220  513
e  208  237  513
e  209  231  708
e  209  214  538
e  210  211  384
e  210  230  415
e  211  223  465
e  211  239  415
e  212  256  680
e  212  223  314
e  213  267  692
e  213  341  415
e  213  306  314
e  213  256  218
e  214  232  708
e  214  221  623
e  215  269  325
e  215  319  430
e  216  250  656
e  216  276  904
e  216  218  562
e  217  230  709
e  217  233  538
e  217  231  557
e  218  283  904
e  218  224  944
e  219  238  375
e  219  268  275
e  220  222  946
e  220  225  103
e  221  251  708
e  221  234  392
e  222  226  132
e  222  227  103
e  223  262  680
e  223  243  415
e  224  324  904
e  224  388  68
e  224  397  279
e  224  228  185
e  225  227  946
e  225  235  946
e  226  237  179
e  226  229  103
e  227  229  132
e  227  236  946
e  228  399  279
e  228  244  907
e  229  245  179
e  229  241  946
e  230  239  384
e  230  242  538
e  231  232  538
e  232  233  557
e  232  248  709
e  232  251  623
e  233  242  709
e  234  264  708
e  234  302  709
e  234  272  513
e  235  236  946
e  235  247  497
e  236  241  132
e  236  253  497
e  237  263  70
e  237  275  332
e  237  245  103
e  238  246  68
e  238  290  275
e  239  243  465
e  239  266  538
e  240  247  279
e  241  261  179
e  241  258  497
e  242  266  384
e  242  248  557
e  243  280  680
e  243  270  538
e  244  403  279
e  244  323  819
e  244  259  116
e  245  277  332
e  245  279  497
e  245  261  946
e  246  257  534
e  246  293  275
e  247  253  946
e  247  249  701
e  248  284  384
e  248  265  623
e  249  255  946
e  249  287  238
e  249  278  723
e  250  268  904
e  251  265  709
e  251  264  392
e  252  267  245
e  253  258  132
e  253  255  701
e  254  282  430
e  254  269  182
e  255  260  132
e  255  289  238
e  256  262  314
e  257  281  279
e  257  313  275
e  258  271  179
e  258  260  701
e  259  282  819
e  260  274  179
e  260  295  238
e  261  271  497
e  262  306  218
e  262  280  415
e  263  272  332
e  264  273  709
e  265  273  392
e  266  270  465
e  266  284  557
e  267  307  208
e  267  380  112
e  267  392  415
e  268  290  375
e  268  297  68
e  268  296  562
e  268  276  656
e  269  294  430
e  270  328  680
e  270  335  392
e  270  288  557
e  271  279  946
e  271  286  332
e  271  274  701
e  272  309  709
e  272  300  497
e  272  275  70
e  273  305  465
e  273  310  513
e  273  302  708
e  274  292  332
e  274  308  238
e  275  277  103
e  276  283  562
e  277  285  497
e  278  281  238
e  279  285  332
e  280  329  218
e  280  532  692
e  280  328  538
e  281  287  723
e  281  291  946
e  281  321  275
e  282  323  116
e  282  294  182
e  283  296  656
e  283  314  68
e  283  324  944
e  284  288  465
e  285  301  70
e  285  299  701
e  285  286  946
e  286  292  701
e  287  289  946
e  288  303  392
e  289  295  132
e  289  291  723
e  290  293  68
e  291  298  132
e  291  331  275
e  292  299  946
e  292  333  70
e  292  340  709
e  292  311  238
e  293  313  534
e  293  338  279
e  293  315  562
e  293  297  375
e  294  350  116
e  294  462  332
e  294  319  325
e  295  308  179
e  295  316  332
e  295  298  723
e  296  312  68
e  297  312  562
e  298  326  332
e  298  343  275
e  299  317  70
e  300  301  103
e  300  318  709
e  301  327  709
e  301  317  701
e  302  309  513
e  303  304  623
e  303  335  557
e  303  411  497
e  304  305  384
e  304  374  497
e  304  355  513
e  305  346  513
e  306  329  415
e  307  366  112
e  308  311  332
e  309  310  708
e  309  318  497
e  310  346  465
e  310  322  497
e  311  347  709
e  311  332  723
e  311  316  179
e  312  315  375
e  312  314  656
e  313  321  279
e  314  325  375
e  314  348  944
e  315  342  279
e  315  325  656
e  316  326  723
e  317  330  709
e  317  333  946
e  318  322  708
e  318  334  701
e  318  327  103
e  319  503  332
e  319  419  911
e  320  429  245
e  320  345  815
e  321  331  946
e  321  352  562
e  321  338  534
e  322  354  465
e  322  336  701
e  323  409  279
e  323  350  182
e  324  348  68
e  325  351  279
e  325  361  944
e  326  332  179
e  326  349  275
e  327  330  701
e  328  534  692
e  328  541  238
e  328  479  497
e  328  391  392
e  329  341  314
e  329  456  692
e  330  334  103
e  330  337  708
e  330  339  946
e  331  343  132
e  331  360  332
e  331  359  562
e  332  381  709
e  332  363  275
e  333  339  709
e  334  336  708
e  335  391  680
e  335  412  497
e  336  365  465
e  336  337  103
e  337  377  465
e  337  364  238
e  337  344  946
e  338  342  562
e  339  344  708
e  339  340  70
e  340  353  708
e  340  347  238
e  341  392  692
e  342  352  534
e  342  362  946
e  342  351  656
e  343  349  332
e  344  357  238
e  344  353  70
e  345  366  245
e  346  355  384
e  346  354  497
e  347  356  708
e  347  381  723
e  348  361  375
e  348  370  279
e  348  388  904
e  349  363  179
e  349  372  562
e  349  360  132
e  350  420  279
e  350  444  332
e  351  368  946
e  351  369  944
e  352  359  946
e  353  356  238
e  354  358  384
e  354  365  701
e  355  358  497
e  356  357  70
e  356  410  465
e  356  407  275
e  356  401  723
e  357  364  946
e  357  384  465
e  358  374  513
e  358  439  557
e  358  446  680
e  358  426  238
e  358  373  701
e  359  367  332
e  359  371  656
e  359  362  534
e  360  367  562
e  361  369  279
e  362  368  656
e  363  390  709
e  363  396  562
e  364  378  465
e  365  373  384
e  365  379  238
e  365  377  103
e  366  429  815
e  366  380  208
e  367  372  132
e  367  375  656
e  368  371  534
e  368  376  332
e  368  383  944
e  369  383  946
e  369  389  332
e  369  370  375
e  370  395  332
e  370  394  904
e  371  375  332
e  372  396  179
e  372  386  656
e  373  382  238
e  374  411  623
e  374  427  557
e  375  386  132
e  375  376  534
e  376  398  132
e  376  385  944
e  377  378  238
e  378  379  103
e  378  387  384
e  378  384  946
e  379  382  384
e  380  468  415
e  381  401  708
e  381  390  275
e  382  426  701
e  382  460  680
e  382  387  103
e  383  385  332
e  384  393  384
e  384  410  70
e  385  400  132
e  385  448  819
e  385  405  375
e  385  389  946
e  386  425  179
e  386  406  944
e  386  398  534
e  387  502  680
e  387  393  946
e  388  394  279
e  389  395  375
e  390  402  708
e  390  417  562
e  391  428  497
e  392  468  112
e  392  456  314
e  393  507  680
e  393  458  275
e  393  438  70
e  394  414  332
e  394  404  185
e  394  397  68
e  395  405  946
e  395  422  819
e  395  414  904
e  396  417  709
e  396  425  656
e  397  399  185
e  398  400  944
e  399  404  68
e  399  403  907
e  400  406  534
e  400  472  709
e  400  457  819
e  401  402  275
e  402  407  723
e  402  452  465
e  402  443  562
e  403  408  68
e  403  409  819
e  404  415  332
e  404  408  907
e  405  431  819
e  406  441  179
e  406  459  709
e  407  435  465
e  408  416  332
e  408  413  819
e  409  413  68
e  409  421  332
e  409  420  182
e  410  438  384
e  410  435  275
e  411  412  557
e  412  428  680
e  412  427  623
e  413  418  332
e  414  415  185
e  415  416  907
e  416  418  819
e  417  443  708
e  417  436  656
e  418  424  904
e  418  437  946
e  418  433  182
e  418  421  68
e  419  538  332
e  419  485  417
e  420  430  332
e  421  430  182
e  422  423  907
e  422  431  946
e  423  424  185
e  423  432  946
e  424  434  946
e  425  436  709
e  425  441  944
e  426  451  680
e  427  440  680
e  427  439  513
e  428  479  392
e  428  461  238
e  428  447  513
e  428  440  623
e  429  514  614
e  429  604  415
e  430  433  68
e  430  474  946
e  430  463  116
e  430  444  279
e  431  448  375
e  431  432  907
e  432  465  132
e  432  434  185
e  433  445  946
e  434  467  132
e  434  454  182
e  434  437  904
e  435  450  384
e  435  452  723
e  436  470  708
e  436  449  944
e  437  445  182
e  438  450  275
e  439  442  680
e  440  442  513
e  441  449  709
e  442  447  623
e  442  453  238
e  442  446  557
e  443  477  465
e  443  470  656
e  444  462  116
e  445  454  904
e  445  486  132
e  445  509  709
e  445  504  116
e  445  474  68
e  446  451  238
e  447  455  238
e  448  457  132
e  449  480  708
e  449  482  819
e  449  459  179
e  450  458  70
e  450  473  723
e  451  453  557
e  451  460  701
e  452  473  384
e  452  477  562
e  453  455  623
e  453  466  701
e  454  469  132
e  455  461  513
e  455  471  701
e  456  522  112
e  456  542  538
e  456  532  218
e  457  478  709
e  457  464  907
e  458  512  680
e  458  525  562
e  458  511  723
e  459  481  819
e  459  472  534
e  460  466  557
e  460  527  275
e  460  502  103
e  461  498  392
e  461  513  701
e  462  463  279
e  462  503  325
e  463  492  946
e  463  529  325
e  464  465  375
e  464  483  709
e  464  475  182
e  465  467  185
e  466  471  623
e  466  535  275
e  467  469  182
e  468  605  815
e  468  580  238
e  468  522  314
e  469  476  375
e  469  491  709
e  469  486  904
e  470  493  465
e  470  480  944
e  471  513  513
e  471  600  392
e  471  612  112
e  471  547  275
e  472  478  819
e  473  511  70
e  473  490  562
e  474  492  116
e  475  476  185
e  475  484  709
e  476  487  709
e  477  490  384
e  477  493  656
e  478  481  534
e  478  489  179
e  478  488  182
e  478  483  907
e  479  498  238
e  480  500  465
e  480  497  819
e  481  482  179
e  482  497  708
e  482  496  182
e  482  489  534
e  483  484  182
e  484  488  907
e  484  495  179
e  484  487  185
e  485  552  332
e  486  499  709
e  487  501  179
e  487  491  375
e  488  494  179
e  489  494  182
e  490  518  70
e  490  508  656
e  491  530  179
e  491  499  904
e  492  504  68
e  492  528  709
e  492  564  325
e  493  508  384
e  493  500  944
e  494  496  534
e  494  495  907
e  495  505  534
e  495  517  708
e  495  501  185
e  496  506  708
e  496  505  907
e  497  515  465
e  497  506  182
e  498  541  497
e  498  551  692
e  498  561  701
e  499  539  179
e  499  553  708
e  499  523  116
e  499  509  132
e  500  516  384
e  500  515  819
e  501  520  708
e  501  530  375
e  502  521  275
e  502  507  946
e  503  529  279
e  503  538  911
e  504  519  709
e  505  510  708
e  506  526  465
e  506  510  907
e  507  512  275
e  508  574  70
e  508  516  944
e  509  519  116
e  510  533  465
e  510  524  185
e  510  517  534
e  511  518  562
e  512  521  946
e  512  567  557
e  512  550  562
e  513  561  392
e  514  640  785
e  514  656  238
e  514  631  415
e  515  531  384
e  515  526  182
e  516  576  70
e  516  531  819
e  517  520  185
e  518  525  723
e  518  569  680
e  518  574  656
e  519  523  132
e  519  528  68
e  520  524  534
e  520  545  465
e  520  540  375
e  521  527  103
e  521  560  557
e  522  563  238
e  522  555  538
e  523  556  708
e  523  546  68
e  524  536  465
e  525  550  680
e  526  537  384
e  526  533  907
e  527  535  557
e  528  546  132
e  528  566  325
e  529  564  946
e  529  570  709
e  529  578  911
e  530  540  708
e  530  539  904
e  531  579  70
e  531  537  182
e  532  534  538
e  533  548  384
e  533  536  185
e  534  542  218
e  534  549  238
e  535  547  623
e  535  560  103
e  536  559  384
e  536  545  534
e  537  594  680
e  537  548  907
e  538  578  279
e  538  552  417
e  539  544  708
e  540  568  465
e  540  544  904
e  541  549  692
e  542  555  112
e  542  554  238
e  543  677  238
e  543  640  245
e  544  572  465
e  544  558  116
e  544  553  179
e  545  577  384
e  545  568  375
e  546  588  708
e  546  587  325
e  547  613  112
e  547  626  562
e  547  598  946
e  548  618  680
e  548  559  185
e  549  554  218
e  549  551  497
e  550  597  557
e  550  620  819
e  550  569  723
e  551  562  218
e  551  571  112
e  552  585  279
e  552  627  709
e  552  584  430
e  553  556  116
e  554  557  112
e  554  562  497
e  555  557  238
e  556  558  179
e  556  589  465
e  556  588  68
e  557  563  538
e  557  565  497
e  558  575  465
e  559  630  680
e  559  629  116
e  559  577  534
e  560  567  946
e  561  602  112
e  561  600  513
e  562  565  112
e  563  580  314
e  563  573  497
e  564  566  709
e  565  573  538
e  565  616  701
e  565  571  218
e  566  587  132
e  566  634  708
e  566  609  911
e  566  570  946
e  567  599  623
e  567  597  562
e  568  572  904
e  569  595  819
e  569  581  656
e  570  586  911
e  571  601  701
e  572  575  116
e  573  603  314
e  573  663  701
e  574  581  680
e  574  576  944
e  575  592  384
e  575  628  325
e  575  589  179
e  576  582  680
e  576  579  819
e  577  590  116
e  578  586  709
e  578  585  417
e  579  583  680
e  580  633  815
e  580  603  497
e  581  582  944
e  582  583  819
e  583  596  656
e  583  593  182
e  584  680  709
e  585  606  709
e  586  609  946
e  586  606  417
e  587  607  708
e  588  611  465
e  588  607  325
e  589  625  325
e  589  611  68
e  590  591  904
e  590  629  534
e  590  694  680
e  591  592  375
e  591  698  680
e  592  707  680
e  592  644  325
e  593  594  70
e  593  636  656
e  593  651  557
e  593  635  907
e  594  618  907
e  595  596  944
e  595  620  723
e  596  637  723
e  596  636  182
e  597  610  623
e  597  632  819
e  598  599  103
e  598  621  562
e  599  610  562
e  600  608  112
e  601  602  692
e  601  616  218
e  601  623  275
e  601  615  513
e  602  608  513
e  603  664  815
e  603  686  275
e  603  668  701
e  604  605  208
e  604  631  614
e  604  639  238
e  605  633  238
e  606  624  946
e  606  738  465
e  606  723  430
e  606  627  279
e  607  617  465
e  607  648  911
e  607  634  132
e  608  615  692
e  608  614  275
e  608  612  392
e  609  643  708
e  609  624  417
e  610  621  103
e  610  653  819
e  611  617  325
e  612  613  275
e  613  614  392
e  613  622  692
e  613  658  562
e  614  619  692
e  615  619  275
e  616  663  538
e  616  638  275
e  617  625  68
e  617  641  179
e  617  669  384
e  617  649  911
e  618  635  70
e  618  630  185
e  619  623  513
e  619  654  218
e  619  622  392
e  620  632  557
e  620  637  944
e  621  626  946
e  621  675  112
e  621  678  819
e  622  699  218
e  622  672  562
e  623  638  218
e  624  655  708
e  624  709  465
e  625  628  179
e  626  658  112
e  627  680  430
e  628  644  384
e  628  641  68
e  629  670  680
e  630  667  70
e  630  670  116
e  631  647  238
e  632  653  623
e  632  652  182
e  632  645  944
e  633  639  208
e  633  664  497
e  634  643  911
e  635  701  557
e  635  667  185
e  636  642  723
e  637  645  557
e  637  642  182
e  638  673  538
e  638  685  314
e  638  654  513
e  639  647  614
e  639  674  497
e  640  661  238
e  641  660  384
e  642  646  557
e  643  648  132
e  643  657  465
e  643  655  417
e  644  727  680
e  644  710  911
e  644  660  68
e  645  646  182
e  646  652  944
e  646  671  623
e  646  650  656
e  647  656  415
e  647  665  785
e  647  687  497
e  648  649  465
e  649  682  384
e  649  662  417
e  649  657  132
e  650  651  723
e  650  683  623
e  651  702  623
e  651  720  112
e  651  701  907
e  652  666  623
e  653  678  103
e  653  681  112
e  653  666  182
e  654  741  314
e  654  714  562
e  654  699  392
e  655  659  465
e  656  661  785
e  657  659  417
e  658  672  692
e  658  684  819
e  658  675  946
e  659  662  132
e  659  748  384
e  659  801  430
e  659  744  946
e  659  709  708
e  660  690  911
e  660  669  179
e  661  677  245
e  661  715  92
e  661  665  415
e  662  692  384
e  663  668  314
e  663  673  275
e  664  674  208
e  664  704  785
e  664  717  275
e  665  721  92
e  665  688  497
e  666  691  112
e  666  671  944
e  667  735  557
e  667  766  112
e  667  745  116
e  668  676  275
e  669  682  911
e  670  745  70
e  670  810  112
e  670  711  904
e  670  694  534
e  671  695  112
e  671  683  656
e  672  708  218
e  672  696  819
e  673  676  314
e  674  687  614
e  674  693  785
e  675  679  819
e  676  686  701
e  676  733  785
e  676  685  538
e  677  689  92
e  678  679  112
e  679  684  946
e  679  700  182
e  679  681  103
e  680  723  279
e  680  820  465
e  680  1172  785
e  680  1144  332
e  681  691  182
e  682  690  179
e  682  692  417
e  683  703  112
e  683  702  723
e  684  696  692
e  685  758  785
e  685  741  513
e  686  717  815
e  686  725  785
e  687  688  785
e  688  722  92
e  688  734  275
e  688  693  614
e  689  1072  819
e  689  879  275
e  689  732  497
e  689  715  245
e  690  710  68
e  690  697  417
e  691  700  103
e  691  713  692
e  691  695  944
e  692  697  179
e  692  890  680
e  692  889  430
e  692  748  132
e  693  731  275
e  693  704  208
e  694  698  904
e  695  716  692
e  695  703  656
e  696  728  218
e  696  705  182
e  697  719  68
e  697  791  680
e  698  711  534
e  698  765  325
e  698  707  375
e  699  708  562
e  700  706  692
e  701  729  112
e  701  735  185
e  702  712  112
e  703  730  692
e  703  712  723
e  704  718  275
e  705  706  946
e  705  743  218
e  705  739  944
e  706  724  944
e  706  713  103
e  707  727  325
e  708  714  392
e  708  728  819
e  709  738  946
e  710  756  680
e  710  719  417
e  711  789  325
e  712  749  692
e  712  736  907
e  712  720  623
e  713  716  944
e  714  753  314
e  714  740  819
e  715  726  497
e  715  721  415
e  716  724  103
e  716  730  656
e  717  718  785
e  718  731  208
e  718  737  701
e  718  725  815
e  719  757  680
e  720  729  907
e  721  722  497
e  722  726  415
e  722  742  245
e  722  754  275
e  723  763  465
e  724  739  946
e  724  750  656
e  725  733  701
e  726  732  245
e  727  765  375
e  727  764  417
e  727  756  911
e  728  740  392
e  728  743  182
e  729  736  623
e  729  746  185
e  730  750  103
e  730  802  218
e  730  768  907
e  730  749  723
e  731  734  614
e  731  747  701
e  732  781  275
e  732  742  415
e  733  737  815
e  733  771  562
e  733  758  538
e  734  754  92
e  734  751  701
e  735  746  112
e  736  755  692
e  736  767  185
e  737  747  208
e  737  773  614
e  737  786  562
e  738  744  708
e  738  763  430
e  739  759  218
e  739  769  656
e  740  760  314
e  740  752  182
e  741  761  785
e  741  753  562
e  742  774  275
e  743  752  392
e  743  759  944
e  744  780  430
e  745  782  112
e  746  767  623
e  746  811  692
e  746  790  116
e  746  766  557
e  747  751  614
e  748  821  430
e  749  755  907
e  750  769  946
e  750  787  218
e  751  776  92
e  751  805  819
e  751  799  562
e  751  773  208
e  752  775  314
e  752  783  785
e  752  792  944
e  753  762  785
e  753  760  819
e  754  774  245
e  754  776  701
e  755  768  723
e  755  831  218
e  755  785  185
e  756  757  417
e  757  764  911
e  757  846  112
e  757  791  68
e  758  761  513
e  759  792  392
e  759  803  785
e  759  779  656
e  760  770  785
e  760  775  182
e  761  762  562
e  762  772  538
e  762  770  819
e  763  780  708
e  763  820  279
e  764  841  112
e  765  789  534
e  765  836  112
e  766  782  116
e  767  785  692
e  768  807  218
e  769  779  218
e  770  777  538
e  770  778  182
e  771  772  513
e  771  786  815
e  771  784  819
e  772  777  819
e  773  795  562
e  774  781  415
e  774  818  701
e  775  778  785
e  776  818  245
e  776  806  819
e  777  784  513
e  777  794  815
e  777  793  182
e  778  793  538
e  778  813  815
e  778  815  944
e  778  783  314
e  779  812  785
e  779  787  946
e  780  801  946
e  780  847  384
e  780  874  279
e  781  879  497
e  781  871  819
e  781  861  701
e  782  790  557
e  782  837  325
e  782  810  70
e  783  798  944
e  784  788  815
e  785  844  218
e  785  857  785
e  785  830  116
e  785  811  623
e  786  795  614
e  786  788  819
e  787  825  785
e  787  816  907
e  787  802  103
e  788  797  614
e  788  804  182
e  788  794  513
e  789  823  112
e  790  824  692
e  790  860  325
e  791  913  112
e  791  944  430
e  791  890  179
e  792  798  785
e  793  796  815
e  794  796  182
e  795  799  208
e  795  797  819
e  796  804  513
e  796  817  614
e  796  843  944
e  796  813  538
e  797  800  208
e  797  808  182
e  798  815  314
e  798  826  656
e  798  803  392
e  799  800  819
e  800  805  562
e  800  809  92
e  800  814  182
e  801  821  384
e  802  807  907
e  803  812  656
e  804  808  614
e  805  806  92
e  806  839  245
e  806  809  562
e  807  816  103
e  807  832  785
e  807  831  723
e  808  814  208
e  808  817  513
e  809  853  245
e  809  819  182
e  810  822  325
e  811  824  116
e  812  826  392
e  812  834  907
e  812  825  946
e  813  833  944
e  814  819  92
e  814  827  513
e  815  833  815
e  815  835  656
e  816  828  785
e  817  827  208
e  817  838  92
e  817  845  944
e  818  861  415
e  818  839  819
e  819  854  245
e  819  896  944
e  819  829  513
e  820  874  708
e  820  1098  384
e  820  1148  112
e  820  1151  785
e  821  889  132
e  821  943  680
e  821  847  946
e  822  823  904
e  822  837  70
e  823  849  70
e  823  848  417
e  823  836  534
e  824  830  623
e  824  876  325
e  825  828  907
e  826  835  314
e  826  862  907
e  827  829  92
e  828  834  946
e  828  894  314
e  828  893  185
e  828  832  103
e  829  856  944
e  829  838  208
e  830  881  785
e  830  905  325
e  831  842  785
e  831  844  185
e  832  877  185
e  832  842  723
e  833  843  538
e  833  851  614
e  833  866  92
e  833  855  656
e  834  862  392
e  834  865  314
e  835  855  815
e  835  863  907
e  836  840  417
e  837  860  557
e  837  849  904
e  838  852  944
e  839  868  415
e  839  867  182
e  839  853  562
e  840  841  375
e  840  848  534
e  840  859  911
e  841  846  911
e  842  850  185
e  843  845  614
e  844  850  785
e  845  852  92
e  845  851  538
e  846  859  375
e  846  917  692
e  846  984  785
e  846  913  68
e  847  1000  680
e  847  949  279
e  848  872  70
e  848  864  911
e  849  875  557
e  849  872  417
e  850  877  723
e  850  924  92
e  850  898  116
e  850  857  218
e  851  858  92
e  852  856  208
e  852  858  538
e  853  854  182
e  854  867  562
e  854  887  415
e  854  908  944
e  855  869  92
e  855  873  907
e  856  896  513
e  856  928  245
e  856  882  656
e  856  878  538
e  857  881  116
e  858  878  208
e  858  870  656
e  858  866  614
e  859  864  534
e  860  876  692
e  860  875  904
e  861  868  819
e  862  863  314
e  863  873  815
e  863  865  392
e  864  886  70
e  865  895  815
e  865  894  946
e  866  869  656
e  867  883  415
e  868  871  701
e  868  883  182
e  869  870  614
e  869  885  907
e  870  880  208
e  870  888  907
e  871  979  497
e  871  900  182
e  872  884  557
e  872  886  911
e  873  885  92
e  873  895  392
e  874  949  384
e  875  884  417
e  876  905  623
e  876  891  417
e  877  893  103
e  878  880  656
e  879  979  819
e  880  882  538
e  880  899  907
e  881  898  218
e  881  911  325
e  882  934  245
e  882  904  907
e  883  900  701
e  883  887  562
e  884  892  692
e  884  897  911
e  885  888  614
e  885  903  392
e  886  897  557
e  887  929  701
e  887  953  944
e  888  899  208
e  888  925  185
e  889  912  680
e  890  912  430
e  891  892  904
e  891  920  785
e  891  918  911
e  892  901  911
e  893  906  314
e  894  902  815
e  894  906  185
e  895  903  92
e  895  902  946
e  896  908  245
e  897  901  692
e  898  936  92
e  898  941  325
e  899  904  538
e  899  932  185
e  900  997  497
e  900  929  562
e  901  918  904
e  901  931  785
e  901  914  375
e  902  907  92
e  902  909  185
e  903  907  946
e  904  942  245
e  904  955  185
e  905  911  785
e  906  909  815
e  907  910  185
e  908  953  415
e  908  952  656
e  908  928  513
e  909  910  92
e  910  927  614
e  910  921  723
e  911  941  218
e  911  919  417
e  912  944  179
e  912  1001  112
e  912  943  132
e  913  993  785
e  913  973  430
e  914  915  534
e  914  946  785
e  915  916  70
e  915  947  785
e  916  917  557
e  916  956  785
e  917  961  785
e  918  930  785
e  919  920  623
e  919  948  218
e  919  933  911
e  920  930  911
e  921  922  103
e  921  935  614
e  922  923  314
e  922  937  614
e  922  945  116
e  923  924  815
e  923  939  116
e  924  936  116
e  925  926  946
e  925  932  208
e  926  927  392
e  926  938  208
e  927  951  208
e  927  935  723
e  928  934  656
e  929  1068  497
e  929  1039  944
e  930  933  623
e  930  931  904
e  931  940  623
e  931  946  375
e  932  955  538
e  932  986  116
e  932  938  946
e  933  958  218
e  933  940  904
e  934  952  513
e  934  942  907
e  935  954  208
e  935  937  103
e  936  939  815
e  936  964  325
e  937  959  208
e  937  950  116
e  938  977  116
e  938  957  723
e  938  951  392
e  939  945  314
e  939  966  614
e  939  968  325
e  940  972  218
e  940  985  375
e  941  964  92
e  941  948  417
e  942  963  513
e  942  1017  415
e  942  970  185
e  943  1020  112
e  943  1000  946
e  944  973  112
e  945  950  614
e  946  985  623
e  946  947  534
e  947  994  623
e  947  1026  92
e  947  956  70
e  948  965  92
e  948  958  911
e  949  1048  680
e  949  1110  112
e  949  1098  708
e  950  960  208
e  950  980  417
e  950  966  314
e  951  954  723
e  952  978  415
e  952  963  907
e  953  1039  701
e  953  1004  907
e  953  978  656
e  954  957  392
e  954  962  116
e  954  959  103
e  955  970  245
e  955  987  116
e  956  1040  92
e  956  1043  68
e  956  961  557
e  957  967  116
e  958  971  92
e  958  972  904
e  959  960  116
e  960  962  103
e  960  976  392
e  960  991  417
e  961  998  68
e  961  984  692
e  962  967  392
e  963  982  415
e  964  968  815
e  964  965  417
e  965  969  815
e  965  971  911
e  966  974  417
e  967  977  723
e  967  995  538
e  967  1013  417
e  967  976  103
e  968  969  417
e  969  975  614
e  969  983  911
e  970  1022  415
e  970  999  116
e  971  983  815
e  971  988  904
e  972  988  92
e  972  1007  375
e  973  1025  785
e  973  1001  179
e  974  975  325
e  974  980  314
e  975  981  314
e  975  990  911
e  976  1006  417
e  977  986  946
e  977  989  538
e  978  982  907
e  979  1072  275
e  979  997  182
e  980  991  208
e  980  981  325
e  981  992  208
e  981  996  911
e  982  1004  656
e  982  1107  701
e  982  1119  417
e  982  1028  185
e  982  1017  513
e  983  990  614
e  983  1005  904
e  984  993  68
e  985  1007  218
e  985  1011  92
e  985  994  534
e  986  987  538
e  987  999  245
e  987  1003  723
e  987  989  946
e  988  1005  815
e  988  1009  375
e  989  995  723
e  990  996  314
e  990  1016  904
e  991  1006  392
e  991  992  325
e  992  1012  392
e  992  1002  911
e  993  998  692
e  993  1025  430
e  994  1014  92
e  995  1003  946
e  995  1010  245
e  995  1018  417
e  996  1002  208
e  996  1029  904
e  997  1089  275
e  997  1068  562
e  998  1043  557
e  998  1065  92
e  998  1044  430
e  999  1047  415
e  999  1036  417
e  999  1008  723
e  1000  1049  112
e  1000  1048  279
e  1001  1057  785
e  1001  1020  132
e  1002  1023  392
e  1002  1052  245
e  1002  1034  904
e  1003  1008  245
e  1004  1076  701
e  1005  1016  614
e  1005  1033  375
e  1006  1013  103
e  1006  1012  325
e  1007  1009  92
e  1008  1030  417
e  1008  1010  946
e  1009  1033  815
e  1009  1015  534
e  1009  1011  218
e  1010  1019  417
e  1011  1014  534
e  1012  1021  103
e  1012  1032  245
e  1012  1023  911
e  1013  1018  538
e  1013  1021  325
e  1014  1015  218
e  1014  1026  623
e  1015  1041  815
e  1015  1050  623
e  1016  1029  314
e  1016  1051  208
e  1016  1042  375
e  1017  1022  185
e  1018  1019  245
e  1018  1024  325
e  1019  1030  946
e  1019  1027  325
e  1020  1064  785
e  1020  1049  946
e  1021  1024  538
e  1022  1028  513
e  1022  1047  116
e  1023  1035  245
e  1024  1027  245
e  1025  1044  692
e  1025  1057  179
e  1026  1050  218
e  1026  1040  70
e  1027  1045  946
e  1027  1038  911
e  1027  1031  103
e  1028  1088  417
e  1028  1061  116
e  1029  1034  208
e  1030  1036  723
e  1030  1045  325
e  1031  1032  538
e  1031  1037  911
e  1032  1035  911
e  1033  1042  614
e  1033  1041  534
e  1034  1069  245
e  1034  1059  375
e  1034  1051  314
e  1035  1037  538
e  1035  1081  904
e  1035  1052  392
e  1036  1056  415
e  1036  1054  325
e  1037  1038  103
e  1037  1085  904
e  1038  1053  946
e  1038  1105  415
e  1038  1118  904
e  1039  1128  497
e  1039  1076  907
e  1040  1062  218
e  1040  1055  68
e  1041  1046  614
e  1041  1080  70
e  1041  1075  623
e  1042  1058  208
e  1042  1046  534
e  1043  1055  92
e  1044  1073  92
e  1044  1099  179
e  1045  1054  723
e  1045  1053  911
e  1046  1063  208
e  1046  1102  68
e  1046  1084  70
e  1047  1061  513
e  1047  1056  417
e  1048  1074  112
e  1049  1083  785
e  1049  1074  279
e  1050  1075  815
e  1050  1062  70
e  1051  1058  375
e  1052  1069  904
e  1053  1060  723
e  1053  1082  415
e  1054  1067  415
e  1054  1060  911
e  1055  1079  218
e  1055  1078  430
e  1055  1065  557
e  1056  1070  513
e  1056  1067  325
e  1057  1099  692
e  1057  1064  132
e  1058  1059  314
e  1058  1063  534
e  1059  1093  245
e  1059  1066  534
e  1060  1071  415
e  1061  1070  417
e  1062  1077  815
e  1062  1079  68
e  1063  1066  314
e  1063  1108  68
e  1064  1111  692
e  1064  1083  946
e  1065  1073  430
e  1066  1103  245
e  1066  1136  430
e  1066  1117  68
e  1067  1091  513
e  1067  1071  911
e  1068  1187  417
e  1068  1128  944
e  1069  1081  392
e  1069  1104  538
e  1069  1093  375
e  1070  1088  116
e  1070  1149  701
e  1070  1106  911
e  1070  1091  325
e  1071  1092  513
e  1071  1082  723
e  1072  1134  238
e  1072  1089  182
e  1073  1078  557
e  1073  1131  815
e  1073  1120  179
e  1074  1096  785
e  1074  1110  680
e  1075  1077  70
e  1076  1147  497
e  1076  1146  417
e  1076  1107  656
e  1077  1080  623
e  1077  1087  614
e  1077  1086  68
e  1078  1095  218
e  1078  1100  815
e  1079  1086  815
e  1079  1095  430
e  1080  1084  614
e  1081  1085  538
e  1082  1161  513
e  1082  1152  904
e  1082  1105  946
e  1083  1135  692
e  1083  1096  279
e  1084  1094  68
e  1084  1087  623
e  1085  1118  103
e  1085  1126  415
e  1085  1121  375
e  1085  1104  392
e  1086  1090  614
e  1086  1097  430
e  1087  1090  68
e  1088  1119  185
e  1088  1133  701
e  1089  1141  238
e  1090  1094  623
e  1090  1101  430
e  1091  1092  911
e  1092  1106  325
e  1092  1158  701
e  1092  1161  723
e  1093  1116  538
e  1093  1103  534
e  1094  1102  70
e  1094  1112  208
e  1094  1109  430
e  1095  1097  815
e  1096  1156  92
e  1096  1168  708
e  1096  1129  680
e  1097  1101  614
e  1097  1100  218
e  1098  1142  112
e  1099  1120  92
e  1099  1111  132
e  1100  1113  614
e  1100  1131  557
e  1101  1109  623
e  1101  1125  208
e  1101  1160  557
e  1101  1113  218
e  1102  1108  208
e  1103  1130  538
e  1103  1137  430
e  1104  1116  375
e  1105  1122  904
e  1106  1154  701
e  1107  1127  417
e  1108  1117  314
e  1108  1115  430
e  1108  1112  70
e  1109  1114  208
e  1110  1129  785
e  1110  1142  708
e  1111  1124  92
e  1111  1135  946
e  1112  1114  430
e  1113  1138  557
e  1114  1115  70
e  1114  1132  314
e  1114  1125  623
e  1115  1123  314
e  1116  1121  392
e  1116  1130  534
e  1117  1123  430
e  1118  1122  415
e  1119  1127  701
e  1120  1166  815
e  1120  1124  132
e  1121  1153  415
e  1121  1140  534
e  1122  1152  946
e  1122  1175  375
e  1122  1126  103
e  1123  1136  68
e  1123  1139  245
e  1123  1132  70
e  1124  1169  815
e  1124  1143  946
e  1125  1165  314
e  1125  1180  557
e  1126  1153  375
e  1127  1146  656
e  1127  1177  497
e  1127  1173  911
e  1127  1133  185
e  1128  1178  417
e  1128  1147  907
e  1129  1145  708
e  1130  1140  392
e  1130  1164  430
e  1131  1138  614
e  1131  1166  179
e  1132  1157  245
e  1132  1165  623
e  1133  1162  911
e  1133  1149  116
e  1134  1141  182
e  1135  1143  92
e  1136  1137  245
e  1137  1164  538
e  1137  1139  68
e  1138  1160  218
e  1138  1167  179
e  1139  1174  538
e  1139  1157  70
e  1140  1163  415
e  1140  1170  430
e  1142  1145  785
e  1142  1148  384
e  1143  1184  815
e  1143  1155  279
e  1144  1179  785
e  1145  1168  680
e  1145  1150  384
e  1146  1159  497
e  1147  1159  417
e  1148  1150  785
e  1149  1154  911
e  1150  1190  465
e  1150  1151  112
e  1151  1172  465
e  1152  1186  513
e  1153  1175  103
e  1153  1163  534
e  1154  1162  116
e  1154  1193  497
e  1154  1158  325
e  1155  1156  692
e  1155  1200  815
e  1157  1182  623
e  1158  1195  497
e  1159  1178  907
e  1159  1183  911
e  1159  1177  656
e  1160  1180  208
e  1160  1192  179
e  1161  1186  904
e  1162  1173  185
e  1162  1188  497
e  1163  1176  430
e  1164  1170  392
e  1164  1174  68
e  1165  1182  245
e  1166  1167  614
e  1166  1169  132
e  1167  1192  218
e  1167  1171  132
e  1169  1171  614
e  1169  1184  946
e  1170  1176  415
e  1170  1191  68
e  1171  1194  218
e  1171  1185  946
e  1172  1190  112
e  1172  1179  332
e  1173  1181  497
e  1174  1191  392
e  1176  1197  68
e  1177  1181  911
e  1178  1187  944
e  1179  1199  112
e  1179  1189  709
e  1180  1196  179
e  1181  1183  656
e  1181  1188  185
e  1184  1185  614
e  1184  1200  279
e  1185  1201  279
e  1188  1193  116
e  1190  1199  332
e  1191  1197  415
e  1192  1196  208
e  1192  1194  132
e  1193  1195  325
e  1194  1198  208
e  1196  1198  132
e  1200  1201  614
