p   edge 201  377
e  0  146  403
e  0  131  140
e  0  93  67
e  0  20  154
e  1  2  403
e  1  21  27
e  1  123  485
e  1  144  391
e  2  3  27
e  3  4  364
e  3  21  403
e  4  5  140
e  4  22  299
e  4  23  403
e  5  6  299
e  6  7  303
e  6  25  980
e  6  22  140
e  7  8  980
e  8  9  47
e  8  28  140
e  8  25  303
e  9  10  240
e  9  35  585
e  9  32  140
e  10  11  611
e  10  33  585
e  11  12  67
e  11  31  585
e  12  13  585
e  13  14  95
e  13  45  485
e  13  31  67
e  14  15  723
e  14  44  485
e  15  16  947
e  15  34  485
e  16  17  249
e  16  24  485
e  17  18  485
e  18  19  391
e  18  24  249
e  19  20  343
e  19  64  67
e  19  29  249
e  20  85  67
e  21  23  364
e  21  39  299
e  21  112  485
e  22  26  980
e  22  27  403
e  23  27  299
e  24  29  391
e  24  34  947
e  25  26  140
e  26  28  303
e  26  30  403
e  27  30  980
e  27  66  585
e  27  39  364
e  28  32  47
e  28  38  585
e  28  37  403
e  29  57  67
e  29  42  947
e  30  37  303
e  30  43  585
e  31  46  485
e  31  33  611
e  32  36  585
e  33  53  485
e  33  41  140
e  33  35  240
e  34  42  391
e  34  48  67
e  34  44  723
e  35  36  140
e  36  41  240
e  36  55  485
e  36  50  403
e  36  38  47
e  37  40  585
e  38  40  403
e  39  99  585
e  39  107  485
e  40  50  47
e  40  60  485
e  40  43  303
e  41  54  485
e  42  49  67
e  43  63  485
e  43  66  980
e  44  47  67
e  44  45  95
e  45  46  67
e  46  47  95
e  46  52  391
e  46  53  611
e  47  48  723
e  48  49  391
e  49  57  947
e  49  72  140
e  49  51  95
e  50  58  485
e  51  52  723
e  51  70  140
e  52  68  140
e  52  56  611
e  53  56  391
e  53  54  140
e  54  59  391
e  54  55  240
e  55  61  391
e  55  58  403
e  56  59  140
e  57  64  249
e  57  73  140
e  58  62  391
e  58  60  47
e  59  68  611
e  59  71  723
e  59  67  403
e  59  61  240
e  60  65  391
e  60  63  303
e  61  62  403
e  62  67  240
e  62  82  723
e  62  90  249
e  62  65  47
e  63  69  391
e  63  86  980
e  64  85  343
e  64  75  140
e  65  91  249
e  65  69  303
e  66  86  485
e  66  99  364
e  67  76  723
e  68  70  723
e  69  97  249
e  69  89  980
e  70  72  95
e  70  71  611
e  71  74  95
e  71  80  249
e  71  76  403
e  72  73  947
e  72  74  611
e  73  75  249
e  73  77  611
e  74  77  947
e  74  79  249
e  75  96  343
e  75  95  403
e  75  78  611
e  76  81  249
e  76  82  240
e  77  78  249
e  78  83  403
e  78  79  947
e  79  80  95
e  80  81  403
e  81  84  947
e  81  87  240
e  82  87  249
e  83  84  95
e  83  95  611
e  83  102  343
e  83  94  240
e  84  88  240
e  85  93  154
e  85  96  140
e  86  89  391
e  86  103  364
e  87  88  947
e  87  92  47
e  87  90  723
e  88  94  95
e  88  98  47
e  89  126  249
e  89  108  364
e  90  91  47
e  91  92  723
e  91  97  303
e  92  98  947
e  92  100  303
e  93  105  140
e  94  110  343
e  94  106  47
e  95  101  343
e  96  105  154
e  96  101  403
e  97  100  723
e  97  115  947
e  97  129  343
e  97  126  980
e  98  106  95
e  98  104  303
e  99  103  485
e  100  104  947
e  101  109  154
e  101  102  611
e  102  111  154
e  102  110  240
e  103  108  391
e  103  107  585
e  104  116  95
e  104  120  343
e  104  115  723
e  105  131  67
e  105  109  403
e  106  113  343
e  106  116  303
e  107  114  391
e  107  112  299
e  108  132  249
e  108  121  299
e  108  114  585
e  109  135  67
e  109  163  303
e  109  111  611
e  110  119  154
e  110  113  47
e  111  157  303
e  111  119  240
e  112  117  391
e  112  123  27
e  113  122  154
e  113  118  303
e  114  117  299
e  115  127  343
e  116  118  343
e  117  121  585
e  117  125  27
e  118  124  154
e  118  120  95
e  119  122  47
e  120  128  154
e  120  127  723
e  121  138  249
e  121  130  27
e  122  124  303
e  123  125  391
e  124  158  240
e  124  171  611
e  124  174  67
e  124  167  364
e  124  153  980
e  124  128  95
e  125  130  585
e  125  154  249
e  125  169  343
e  125  144  485
e  126  134  343
e  126  132  364
e  127  133  154
e  127  136  980
e  127  129  947
e  128  141  980
e  128  133  723
e  129  134  980
e  130  143  249
e  131  135  403
e  132  139  343
e  132  138  299
e  133  137  980
e  134  136  947
e  134  140  154
e  134  139  364
e  135  146  140
e  135  190  364
e  135  168  303
e  136  137  154
e  137  141  723
e  137  145  364
e  137  140  947
e  138  147  343
e  138  143  27
e  139  142  154
e  139  147  299
e  140  142  364
e  141  153  95
e  141  150  364
e  142  145  947
e  142  149  299
e  143  148  343
e  143  154  585
e  144  193  343
e  145  150  723
e  145  152  299
e  146  199  364
e  147  149  154
e  147  148  27
e  148  151  154
e  148  159  585
e  149  152  947
e  149  151  27
e  150  156  95
e  150  160  299
e  151  155  947
e  151  162  585
e  152  160  723
e  152  155  27
e  153  156  364
e  154  159  343
e  155  161  723
e  155  175  585
e  156  167  980
e  156  170  27
e  156  164  299
e  157  158  47
e  157  163  611
e  158  165  611
e  159  162  154
e  159  169  249
e  160  164  95
e  160  161  27
e  161  166  95
e  161  189  585
e  162  175  947
e  162  176  249
e  163  168  67
e  163  165  47
e  164  166  27
e  165  172  67
e  165  171  240
e  166  170  299
e  166  184  67
e  167  177  67
e  167  179  27
e  168  185  364
e  168  172  47
e  169  176  154
e  169  193  485
e  170  179  980
e  170  182  67
e  171  173  67
e  172  180  364
e  172  173  240
e  173  178  364
e  173  174  611
e  174  177  364
e  175  189  723
e  176  195  485
e  177  178  611
e  177  181  27
e  178  180  240
e  178  183  27
e  179  181  67
e  180  185  47
e  180  186  27
e  181  183  611
e  181  182  980
e  182  187  611
e  182  184  299
e  183  186  240
e  183  192  299
e  183  187  980
e  184  188  611
e  185  190  303
e  185  191  27
e  186  191  47
e  186  194  299
e  187  188  299
e  188  192  980
e  188  197  240
e  190  199  140
e  190  196  27
e  191  196  303
e  191  198  299
e  192  194  240
e  193  195  154
e  194  198  47
e  194  197  980
e  196  200  140
e  199  200  27
