p   edge 2045  3923
e  0  1943  603
e  0  1723  160
e  0  1147  581
e  0  66  202
e  1  2  664
e  1  244  149
e  1  437  534
e  1  1163  548
e  2  3  603
e  2  163  149
e  3  4  353
e  3  153  149
e  4  5  160
e  4  90  149
e  5  6  213
e  5  74  149
e  6  7  281
e  6  71  149
e  7  8  149
e  8  9  992
e  8  71  281
e  9  10  300
e  9  102  365
e  9  77  281
e  10  11  381
e  10  69  365
e  11  12  581
e  11  68  365
e  12  13  365
e  13  14  713
e  13  68  581
e  14  15  182
e  14  70  703
e  14  75  581
e  15  16  703
e  16  17  534
e  16  70  182
e  17  18  971
e  17  76  418
e  17  81  182
e  18  19  885
e  18  67  418
e  19  20  418
e  20  21  431
e  20  67  885
e  21  22  603
e  21  99  241
e  21  87  885
e  22  23  667
e  22  84  241
e  23  24  241
e  24  25  651
e  24  84  667
e  25  26  628
e  25  97  933
e  25  103  667
e  26  27  16
e  26  88  933
e  27  28  970
e  27  72  933
e  28  29  933
e  29  30  806
e  29  72  970
e  30  31  995
e  30  86  970
e  31  32  15
e  31  91  970
e  32  33  527
e  32  138  970
e  33  34  904
e  33  147  970
e  34  35  450
e  34  131  165
e  34  168  970
e  35  36  412
e  35  89  165
e  36  37  165
e  37  38  540
e  37  89  412
e  38  39  462
e  38  92  168
e  38  100  948
e  38  122  412
e  39  40  168
e  40  41  948
e  40  92  462
e  41  42  886
e  41  112  214
e  41  95  462
e  42  43  536
e  42  85  214
e  43  44  214
e  44  45  28
e  44  110  647
e  44  85  536
e  45  46  647
e  46  47  699
e  46  297  807
e  46  258  462
e  46  110  28
e  47  48  451
e  47  186  807
e  48  49  369
e  48  111  840
e  48  180  807
e  49  50  840
e  50  51  469
e  50  111  369
e  51  52  921
e  51  104  730
e  51  139  807
e  51  132  369
e  52  53  730
e  53  54  807
e  53  104  921
e  54  55  759
e  54  116  570
e  54  123  921
e  55  56  785
e  55  107  570
e  56  57  570
e  57  58  354
e  57  243  15
e  57  107  785
e  58  59  514
e  58  133  921
e  58  159  15
e  59  60  921
e  60  61  15
e  60  133  514
e  61  62  185
e  61  150  548
e  61  152  514
e  62  63  20
e  62  73  548
e  63  64  548
e  64  65  11
e  64  73  20
e  65  66  776
e  65  1015  581
e  65  677  514
e  65  79  20
e  66  1050  581
e  67  87  431
e  67  182  241
e  67  156  182
e  67  76  971
e  68  75  713
e  68  69  381
e  69  78  713
e  69  98  703
e  69  108  281
e  69  102  300
e  70  81  534
e  70  82  581
e  71  77  992
e  71  74  213
e  72  86  806
e  72  94  995
e  72  109  628
e  72  88  16
e  73  79  11
e  73  170  514
e  73  150  185
e  74  80  992
e  74  90  160
e  75  82  703
e  75  78  381
e  76  101  182
e  77  105  365
e  77  80  213
e  78  83  703
e  79  193  514
e  80  113  365
e  80  106  160
e  81  101  418
e  81  93  581
e  82  93  534
e  82  83  381
e  83  96  534
e  83  98  713
e  84  103  651
e  84  99  603
e  85  148  647
e  85  112  886
e  86  91  995
e  87  120  241
e  88  97  628
e  89  122  540
e  89  127  948
e  89  131  450
e  90  106  992
e  90  164  365
e  90  153  353
e  91  138  15
e  91  167  527
e  91  137  628
e  91  94  806
e  92  95  948
e  93  114  418
e  93  96  381
e  94  117  628
e  95  134  214
e  95  157  412
e  95  100  168
e  96  115  418
e  96  135  281
e  96  119  713
e  97  109  16
e  97  121  995
e  97  125  667
e  98  119  534
e  98  118  281
e  99  120  885
e  100  126  412
e  101  156  971
e  101  114  581
e  102  105  281
e  103  125  933
e  104  123  807
e  105  108  300
e  105  128  703
e  105  113  213
e  106  124  365
e  107  306  15
e  107  116  759
e  108  118  703
e  109  117  995
e  110  232  462
e  110  148  536
e  111  132  469
e  111  155  807
e  112  179  647
e  112  134  462
e  113  130  703
e  113  124  160
e  114  178  971
e  114  115  381
e  115  187  971
e  115  214  241
e  115  248  933
e  115  154  281
e  116  206  921
e  117  137  806
e  117  199  667
e  117  121  16
e  118  129  534
e  118  128  300
e  119  129  281
e  120  145  933
e  120  188  182
e  120  182  431
e  121  146  667
e  122  126  948
e  123  206  570
e  123  158  369
e  123  139  730
e  124  141  703
e  124  195  534
e  124  164  992
e  125  146  995
e  125  143  885
e  126  157  168
e  126  190  214
e  126  127  540
e  127  202  214
e  127  219  970
e  127  169  450
e  128  136  534
e  128  130  213
e  129  135  713
e  129  142  213
e  129  136  300
e  130  140  534
e  130  141  160
e  131  169  948
e  131  192  970
e  132  149  807
e  133  152  15
e  134  185  647
e  134  172  412
e  135  154  418
e  135  160  213
e  136  140  213
e  137  212  527
e  137  224  904
e  137  223  885
e  137  215  667
e  138  147  527
e  139  149  369
e  140  142  300
e  140  165  713
e  140  151  160
e  141  151  534
e  142  160  713
e  143  144  603
e  143  161  995
e  144  145  651
e  144  175  995
e  145  189  995
e  145  198  182
e  146  199  16
e  146  161  885
e  147  168  904
e  147  167  15
e  148  203  462
e  148  179  886
e  149  158  730
e  149  155  469
e  150  162  514
e  151  174  713
e  151  177  418
e  151  245  603
e  151  229  992
e  151  195  703
e  152  162  548
e  152  159  921
e  153  208  365
e  153  163  603
e  154  268  933
e  154  247  160
e  154  166  213
e  155  205  730
e  155  204  451
e  155  180  840
e  156  184  241
e  156  178  581
e  157  172  214
e  158  225  570
e  158  205  469
e  159  173  548
e  159  243  354
e  160  166  418
e  160  165  300
e  161  211  16
e  161  252  806
e  161  290  948
e  161  278  581
e  161  175  603
e  162  170  185
e  162  173  921
e  163  213  365
e  163  244  664
e  164  222  534
e  164  208  353
e  165  171  418
e  165  174  160
e  166  181  160
e  166  171  300
e  167  200  904
e  167  212  628
e  168  192  165
e  168  201  948
e  168  200  15
e  169  194  970
e  170  193  11
e  170  183  921
e  171  176  160
e  172  240  647
e  172  256  970
e  172  190  168
e  173  183  185
e  173  261  354
e  174  176  418
e  175  251  581
e  175  236  182
e  175  189  651
e  176  181  300
e  176  343  933
e  176  399  603
e  176  177  713
e  177  272  603
e  178  191  241
e  178  187  381
e  179  185  462
e  180  186  451
e  181  247  213
e  181  293  933
e  182  184  182
e  183  220  11
e  183  282  354
e  184  188  431
e  184  191  581
e  185  203  886
e  185  356  28
e  185  354  970
e  185  240  412
e  186  204  840
e  186  281  570
e  186  378  462
e  186  297  699
e  187  196  241
e  188  198  933
e  188  197  581
e  189  217  182
e  190  202  540
e  191  197  431
e  191  196  381
e  192  194  948
e  193  677  20
e  193  946  581
e  193  925  885
e  193  788  921
e  193  220  921
e  194  219  450
e  194  237  214
e  194  242  628
e  194  201  165
e  195  222  992
e  196  210  933
e  196  214  971
e  197  207  933
e  198  217  995
e  198  207  581
e  199  215  806
e  199  211  885
e  200  216  628
e  201  230  628
e  202  228  970
e  203  232  536
e  204  259  730
e  204  266  570
e  205  260  570
e  205  259  451
e  206  359  548
e  206  225  369
e  207  221  995
e  207  209  381
e  208  233  534
e  208  213  603
e  209  210  431
e  209  226  995
e  210  235  995
e  210  227  971
e  211  218  806
e  212  216  904
e  213  234  534
e  213  300  664
e  214  227  933
e  215  218  885
e  216  231  948
e  216  224  527
e  217  236  651
e  217  221  581
e  218  223  667
e  218  264  904
e  218  273  948
e  218  252  16
e  219  228  214
e  220  643  921
e  220  320  354
e  221  239  651
e  221  226  381
e  222  229  703
e  222  233  353
e  223  253  904
e  224  254  948
e  224  253  885
e  225  368  548
e  225  288  451
e  225  260  469
e  226  250  651
e  226  325  281
e  226  235  431
e  227  249  995
e  227  270  281
e  227  248  241
e  228  257  168
e  228  287  628
e  228  237  450
e  229  238  353
e  230  231  15
e  230  242  165
e  231  255  165
e  231  265  885
e  231  254  527
e  232  258  28
e  233  238  703
e  233  234  603
e  234  241  703
e  234  314  664
e  235  322  281
e  235  249  971
e  236  239  581
e  237  267  628
e  238  241  603
e  239  251  182
e  239  283  603
e  239  250  381
e  240  275  970
e  241  246  992
e  241  292  418
e  241  342  664
e  242  267  214
e  242  255  15
e  243  261  548
e  243  306  785
e  244  300  365
e  244  341  534
e  245  246  353
e  245  272  418
e  246  276  418
e  247  289  933
e  248  268  281
e  249  274  281
e  250  294  603
e  250  307  948
e  250  345  281
e  251  278  603
e  252  284  948
e  253  262  948
e  253  264  667
e  254  262  885
e  255  277  214
e  255  271  885
e  256  257  540
e  256  275  647
e  257  323  647
e  257  319  628
e  258  336  807
e  258  367  970
e  258  355  886
e  259  263  570
e  260  263  451
e  261  282  185
e  261  308  785
e  262  265  527
e  262  269  667
e  263  288  469
e  263  436  548
e  263  266  730
e  264  269  948
e  265  271  165
e  265  279  667
e  266  477  548
e  266  281  840
e  267  287  450
e  267  286  885
e  267  277  15
e  268  270  241
e  268  289  160
e  269  279  527
e  269  305  165
e  269  318  214
e  269  310  581
e  269  296  16
e  269  273  904
e  270  274  995
e  271  280  214
e  271  285  667
e  272  399  713
e  272  276  353
e  273  284  16
e  274  322  971
e  274  344  431
e  274  374  948
e  274  301  160
e  275  354  412
e  275  377  28
e  275  406  885
e  275  331  628
e  275  323  540
e  276  463  713
e  276  533  933
e  276  577  995
e  276  576  664
e  276  292  992
e  277  280  885
e  278  295  948
e  278  283  182
e  279  285  165
e  280  286  15
e  280  291  667
e  281  484  548
e  281  381  462
e  282  320  11
e  282  365  785
e  283  299  948
e  283  294  381
e  284  296  904
e  284  298  581
e  284  290  806
e  285  291  214
e  285  305  527
e  286  321  450
e  286  351  667
e  287  319  168
e  287  321  885
e  288  410  548
e  289  302  995
e  289  293  213
e  290  295  581
e  291  351  15
e  291  335  581
e  291  311  527
e  292  382  664
e  293  312  995
e  293  343  300
e  294  303  948
e  295  298  806
e  295  299  182
e  296  304  581
e  297  336  462
e  298  304  904
e  298  309  182
e  299  309  806
e  299  303  381
e  300  314  534
e  301  302  241
e  301  383  948
e  301  315  213
e  302  312  213
e  303  317  904
e  303  307  603
e  304  310  16
e  304  313  182
e  305  311  214
e  306  308  548
e  307  329  904
e  307  375  214
e  307  360  281
e  308  365  185
e  308  357  921
e  309  313  904
e  310  324  214
e  310  326  182
e  311  328  581
e  311  318  165
e  312  315  241
e  312  361  300
e  313  326  16
e  313  316  381
e  314  342  703
e  314  575  418
e  314  574  149
e  314  341  365
e  315  396  948
e  315  392  300
e  316  317  806
e  316  330  16
e  316  334  214
e  317  329  603
e  318  324  581
e  319  327  647
e  319  337  885
e  320  469  921
e  320  398  785
e  321  337  168
e  321  352  647
e  321  370  667
e  322  325  431
e  323  327  628
e  324  328  165
e  324  332  182
e  325  345  651
e  325  363  948
e  325  344  971
e  326  332  214
e  326  330  381
e  327  331  540
e  327  340  885
e  328  335  527
e  328  338  182
e  329  347  214
e  330  333  214
e  331  353  885
e  332  338  165
e  332  333  381
e  333  339  165
e  333  334  16
e  334  348  165
e  334  346  603
e  335  385  647
e  335  349  381
e  336  378  699
e  336  387  570
e  336  390  970
e  337  340  647
e  338  339  381
e  339  350  527
e  339  348  16
e  340  353  540
e  340  386  667
e  340  352  168
e  341  437  149
e  342  382  418
e  343  361  995
e  343  470  603
e  344  372  948
e  345  360  948
e  346  347  806
e  346  366  165
e  347  376  165
e  347  380  281
e  347  375  904
e  348  403  527
e  348  366  603
e  349  350  182
e  349  391  647
e  350  397  647
e  350  443  603
e  350  403  16
e  351  370  450
e  351  373  647
e  352  371  667
e  353  406  628
e  353  450  807
e  353  427  581
e  353  417  667
e  354  362  28
e  355  356  536
e  355  364  970
e  356  362  970
e  357  358  759
e  357  395  185
e  357  408  369
e  358  359  15
e  358  369  369
e  359  368  369
e  360  379  214
e  360  400  160
e  360  363  651
e  361  392  241
e  361  510  948
e  361  476  603
e  362  364  536
e  362  377  412
e  363  372  971
e  364  367  886
e  364  389  412
e  365  398  11
e  365  395  921
e  366  425  527
e  366  424  281
e  366  376  806
e  367  390  807
e  367  407  412
e  368  369  15
e  368  410  451
e  369  408  759
e  369  434  185
e  369  419  451
e  370  371  647
e  371  386  168
e  371  388  581
e  371  373  450
e  372  393  160
e  372  374  431
e  373  384  581
e  374  383  160
e  375  379  281
e  376  402  281
e  377  389  536
e  377  432  807
e  378  381  570
e  379  380  904
e  379  409  160
e  380  402  165
e  380  423  160
e  381  509  548
e  381  456  970
e  381  387  699
e  382  576  992
e  382  732  995
e  382  745  948
e  382  828  214
e  382  744  149
e  382  575  703
e  383  393  431
e  383  420  214
e  383  396  213
e  384  385  15
e  384  388  450
e  385  391  381
e  386  417  540
e  386  394  581
e  387  428  970
e  388  394  168
e  388  404  381
e  389  407  886
e  389  418  807
e  390  428  570
e  390  415  412
e  391  405  450
e  391  397  182
e  392  459  948
e  393  401  651
e  393  413  214
e  394  422  540
e  394  412  381
e  395  430  11
e  395  429  369
e  396  431  214
e  396  459  300
e  397  414  450
e  397  444  168
e  397  460  281
e  397  452  603
e  398  430  921
e  399  470  933
e  399  463  353
e  400  401  971
e  400  409  214
e  401  411  214
e  402  424  806
e  402  441  160
e  403  425  603
e  404  405  15
e  404  412  168
e  404  416  182
e  405  414  182
e  406  447  807
e  407  415  807
e  408  429  185
e  409  423  904
e  409  411  971
e  410  419  15
e  410  436  469
e  411  433  904
e  411  413  651
e  412  435  540
e  412  421  182
e  413  420  431
e  414  416  15
e  414  426  168
e  415  451  570
e  415  418  886
e  416  421  168
e  417  422  581
e  418  453  885
e  418  432  536
e  419  473  185
e  419  448  469
e  420  431  213
e  421  445  540
e  421  426  15
e  422  427  667
e  422  435  381
e  423  441  165
e  423  433  971
e  424  442  527
e  424  472  647
e  424  474  160
e  425  443  16
e  425  454  647
e  425  442  281
e  426  502  540
e  426  495  281
e  426  444  450
e  427  478  807
e  427  466  381
e  428  456  699
e  428  483  885
e  428  451  412
e  429  449  11
e  429  434  759
e  430  469  785
e  430  449  369
e  431  440  904
e  431  479  300
e  432  446  885
e  433  438  213
e  434  468  11
e  434  473  451
e  435  466  667
e  435  497  807
e  435  445  182
e  436  448  15
e  436  477  730
e  437  574  365
e  437  743  418
e  437  1113  548
e  438  439  431
e  438  465  165
e  439  440  651
e  439  480  165
e  440  494  165
e  440  531  300
e  441  474  806
e  441  489  647
e  441  464  213
e  442  457  647
e  443  452  647
e  444  485  281
e  445  498  807
e  445  524  281
e  445  502  15
e  446  447  28
e  446  453  536
e  446  455  628
e  447  450  628
e  448  513  185
e  448  558  970
e  448  487  730
e  449  530  785
e  449  537  451
e  449  468  759
e  450  455  28
e  450  490  570
e  450  478  581
e  451  461  885
e  452  458  281
e  452  454  16
e  453  462  570
e  453  467  628
e  454  457  281
e  455  467  536
e  455  475  570
e  456  512  548
e  456  519  885
e  457  458  16
e  457  486  160
e  457  472  527
e  458  460  603
e  458  511  168
e  458  516  160
e  459  479  214
e  459  510  241
e  460  485  168
e  461  462  886
e  461  483  412
e  461  482  628
e  462  471  628
e  463  500  933
e  464  465  971
e  464  501  647
e  465  514  647
e  465  480  431
e  466  488  807
e  467  471  570
e  468  493  451
e  469  643  354
e  469  530  369
e  470  476  995
e  470  500  353
e  471  482  886
e  471  504  581
e  471  475  536
e  472  481  160
e  473  493  11
e  473  513  469
e  474  481  647
e  475  492  581
e  475  490  28
e  476  532  948
e  476  506  353
e  477  487  15
e  477  484  840
e  478  491  570
e  478  488  381
e  479  531  904
e  479  548  603
e  480  534  647
e  480  494  651
e  481  486  527
e  481  515  213
e  481  489  806
e  482  528  412
e  482  518  581
e  483  519  699
e  483  528  628
e  484  496  15
e  484  509  462
e  485  495  450
e  485  511  603
e  486  516  16
e  486  535  168
e  486  526  213
e  487  554  970
e  487  496  840
e  488  499  570
e  488  503  182
e  488  497  667
e  489  501  213
e  490  491  581
e  491  492  28
e  491  499  381
e  492  504  536
e  492  505  381
e  493  537  759
e  493  649  970
e  493  541  469
e  494  551  647
e  494  555  300
e  495  517  540
e  495  543  160
e  495  536  603
e  496  529  970
e  496  520  462
e  497  498  182
e  498  503  667
e  498  508  570
e  498  545  281
e  499  505  28
e  499  507  182
e  500  506  995
e  500  533  713
e  501  515  806
e  501  514  971
e  502  517  281
e  503  507  570
e  504  518  886
e  504  522  381
e  505  522  536
e  505  521  182
e  506  566  948
e  506  542  713
e  507  521  28
e  507  508  667
e  508  527  28
e  508  546  281
e  509  520  15
e  509  512  970
e  510  532  603
e  511  536  450
e  511  525  160
e  512  523  15
e  512  544  885
e  513  541  11
e  513  569  970
e  514  581  527
e  514  534  431
e  515  526  527
e  516  525  168
e  517  524  15
e  517  556  807
e  517  561  160
e  518  552  412
e  518  567  548
e  518  540  381
e  519  544  548
e  519  553  628
e  520  523  970
e  521  539  536
e  521  527  667
e  522  540  886
e  522  539  182
e  523  529  462
e  523  597  185
e  523  547  885
e  524  545  807
e  525  538  450
e  525  535  16
e  526  560  168
e  526  580  971
e  527  550  536
e  527  588  281
e  528  553  699
e  528  562  548
e  528  552  581
e  529  554  840
e  530  711  354
e  530  816  970
e  530  726  451
e  531  555  165
e  531  632  603
e  532  549  214
e  532  566  353
e  533  542  995
e  534  654  527
e  534  662  570
e  534  639  300
e  534  551  651
e  535  560  213
e  536  538  160
e  537  726  785
e  537  690  970
e  538  543  603
e  538  586  570
e  538  582  213
e  539  557  886
e  539  550  667
e  540  573  548
e  540  557  182
e  541  598  970
e  542  617  948
e  542  691  664
e  542  577  933
e  543  561  540
e  544  547  15
e  544  559  628
e  545  546  570
e  545  556  15
e  546  588  28
e  546  587  160
e  546  564  15
e  547  600  185
e  547  594  581
e  547  570  628
e  548  549  241
e  548  632  904
e  548  624  353
e  549  578  353
e  550  589  886
e  550  606  548
e  550  607  281
e  551  579  300
e  552  563  548
e  553  559  548
e  554  558  730
e  555  579  647
e  555  653  603
e  556  564  570
e  556  568  160
e  557  590  548
e  557  589  667
e  558  569  185
e  559  570  15
e  559  565  581
e  559  562  699
e  560  583  450
e  560  613  570
e  560  621  971
e  561  568  807
e  562  563  581
e  563  565  699
e  563  567  412
e  564  571  160
e  565  572  15
e  566  578  214
e  566  617  713
e  567  573  381
e  568  571  570
e  569  598  11
e  569  595  462
e  570  572  581
e  571  587  15
e  571  640  213
e  571  584  603
e  572  594  628
e  572  629  185
e  572  591  381
e  573  593  15
e  573  590  182
e  574  669  418
e  575  669  149
e  576  681  995
e  577  681  664
e  578  624  241
e  578  790  647
e  578  635  713
e  579  639  651
e  579  697  570
e  579  660  603
e  580  581  806
e  580  621  168
e  580  647  570
e  581  650  570
e  581  654  431
e  582  583  16
e  582  602  570
e  583  605  570
e  584  585  540
e  584  614  213
e  585  586  807
e  585  603  213
e  586  602  213
e  587  625  28
e  587  657  548
e  587  664  213
e  588  607  536
e  588  627  548
e  588  625  160
e  589  601  548
e  590  599  15
e  590  601  667
e  591  592  412
e  591  634  185
e  591  623  182
e  592  593  699
e  592  609  182
e  593  599  182
e  594  620  185
e  595  596  840
e  595  604  11
e  595  610  885
e  596  597  730
e  596  608  885
e  597  600  885
e  598  649  469
e  598  626  885
e  598  604  462
e  599  609  699
e  599  616  667
e  600  608  730
e  600  618  11
e  600  620  581
e  601  616  15
e  601  606  886
e  602  603  807
e  602  605  16
e  603  614  540
e  603  611  16
e  604  612  885
e  605  611  807
e  605  613  450
e  606  628  15
e  606  619  281
e  607  619  548
e  608  610  840
e  608  615  11
e  609  623  412
e  609  665  185
e  609  648  667
e  610  612  11
e  611  656  540
e  611  718  548
e  611  686  971
e  611  622  450
e  612  626  462
e  612  645  581
e  612  615  840
e  613  622  807
e  613  636  971
e  614  640  603
e  614  673  548
e  614  656  16
e  615  642  581
e  615  618  730
e  616  648  699
e  616  633  281
e  616  628  886
e  617  635  214
e  617  701  664
e  618  631  581
e  619  630  15
e  619  651  160
e  619  627  536
e  620  631  11
e  620  629  628
e  621  636  570
e  622  644  971
e  623  646  185
e  624  702  904
e  624  748  647
e  625  637  548
e  626  696  469
e  626  693  581
e  627  637  160
e  628  630  281
e  629  638  11
e  629  634  381
e  630  633  886
e  630  652  160
e  631  642  730
e  631  659  381
e  631  638  628
e  632  653  165
e  632  670  647
e  632  702  353
e  633  674  699
e  633  709  185
e  633  688  160
e  634  641  11
e  634  646  182
e  635  823  647
e  635  715  664
e  636  644  807
e  636  655  806
e  636  647  168
e  637  651  536
e  637  658  15
e  637  680  213
e  637  657  28
e  638  641  381
e  639  682  570
e  640  664  15
e  640  668  548
e  641  659  628
e  641  675  730
e  641  663  182
e  642  645  840
e  642  667  381
e  643  788  921
e  643  711  369
e  644  686  450
e  644  735  548
e  644  705  431
e  644  672  806
e  645  693  462
e  645  676  381
e  646  663  11
e  646  665  412
e  647  650  806
e  648  678  185
e  648  674  281
e  649  690  759
e  649  696  885
e  650  655  168
e  650  661  431
e  651  652  15
e  652  688  886
e  652  739  185
e  652  720  213
e  652  658  536
e  653  660  647
e  654  661  570
e  655  672  807
e  655  671  431
e  656  706  548
e  657  666  213
e  658  687  213
e  659  667  730
e  660  738  570
e  660  728  353
e  660  670  165
e  661  671  168
e  661  685  807
e  661  662  527
e  662  692  807
e  662  682  300
e  663  710  730
e  663  724  281
e  663  684  412
e  664  666  548
e  665  684  11
e  665  678  667
e  666  680  28
e  666  695  15
e  666  668  15
e  667  676  840
e  667  675  628
e  668  698  15
e  668  673  603
e  669  744  703
e  669  1057  214
e  669  743  365
e  670  716  353
e  671  679  807
e  672  679  431
e  673  699  15
e  673  706  16
e  674  689  185
e  675  683  840
e  675  710  182
e  676  736  462
e  676  786  182
e  676  683  628
e  677  966  581
e  678  694  11
e  678  689  281
e  679  705  806
e  679  717  300
e  679  704  527
e  679  685  168
e  680  687  15
e  681  691  933
e  681  722  948
e  681  732  992
e  682  703  807
e  682  697  651
e  683  712  182
e  684  694  667
e  685  692  527
e  686  721  548
e  687  720  536
e  687  707  603
e  687  695  28
e  688  714  185
e  689  700  11
e  689  723  160
e  689  709  699
e  690  777  785
e  690  719  885
e  691  701  948
e  692  704  168
e  692  703  300
e  693  734  469
e  693  736  381
e  694  700  281
e  695  698  15
e  696  719  759
e  696  734  581
e  697  729  807
e  697  738  603
e  698  699  603
e  699  708  28
e  699  731  16
e  700  725  412
e  700  727  160
e  701  715  214
e  701  722  933
e  702  716  647
e  703  713  168
e  703  729  651
e  704  713  300
e  705  741  548
e  706  731  15
e  706  733  971
e  706  718  540
e  707  708  15
e  707  762  536
e  707  776  185
e  708  781  185
e  708  780  16
e  709  714  160
e  710  712  840
e  710  753  281
e  711  817  921
e  711  844  885
e  712  786  628
e  712  797  759
e  712  763  281
e  713  717  527
e  713  759  548
e  713  767  651
e  714  723  699
e  714  730  11
e  714  739  886
e  715  848  647
e  715  746  992
e  716  728  165
e  716  830  570
e  716  829  241
e  716  748  904
e  717  750  548
e  718  721  971
e  719  789  785
e  719  740  581
e  720  752  185
e  720  762  603
e  721  733  540
e  721  751  15
e  721  735  450
e  722  737  992
e  723  727  11
e  724  725  667
e  724  753  730
e  725  769  730
e  725  784  160
e  726  777  970
e  727  784  412
e  727  812  730
e  727  783  213
e  727  730  699
e  728  775  570
e  729  767  168
e  729  772  548
e  729  758  603
e  730  757  213
e  730  754  886
e  731  780  28
e  731  742  971
e  732  737  948
e  733  742  15
e  734  740  759
e  734  755  381
e  735  761  15
e  735  741  431
e  736  755  469
e  736  787  759
e  737  747  214
e  737  745  995
e  738  758  807
e  738  775  353
e  739  754  11
e  739  752  213
e  740  808  785
e  740  760  381
e  741  764  15
e  741  749  300
e  742  802  28
e  742  824  185
e  742  801  300
e  742  751  540
e  743  1061  214
e  744  999  214
e  745  766  214
e  746  747  933
e  746  912  647
e  746  930  570
e  746  983  548
e  747  1000  548
e  747  766  995
e  748  790  241
e  749  750  806
e  749  765  15
e  750  773  15
e  750  759  527
e  751  779  300
e  751  768  431
e  751  761  450
e  752  756  11
e  752  771  603
e  753  763  840
e  753  769  667
e  754  756  213
e  755  760  759
e  756  757  886
e  756  782  603
e  757  783  699
e  757  839  603
e  758  778  548
e  758  809  353
e  759  791  15
e  759  770  651
e  760  825  785
e  760  798  182
e  760  787  469
e  761  764  431
e  762  771  185
e  763  826  759
e  763  841  160
e  763  785  667
e  764  768  450
e  764  765  300
e  765  774  450
e  765  773  806
e  766  1023  548
e  766  1028  149
e  766  828  948
e  767  770  548
e  768  774  300
e  769  785  840
e  769  792  160
e  770  800  15
e  770  795  603
e  770  772  168
e  771  782  11
e  771  776  536
e  772  778  603
e  773  834  450
e  773  820  603
e  773  791  527
e  774  779  431
e  774  810  540
e  774  851  185
e  774  834  806
e  775  809  807
e  775  831  548
e  775  881  241
e  775  830  165
e  776  796  11
e  776  781  15
e  777  816  451
e  777  789  885
e  778  795  168
e  778  813  15
e  778  818  353
e  779  801  540
e  780  811  185
e  780  802  971
e  781  799  11
e  781  811  16
e  782  839  886
e  782  803  15
e  782  796  536
e  783  849  730
e  783  861  603
e  784  792  730
e  785  806  160
e  786  794  759
e  787  793  182
e  788  910  885
e  788  817  369
e  789  821  451
e  789  808  581
e  790  829  904
e  790  853  570
e  790  823  713
e  791  815  603
e  791  800  651
e  792  806  840
e  792  812  412
e  793  794  462
e  793  798  469
e  794  797  628
e  795  807  15
e  796  799  15
e  797  805  469
e  797  826  281
e  798  862  785
e  798  804  628
e  799  803  536
e  799  838  971
e  799  819  16
e  800  807  603
e  801  827  185
e  801  810  431
e  802  814  185
e  803  860  971
e  804  805  462
e  804  885  785
e  804  854  281
e  805  842  281
e  806  841  667
e  806  868  759
e  806  883  213
e  806  840  412
e  807  815  651
e  807  833  527
e  807  887  185
e  807  869  353
e  807  813  168
e  808  843  451
e  808  825  381
e  809  818  548
e  810  835  185
e  811  819  11
e  811  814  971
e  812  840  840
e  812  849  213
e  813  832  353
e  814  822  11
e  814  824  28
e  815  820  527
e  816  821  885
e  817  875  885
e  818  832  15
e  818  831  807
e  819  822  971
e  820  852  450
e  820  864  185
e  820  833  651
e  821  845  354
e  821  843  581
e  822  838  16
e  822  872  536
e  822  836  300
e  823  856  570
e  823  848  664
e  824  827  300
e  825  874  354
e  825  862  182
e  826  842  469
e  826  855  160
e  827  837  11
e  827  835  431
e  828  999  149
e  829  850  570
e  830  850  241
e  831  897  713
e  831  888  241
e  832  869  168
e  832  926  185
e  832  933  664
e  832  915  713
e  833  882  185
e  834  852  603
e  835  846  11
e  835  851  540
e  836  837  28
e  836  892  536
e  836  859  431
e  837  846  431
e  838  860  536
e  839  861  699
e  840  866  213
e  841  855  759
e  842  854  462
e  842  878  160
e  843  847  354
e  844  845  970
e  844  875  921
e  845  879  921
e  845  847  581
e  846  859  28
e  846  871  603
e  846  865  540
e  847  880  921
e  847  873  381
e  848  876  570
e  848  912  992
e  849  866  840
e  849  953  603
e  850  881  165
e  850  863  713
e  850  853  904
e  851  865  11
e  851  857  603
e  852  858  185
e  853  856  713
e  854  895  785
e  854  908  160
e  855  878  469
e  855  868  667
e  856  863  904
e  856  876  664
e  857  858  806
e  857  867  11
e  858  870  11
e  858  864  450
e  859  894  603
e  860  941  699
e  860  907  300
e  860  872  16
e  861  953  730
e  861  990  300
e  861  939  971
e  862  906  354
e  862  909  281
e  862  885  628
e  863  886  165
e  863  893  548
e  863  890  664
e  864  877  11
e  864  882  651
e  865  867  603
e  866  883  412
e  866  955  759
e  866  977  603
e  867  871  540
e  867  870  806
e  868  900  469
e  868  911  213
e  869  902  185
e  870  899  540
e  870  958  353
e  870  935  651
e  870  877  450
e  871  894  28
e  871  899  806
e  872  892  300
e  873  874  451
e  873  901  921
e  873  924  182
e  874  906  182
e  875  910  369
e  875  884  581
e  875  879  970
e  876  890  904
e  876  903  548
e  876  918  992
e  877  889  651
e  878  908  462
e  878  942  785
e  878  900  667
e  879  880  581
e  880  884  970
e  880  945  369
e  880  901  381
e  881  888  548
e  881  886  713
e  882  889  11
e  882  887  527
e  883  911  759
e  884  913  369
e  885  895  281
e  886  891  548
e  887  898  11
e  887  902  353
e  888  891  713
e  889  935  450
e  889  921  353
e  889  898  527
e  890  896  548
e  891  897  241
e  891  904  664
e  891  893  165
e  892  907  16
e  892  975  699
e  892  937  603
e  893  896  664
e  894  938  536
e  894  987  353
e  894  936  806
e  895  909  628
e  895  943  354
e  895  922  160
e  896  904  165
e  896  932  15
e  896  903  904
e  897  916  15
e  897  914  664
e  898  905  353
e  899  936  28
e  899  965  353
e  900  960  785
e  900  948  213
e  901  950  369
e  901  929  182
e  902  905  11
e  902  926  168
e  903  947  15
e  903  931  992
e  904  914  241
e  904  919  15
e  905  921  527
e  905  1046  28
e  905  1042  664
e  905  934  168
e  906  924  451
e  906  944  921
e  906  928  281
e  907  949  699
e  908  922  785
e  909  928  354
e  910  925  921
e  910  913  581
e  911  948  469
e  911  955  412
e  912  918  570
e  913  927  921
e  913  945  970
e  914  917  15
e  915  916  807
e  915  920  664
e  916  917  664
e  917  920  807
e  917  919  241
e  918  931  548
e  918  930  647
e  919  923  807
e  919  932  165
e  920  933  713
e  920  993  185
e  920  923  241
e  921  951  450
e  921  1016  28
e  922  961  354
e  922  991  667
e  922  942  462
e  923  1005  185
e  923  1004  992
e  923  957  165
e  924  929  921
e  925  927  581
e  926  934  11
e  926  982  664
e  927  946  885
e  927  968  20
e  927  972  381
e  927  956  970
e  928  954  921
e  928  943  628
e  929  1003  369
e  929  1021  20
e  929  962  281
e  929  944  451
e  930  964  548
e  931  969  15
e  931  964  647
e  932  957  807
e  932  947  904
e  933  982  185
e  934  985  664
e  935  951  353
e  936  971  353
e  937  938  431
e  937  979  699
e  938  1006  699
e  938  1017  353
e  939  940  15
e  939  959  300
e  940  941  886
e  940  952  300
e  941  949  300
e  942  960  667
e  943  967  921
e  943  961  160
e  944  954  281
e  945  956  921
e  945  950  381
e  946  966  20
e  947  973  807
e  947  969  992
e  948  980  785
e  948  1064  412
e  949  952  886
e  949  975  16
e  950  963  921
e  950  1009  20
e  950  1003  182
e  951  958  651
e  951  970  540
e  951  986  28
e  952  959  15
e  952  988  603
e  953  977  840
e  953  997  300
e  954  962  451
e  954  967  628
e  955  1064  469
e  955  1018  603
e  956  963  381
e  957  996  992
e  957  973  904
e  958  965  540
e  959  990  971
e  959  1001  730
e  959  1007  603
e  960  991  462
e  960  1008  354
e  960  980  213
e  961  976  921
e  961  998  667
e  962  1022  20
e  962  1002  160
e  962  992  628
e  963  972  970
e  963  981  20
e  964  1029  15
e  964  1011  933
e  964  983  570
e  965  971  28
e  965  970  651
e  966  1015  514
e  966  968  885
e  967  992  451
e  967  976  160
e  968  1025  514
e  968  978  381
e  969  984  807
e  969  1072  933
e  969  1029  647
e  970  974  28
e  971  987  806
e  971  1062  536
e  971  974  651
e  972  978  20
e  973  984  992
e  974  1073  536
e  974  1123  664
e  974  986  540
e  975  979  603
e  976  994  451
e  976  1048  213
e  976  1020  667
e  977  1018  759
e  977  1026  300
e  978  1035  514
e  978  981  970
e  979  989  886
e  979  1006  431
e  980  1014  354
e  980  1082  412
e  981  1056  514
e  981  1012  182
e  981  1009  921
e  982  985  11
e  982  993  713
e  983  1000  933
e  984  996  904
e  984  1051  185
e  985  1042  168
e  985  995  713
e  986  1016  450
e  987  1017  536
e  988  989  16
e  988  1007  15
e  988  1039  730
e  989  1047  730
e  989  1031  431
e  990  997  730
e  991  998  354
e  992  994  160
e  993  995  11
e  993  1005  241
e  994  1002  628
e  994  1049  20
e  994  1074  213
e  995  1080  168
e  995  1122  992
e  995  1013  241
e  996  1004  165
e  996  1045  185
e  997  1026  840
e  997  1001  971
e  998  1020  921
e  998  1019  213
e  998  1008  462
e  999  1028  948
e  999  1057  703
e  1000  1011  570
e  1000  1023  995
e  1001  1033  840
e  1001  1024  603
e  1002  1040  20
e  1003  1010  20
e  1004  1036  185
e  1005  1013  11
e  1005  1036  992
e  1006  1031  886
e  1006  1053  353
e  1007  1024  730
e  1008  1014  213
e  1009  1010  182
e  1010  1012  921
e  1010  1027  281
e  1010  1021  369
e  1011  1043  15
e  1011  1037  995
e  1012  1070  514
e  1012  1032  281
e  1013  1038  992
e  1014  1019  462
e  1014  1034  921
e  1015  1050  776
e  1015  1025  885
e  1016  1046  527
e  1017  1053  699
e  1017  1062  806
e  1018  1090  469
e  1018  1044  300
e  1019  1030  921
e  1020  1030  213
e  1021  1022  281
e  1022  1027  369
e  1022  1040  160
e  1023  1037  570
e  1023  1069  149
e  1024  1041  840
e  1024  1039  15
e  1025  1065  776
e  1025  1035  381
e  1026  1044  759
e  1026  1033  971
e  1027  1032  921
e  1027  1055  160
e  1028  1069  548
e  1028  1079  703
e  1029  1043  933
e  1030  1048  667
e  1030  1083  451
e  1030  1093  20
e  1030  1034  462
e  1031  1067  730
e  1031  1071  353
e  1032  1075  514
e  1032  1060  160
e  1033  1054  759
e  1033  1041  603
e  1034  1140  20
e  1034  1135  603
e  1035  1068  776
e  1035  1056  970
e  1036  1038  11
e  1036  1045  165
e  1037  1066  15
e  1037  1086  149
e  1038  1122  241
e  1038  1210  168
e  1038  1353  149
e  1038  1121  904
e  1038  1052  165
e  1039  1076  840
e  1039  1047  16
e  1040  1055  369
e  1040  1049  628
e  1041  1058  759
e  1041  1076  15
e  1042  1105  28
e  1042  1080  713
e  1043  1072  647
e  1043  1066  995
e  1044  1104  469
e  1044  1063  603
e  1044  1054  971
e  1045  1052  11
e  1045  1051  904
e  1046  1105  664
e  1047  1081  840
e  1047  1067  431
e  1048  1074  451
e  1049  1084  369
e  1049  1077  213
e  1050  1147  202
e  1050  1146  381
e  1050  1065  885
e  1051  1059  11
e  1052  1059  904
e  1053  1071  886
e  1053  1128  730
e  1053  1126  651
e  1054  1058  603
e  1055  1060  921
e  1055  1084  628
e  1056  1088  776
e  1056  1070  182
e  1057  1079  948
e  1057  1061  365
e  1058  1063  971
e  1058  1134  785
e  1058  1130  353
e  1058  1092  15
e  1059  1121  165
e  1059  1265  149
e  1059  1118  933
e  1060  1094  514
e  1060  1087  628
e  1061  1085  948
e  1061  1101  548
e  1062  1073  651
e  1063  1107  469
e  1064  1082  785
e  1064  1090  603
e  1065  1068  381
e  1066  1117  647
e  1066  1098  149
e  1067  1091  840
e  1067  1078  353
e  1068  1146  885
e  1068  1149  202
e  1068  1144  281
e  1068  1088  970
e  1069  1086  570
e  1069  1095  703
e  1070  1097  776
e  1070  1075  281
e  1071  1078  730
e  1072  1120  11
e  1072  1117  995
e  1073  1127  699
e  1073  1156  664
e  1074  1077  20
e  1074  1083  667
e  1075  1100  776
e  1075  1094  160
e  1076  1092  759
e  1076  1081  16
e  1077  1142  921
e  1077  1089  667
e  1078  1106  840
e  1078  1129  759
e  1078  1128  886
e  1079  1095  548
e  1079  1085  365
e  1080  1165  28
e  1080  1167  992
e  1081  1099  759
e  1081  1091  431
e  1082  1102  603
e  1083  1089  20
e  1084  1087  921
e  1085  1096  548
e  1086  1098  15
e  1087  1143  514
e  1087  1141  213
e  1088  1097  182
e  1089  1169  921
e  1089  1201  514
e  1089  1240  776
e  1089  1241  603
e  1089  1093  451
e  1090  1102  785
e  1090  1104  300
e  1091  1103  759
e  1091  1106  353
e  1092  1099  16
e  1093  1239  603
e  1093  1140  462
e  1094  1111  776
e  1094  1143  628
e  1095  1096  365
e  1096  1116  15
e  1096  1101  948
e  1097  1100  281
e  1098  1158  647
e  1098  1162  11
e  1098  1114  365
e  1099  1103  431
e  1100  1145  970
e  1100  1111  160
e  1101  1157  15
e  1101  1112  418
e  1102  1108  300
e  1103  1109  353
e  1104  1108  785
e  1104  1107  603
e  1105  1125  540
e  1105  1165  713
e  1106  1109  759
e  1107  1110  785
e  1108  1110  603
e  1109  1132  15
e  1109  1211  785
e  1109  1257  921
e  1109  1245  664
e  1109  1224  651
e  1109  1129  840
e  1110  1139  921
e  1110  1133  971
e  1111  1193  970
e  1111  1197  202
e  1111  1214  213
e  1111  1151  628
e  1112  1113  214
e  1112  1166  15
e  1113  1204  15
e  1113  1163  534
e  1114  1115  703
e  1114  1205  11
e  1115  1116  570
e  1115  1207  11
e  1115  1185  418
e  1115  1176  948
e  1116  1157  948
e  1117  1153  11
e  1117  1158  149
e  1118  1119  807
e  1118  1188  149
e  1118  1171  995
e  1119  1120  185
e  1119  1154  995
e  1120  1153  995
e  1121  1340  149
e  1122  1167  168
e  1123  1124  527
e  1123  1156  536
e  1124  1125  450
e  1124  1236  536
e  1124  1244  713
e  1125  1235  713
e  1126  1127  806
e  1126  1168  730
e  1127  1173  730
e  1127  1182  664
e  1128  1189  759
e  1128  1168  651
e  1129  1198  651
e  1129  1189  886
e  1130  1131  431
e  1130  1170  785
e  1131  1132  16
e  1131  1186  785
e  1132  1199  785
e  1133  1134  469
e  1133  1152  921
e  1133  1178  353
e  1134  1170  353
e  1135  1136  300
e  1135  1174  20
e  1136  1137  603
e  1136  1180  20
e  1137  1138  412
e  1137  1194  20
e  1137  1200  971
e  1138  1139  354
e  1138  1155  971
e  1139  1152  971
e  1140  1174  603
e  1141  1142  369
e  1141  1150  514
e  1141  1172  667
e  1142  1169  667
e  1143  1151  776
e  1143  1150  213
e  1144  1145  182
e  1144  1175  202
e  1145  1184  202
e  1145  1193  160
e  1146  1148  202
e  1147  1632  160
e  1147  1148  381
e  1148  1369  281
e  1148  1149  885
e  1149  1175  281
e  1150  1159  776
e  1150  1179  667
e  1151  1159  213
e  1152  1155  354
e  1152  1183  353
e  1153  1154  185
e  1153  1160  149
e  1154  1171  807
e  1154  1161  149
e  1155  1200  412
e  1155  1221  20
e  1155  1187  353
e  1156  1182  699
e  1156  1266  713
e  1156  1236  527
e  1157  1176  570
e  1157  1166  418
e  1158  1160  11
e  1159  1214  628
e  1159  1262  202
e  1159  1192  667
e  1160  1161  185
e  1160  1162  647
e  1161  1177  807
e  1161  1242  365
e  1161  1164  647
e  1162  1164  185
e  1162  1205  365
e  1163  1215  15
e  1163  1922  11
e  1164  1208  365
e  1165  1235  540
e  1165  1234  992
e  1166  1181  570
e  1166  1222  534
e  1166  1204  214
e  1167  1234  28
e  1167  1210  241
e  1168  1195  759
e  1168  1173  806
e  1169  1172  369
e  1169  1191  514
e  1170  1178  469
e  1170  1190  921
e  1170  1186  431
e  1171  1177  149
e  1172  1179  514
e  1173  1206  759
e  1173  1202  664
e  1174  1239  462
e  1174  1259  451
e  1174  1180  300
e  1175  1369  885
e  1175  1287  160
e  1175  1184  182
e  1176  1181  418
e  1177  1188  995
e  1177  1243  365
e  1178  1183  921
e  1179  1192  776
e  1179  1191  369
e  1180  1263  451
e  1180  1274  776
e  1180  1194  603
e  1181  1185  948
e  1181  1233  534
e  1182  1202  730
e  1182  1273  713
e  1183  1187  354
e  1183  1212  431
e  1183  1190  469
e  1184  1196  160
e  1185  1251  11
e  1186  1203  921
e  1186  1199  16
e  1187  1231  20
e  1187  1218  431
e  1188  1265  933
e  1188  1346  365
e  1189  1195  651
e  1190  1203  431
e  1191  1213  776
e  1191  1201  921
e  1192  1293  202
e  1192  1286  603
e  1192  1213  369
e  1193  1196  202
e  1194  1292  776
e  1194  1216  971
e  1195  1198  886
e  1195  1206  806
e  1196  1287  182
e  1196  1631  885
e  1196  1392  213
e  1196  1197  970
e  1197  1249  213
e  1198  1224  840
e  1198  1229  664
e  1198  1223  806
e  1199  1217  921
e  1199  1211  15
e  1200  1216  20
e  1201  1220  776
e  1202  1219  759
e  1203  1212  469
e  1203  1226  354
e  1203  1217  16
e  1204  1215  534
e  1205  1208  185
e  1205  1207  703
e  1206  1223  886
e  1206  1219  664
e  1207  1209  185
e  1207  1251  418
e  1208  1242  647
e  1208  1209  703
e  1209  1247  647
e  1209  1254  807
e  1209  1253  418
e  1210  1294  28
e  1210  1450  149
e  1211  1225  921
e  1212  1218  354
e  1213  1276  603
e  1213  1220  921
e  1214  1249  202
e  1215  1222  214
e  1215  1252  570
e  1215  1405  11
e  1216  1299  776
e  1216  1248  353
e  1216  1221  412
e  1217  1228  354
e  1217  1225  15
e  1218  1258  20
e  1218  1230  16
e  1218  1226  469
e  1219  1227  886
e  1219  1256  840
e  1219  1281  713
e  1220  1261  603
e  1220  1240  514
e  1221  1231  353
e  1222  1233  570
e  1223  1227  664
e  1224  1232  664
e  1225  1238  354
e  1225  1271  664
e  1225  1257  785
e  1226  1228  16
e  1227  1229  806
e  1227  1237  840
e  1228  1230  469
e  1228  1238  15
e  1229  1232  840
e  1230  1267  20
e  1230  1246  15
e  1231  1248  412
e  1231  1335  776
e  1231  1258  431
e  1232  1245  651
e  1232  1283  921
e  1232  1237  806
e  1233  1278  11
e  1233  1252  214
e  1234  1302  540
e  1234  1327  759
e  1234  1294  241
e  1235  1244  450
e  1235  1279  536
e  1235  1302  992
e  1236  1255  713
e  1237  1296  921
e  1237  1256  886
e  1238  1246  469
e  1238  1284  664
e  1239  1241  451
e  1240  1260  603
e  1241  1260  776
e  1241  1264  300
e  1241  1259  462
e  1242  1243  807
e  1242  1247  703
e  1243  1346  995
e  1243  1250  703
e  1244  1255  536
e  1245  1270  921
e  1246  1275  20
e  1246  1298  664
e  1247  1250  807
e  1248  1301  776
e  1249  1392  970
e  1249  1471  603
e  1249  1262  628
e  1250  1380  995
e  1250  1562  20
e  1250  1339  418
e  1250  1254  647
e  1251  1253  185
e  1251  1277  534
e  1252  1325  11
e  1253  1317  807
e  1253  1288  534
e  1254  1317  418
e  1255  1266  527
e  1255  1280  699
e  1255  1303  759
e  1255  1279  450
e  1256  1330  921
e  1256  1319  713
e  1257  1270  664
e  1258  1338  776
e  1258  1267  16
e  1259  1263  300
e  1260  1261  514
e  1260  1268  300
e  1261  1276  921
e  1261  1272  300
e  1262  1416  603
e  1262  1293  667
e  1263  1264  462
e  1263  1269  776
e  1264  1268  776
e  1265  1340  165
e  1265  1439  365
e  1266  1273  699
e  1267  1357  776
e  1267  1343  664
e  1267  1275  15
e  1268  1272  514
e  1268  1269  462
e  1269  1285  514
e  1269  1274  451
e  1270  1271  785
e  1270  1283  651
e  1271  1284  354
e  1271  1290  651
e  1272  1307  921
e  1272  1337  353
e  1272  1285  462
e  1273  1282  759
e  1273  1280  527
e  1274  1297  514
e  1274  1292  603
e  1275  1300  664
e  1276  1286  369
e  1276  1307  300
e  1277  1278  948
e  1277  1288  185
e  1278  1289  185
e  1278  1325  214
e  1279  1309  992
e  1280  1291  759
e  1281  1282  730
e  1281  1319  840
e  1281  1345  992
e  1281  1295  527
e  1282  1291  527
e  1283  1290  785
e  1283  1296  806
e  1284  1298  469
e  1284  1305  20
e  1284  1304  651
e  1285  1332  353
e  1285  1316  603
e  1285  1297  451
e  1286  1324  202
e  1286  1311  300
e  1287  1417  885
e  1288  1359  807
e  1288  1289  948
e  1289  1463  807
e  1289  1336  214
e  1290  1304  354
e  1290  1310  806
e  1291  1295  730
e  1291  1318  992
e  1291  1303  699
e  1292  1308  514
e  1292  1306  353
e  1292  1299  971
e  1293  1324  603
e  1294  1376  759
e  1294  1457  149
e  1295  1321  992
e  1296  1310  785
e  1296  1341  713
e  1296  1330  886
e  1297  1308  603
e  1298  1300  20
e  1299  1301  353
e  1300  1343  15
e  1300  1379  776
e  1300  1342  651
e  1300  1305  469
e  1301  1306  971
e  1301  1315  514
e  1301  1349  431
e  1301  1335  412
e  1302  1309  536
e  1303  1313  992
e  1304  1323  20
e  1304  1320  806
e  1305  1323  651
e  1306  1312  514
e  1307  1311  369
e  1307  1351  353
e  1308  1316  451
e  1308  1312  353
e  1309  1314  759
e  1310  1320  354
e  1310  1348  713
e  1311  1344  202
e  1311  1356  353
e  1312  1322  451
e  1312  1315  971
e  1313  1314  450
e  1313  1318  699
e  1314  1329  730
e  1314  1326  540
e  1315  1331  451
e  1315  1366  431
e  1316  1322  353
e  1317  1339  647
e  1317  1359  534
e  1318  1321  730
e  1319  1333  921
e  1319  1352  992
e  1320  1334  20
e  1320  1354  713
e  1321  1345  527
e  1321  1363  921
e  1321  1328  450
e  1322  1332  603
e  1322  1350  462
e  1322  1331  971
e  1323  1342  469
e  1323  1334  806
e  1324  1416  667
e  1324  1344  300
e  1325  1336  185
e  1325  1405  570
e  1326  1327  536
e  1326  1347  730
e  1327  1360  730
e  1327  1376  241
e  1328  1329  699
e  1328  1390  921
e  1328  1361  540
e  1329  1347  540
e  1330  1333  713
e  1331  1367  462
e  1331  1383  921
e  1331  1399  202
e  1331  1413  431
e  1332  1337  462
e  1333  1341  886
e  1333  1364  785
e  1333  1355  992
e  1334  1374  469
e  1334  1358  713
e  1335  1338  431
e  1336  1607  807
e  1336  1799  20
e  1336  1438  570
e  1337  1351  921
e  1337  1350  603
e  1338  1349  412
e  1338  1371  514
e  1338  1375  664
e  1338  1357  16
e  1339  1571  20
e  1339  1396  534
e  1340  1353  904
e  1340  1446  365
e  1341  1348  785
e  1342  1404  776
e  1342  1374  806
e  1343  1365  776
e  1344  1540  667
e  1344  1370  353
e  1345  1352  840
e  1346  1439  933
e  1346  1449  165
e  1346  1380  703
e  1347  1361  699
e  1347  1360  536
e  1348  1354  354
e  1348  1364  886
e  1349  1366  514
e  1350  1368  921
e  1350  1367  971
e  1351  1356  369
e  1351  1368  603
e  1352  1355  921
e  1353  1450  168
e  1353  1468  759
e  1353  1467  365
e  1354  1358  20
e  1354  1373  886
e  1355  1378  785
e  1355  1391  20
e  1355  1362  527
e  1356  1370  202
e  1356  1384  603
e  1357  1365  664
e  1358  1403  469
e  1358  1386  992
e  1358  1377  886
e  1359  1396  647
e  1359  1463  948
e  1360  1397  241
e  1361  1400  921
e  1362  1363  840
e  1362  1395  20
e  1363  1390  450
e  1364  1373  354
e  1364  1378  992
e  1365  1375  16
e  1365  1393  514
e  1365  1379  15
e  1366  1413  451
e  1366  1402  664
e  1366  1371  412
e  1367  1372  921
e  1368  1384  369
e  1368  1372  971
e  1369  1417  160
e  1370  1569  667
e  1370  1561  664
e  1370  1415  971
e  1370  1385  603
e  1371  1389  664
e  1372  1388  202
e  1372  1383  462
e  1373  1377  20
e  1374  1419  776
e  1374  1403  713
e  1375  1389  514
e  1376  1397  730
e  1376  1429  921
e  1376  1459  149
e  1377  1381  992
e  1378  1382  20
e  1379  1412  514
e  1379  1404  651
e  1380  1466  165
e  1380  1549  20
e  1381  1382  354
e  1381  1386  886
e  1381  1401  527
e  1382  1398  527
e  1382  1391  785
e  1383  1394  202
e  1384  1385  202
e  1385  1387  971
e  1386  1422  469
e  1386  1453  776
e  1386  1452  527
e  1387  1388  369
e  1387  1415  603
e  1387  1458  664
e  1387  1414  462
e  1388  1394  462
e  1389  1402  412
e  1389  1437  202
e  1389  1393  16
e  1390  1410  20
e  1390  1400  540
e  1391  1395  527
e  1392  1685  885
e  1392  1541  603
e  1393  1444  202
e  1393  1412  15
e  1394  1414  369
e  1394  1433  664
e  1394  1399  921
e  1395  1398  785
e  1395  1411  354
e  1395  1409  450
e  1396  1595  20
e  1396  1717  948
e  1397  1408  921
e  1398  1401  354
e  1399  1432  664
e  1399  1418  431
e  1400  1421  20
e  1400  1406  241
e  1401  1452  886
e  1401  1474  776
e  1401  1481  241
e  1401  1428  450
e  1401  1411  785
e  1402  1420  451
e  1402  1425  202
e  1403  1424  776
e  1403  1422  992
e  1404  1436  514
e  1404  1443  713
e  1404  1419  806
e  1405  1438  185
e  1405  2036  776
e  1405  1922  15
e  1406  1407  536
e  1406  1427  20
e  1407  1408  699
e  1407  1430  20
e  1408  1434  20
e  1408  1429  730
e  1409  1410  840
e  1409  1426  354
e  1410  1421  540
e  1411  1426  450
e  1412  1461  202
e  1412  1436  651
e  1413  1418  202
e  1413  1420  664
e  1414  1448  664
e  1415  1527  664
e  1416  1471  628
e  1416  1540  300
e  1417  1633  381
e  1417  1818  603
e  1417  1722  213
e  1417  1631  182
e  1418  1423  664
e  1419  1424  713
e  1420  1423  202
e  1421  1427  241
e  1422  1431  776
e  1423  1432  431
e  1423  1435  921
e  1423  1470  16
e  1423  1425  451
e  1424  1443  806
e  1424  1462  514
e  1424  1431  992
e  1425  1454  16
e  1425  1437  412
e  1426  1428  785
e  1426  1440  241
e  1427  1442  354
e  1427  1430  536
e  1428  1445  241
e  1429  1460  20
e  1429  1473  149
e  1430  1469  354
e  1430  1434  699
e  1431  1465  514
e  1431  1495  527
e  1431  1453  469
e  1432  1433  921
e  1433  1448  369
e  1433  1435  431
e  1434  1479  354
e  1434  1486  149
e  1434  1460  730
e  1435  1455  369
e  1435  1490  16
e  1436  1475  202
e  1436  1456  713
e  1437  1444  16
e  1438  1909  20
e  1438  1949  776
e  1439  1446  165
e  1440  1441  540
e  1440  1445  785
e  1441  1442  840
e  1441  1447  785
e  1442  1451  785
e  1442  1469  536
e  1443  1456  514
e  1444  1454  412
e  1444  1483  451
e  1444  1461  15
e  1445  1481  450
e  1445  1492  776
e  1445  1447  540
e  1446  1467  904
e  1446  1477  703
e  1446  1449  933
e  1447  1500  776
e  1447  1512  149
e  1447  1506  536
e  1447  1451  840
e  1448  1458  462
e  1448  1455  431
e  1449  1466  703
e  1450  1457  28
e  1450  1464  759
e  1451  1480  536
e  1452  1472  776
e  1453  1472  527
e  1454  1470  451
e  1455  1484  462
e  1455  1508  16
e  1456  1485  202
e  1456  1482  992
e  1456  1462  806
e  1457  1459  759
e  1458  1527  603
e  1458  1792  992
e  1458  1484  431
e  1459  1473  921
e  1459  1478  168
e  1459  1464  28
e  1460  1476  149
e  1461  1516  451
e  1461  1526  713
e  1461  1475  651
e  1462  1465  992
e  1463  1717  647
e  1463  1728  20
e  1463  1607  214
e  1464  1468  168
e  1465  1482  806
e  1465  1496  202
e  1465  1522  527
e  1466  1477  933
e  1466  1503  904
e  1466  1530  20
e  1467  1504  759
e  1467  1513  20
e  1467  1493  703
e  1468  1478  28
e  1468  1489  921
e  1468  1505  20
e  1468  1504  365
e  1469  1480  785
e  1469  1479  699
e  1470  1490  921
e  1470  1483  412
e  1471  1541  970
e  1471  1629  353
e  1472  1495  469
e  1472  1515  241
e  1472  1474  886
e  1473  1476  20
e  1473  1487  168
e  1474  1488  241
e  1475  1485  713
e  1476  1486  730
e  1476  1538  354
e  1476  1494  168
e  1477  1493  904
e  1478  1487  921
e  1479  1499  785
e  1479  1498  149
e  1480  1506  840
e  1480  1502  149
e  1480  1499  699
e  1481  1488  776
e  1482  1491  202
e  1483  1507  921
e  1483  1516  15
e  1484  1662  992
e  1484  1628  16
e  1485  1526  651
e  1485  1539  451
e  1485  1491  992
e  1486  1498  354
e  1487  1494  20
e  1487  1489  28
e  1488  1515  886
e  1488  1525  469
e  1488  1492  450
e  1489  1497  20
e  1490  1508  369
e  1490  1507  412
e  1491  1543  451
e  1491  1496  806
e  1492  1559  469
e  1492  1567  514
e  1492  1551  149
e  1492  1500  540
e  1493  1517  20
e  1493  1503  933
e  1494  1529  365
e  1494  1497  28
e  1495  1522  514
e  1495  1520  241
e  1496  1624  921
e  1496  1666  149
e  1496  1622  241
e  1496  1542  527
e  1497  1510  365
e  1497  1505  921
e  1498  1501  785
e  1498  1548  365
e  1498  1538  730
e  1499  1501  149
e  1500  1514  149
e  1501  1502  699
e  1501  1534  776
e  1501  1558  365
e  1502  1511  840
e  1502  1524  776
e  1503  1528  20
e  1504  1509  20
e  1505  1509  365
e  1506  1511  149
e  1507  1555  369
e  1507  1560  713
e  1507  1532  15
e  1508  1628  462
e  1508  1627  992
e  1508  1583  713
e  1508  1555  412
e  1509  1510  921
e  1509  1518  703
e  1509  1513  759
e  1510  1529  28
e  1510  1519  703
e  1511  1512  536
e  1511  1521  776
e  1512  1514  776
e  1513  1517  703
e  1514  1551  540
e  1514  1597  514
e  1514  1619  202
e  1514  1618  365
e  1514  1521  536
e  1515  1520  469
e  1516  1532  921
e  1516  1535  713
e  1517  1518  759
e  1517  1523  921
e  1517  1528  933
e  1518  1519  921
e  1519  1557  28
e  1519  1572  354
e  1519  1533  933
e  1519  1523  759
e  1520  1536  514
e  1520  1525  886
e  1521  1602  365
e  1521  1524  840
e  1522  1542  202
e  1522  1536  241
e  1523  1531  933
e  1524  1599  365
e  1524  1534  699
e  1525  1552  514
e  1525  1559  450
e  1526  1535  451
e  1527  1561  971
e  1527  1866  628
e  1527  1815  992
e  1528  1531  921
e  1528  1530  904
e  1529  1547  354
e  1529  1557  703
e  1530  1537  921
e  1530  1549  165
e  1531  1533  759
e  1531  1537  904
e  1532  1544  713
e  1533  1601  354
e  1533  1545  904
e  1534  1565  365
e  1535  1544  921
e  1535  1539  651
e  1536  1556  202
e  1536  1552  886
e  1537  1545  759
e  1537  1564  165
e  1538  1546  365
e  1539  1543  992
e  1540  1569  353
e  1541  1753  885
e  1541  1678  353
e  1542  1556  241
e  1543  1554  921
e  1544  1560  15
e  1544  1553  992
e  1545  1612  776
e  1545  1609  418
e  1545  1586  165
e  1546  1547  168
e  1546  1548  730
e  1547  1550  730
e  1547  1563  703
e  1548  1558  785
e  1548  1573  776
e  1548  1550  168
e  1549  1564  921
e  1549  1562  995
e  1550  1579  776
e  1550  1570  703
e  1551  1574  514
e  1552  1575  202
e  1552  1566  450
e  1553  1554  651
e  1553  1577  369
e  1554  1591  369
e  1554  1623  806
e  1555  1568  713
e  1556  1622  527
e  1556  1598  149
e  1556  1575  886
e  1557  1563  354
e  1558  1565  776
e  1559  1566  514
e  1560  1568  369
e  1561  1715  667
e  1561  1816  628
e  1562  1578  921
e  1562  1571  418
e  1563  1570  730
e  1563  1593  776
e  1563  1572  28
e  1564  1586  759
e  1564  1578  995
e  1565  1599  699
e  1565  1587  703
e  1565  1582  168
e  1565  1573  785
e  1566  1585  202
e  1566  1580  149
e  1566  1567  469
e  1567  1574  149
e  1568  1583  412
e  1568  1576  992
e  1569  1630  628
e  1569  1715  664
e  1570  1581  776
e  1571  1589  921
e  1571  1595  534
e  1572  1600  776
e  1572  1601  933
e  1573  1579  168
e  1574  1580  469
e  1574  1594  202
e  1574  1597  540
e  1575  1590  149
e  1575  1585  450
e  1576  1577  15
e  1576  1592  412
e  1577  1591  651
e  1578  1596  759
e  1578  1589  418
e  1579  1582  785
e  1579  1581  703
e  1580  1588  202
e  1581  1584  785
e  1581  1593  730
e  1582  1584  703
e  1583  1592  992
e  1584  1587  168
e  1584  1665  202
e  1584  1613  933
e  1585  1588  149
e  1586  1596  995
e  1587  1617  840
e  1587  1663  202
e  1588  1590  450
e  1588  1621  886
e  1588  1675  365
e  1588  1620  540
e  1588  1594  469
e  1589  1603  759
e  1589  1605  534
e  1590  1598  886
e  1591  1626  412
e  1591  1653  806
e  1592  1627  713
e  1592  1651  462
e  1592  1625  651
e  1593  1600  28
e  1594  1604  540
e  1595  1605  921
e  1595  1727  948
e  1596  1603  418
e  1597  1604  202
e  1598  1652  527
e  1598  1735  921
e  1598  1705  365
e  1598  1621  450
e  1599  1602  840
e  1600  1606  933
e  1601  1606  776
e  1602  1618  536
e  1602  1640  202
e  1602  1616  703
e  1603  1610  165
e  1603  1639  776
e  1603  1608  534
e  1604  1620  469
e  1604  1636  365
e  1604  1619  514
e  1605  1608  759
e  1605  1681  776
e  1605  1756  948
e  1606  1615  785
e  1606  1611  904
e  1607  1765  20
e  1608  1643  776
e  1609  1610  995
e  1609  1635  776
e  1610  1637  776
e  1611  1612  354
e  1611  1648  785
e  1611  1638  418
e  1612  1635  418
e  1613  1614  28
e  1613  1667  202
e  1613  1668  418
e  1614  1615  730
e  1614  1661  418
e  1614  1657  904
e  1615  1648  904
e  1616  1617  699
e  1616  1642  202
e  1617  1659  202
e  1618  1634  202
e  1619  1634  365
e  1620  1656  365
e  1621  1687  365
e  1622  1652  149
e  1623  1624  451
e  1623  1653  369
e  1623  1701  149
e  1624  1694  149
e  1625  1626  15
e  1625  1709  462
e  1626  1751  462
e  1626  1762  149
e  1626  1750  806
e  1627  1646  462
e  1628  1646  992
e  1629  1630  300
e  1629  1678  970
e  1630  1700  970
e  1630  1726  664
e  1631  1685  213
e  1632  1633  281
e  1632  1723  581
e  1633  1754  581
e  1633  1843  603
e  1634  1636  514
e  1634  1645  703
e  1634  1640  536
e  1635  1638  354
e  1635  1637  995
e  1636  1656  469
e  1636  1647  703
e  1637  1641  354
e  1637  1639  165
e  1638  1654  785
e  1638  1641  995
e  1639  1644  354
e  1639  1643  534
e  1640  1642  703
e  1641  1660  785
e  1641  1655  534
e  1641  1644  165
e  1642  1645  536
e  1642  1649  514
e  1642  1659  699
e  1643  1650  354
e  1643  1770  202
e  1643  1681  759
e  1644  1650  534
e  1645  1647  514
e  1646  1662  16
e  1646  1651  713
e  1647  1674  469
e  1647  1731  933
e  1647  1649  536
e  1648  1657  730
e  1648  1654  418
e  1649  1684  933
e  1649  1677  699
e  1650  1655  165
e  1650  1669  785
e  1650  1733  202
e  1651  1676  16
e  1651  1814  149
e  1651  1709  651
e  1652  1666  241
e  1652  1708  921
e  1653  1750  412
e  1653  1714  149
e  1654  1658  730
e  1654  1660  995
e  1655  1664  785
e  1656  1675  540
e  1656  1674  703
e  1657  1658  418
e  1658  1661  904
e  1658  1682  28
e  1658  1670  534
e  1659  1677  514
e  1659  1672  933
e  1659  1663  840
e  1660  1664  534
e  1661  1668  28
e  1662  1792  431
e  1662  1676  713
e  1663  1665  168
e  1664  1671  730
e  1664  1669  165
e  1665  1667  933
e  1666  1694  921
e  1667  1673  840
e  1667  1692  514
e  1667  1680  418
e  1668  1680  202
e  1668  1682  904
e  1669  1696  730
e  1669  1706  202
e  1670  1671  995
e  1670  1686  28
e  1670  1690  202
e  1671  1693  202
e  1671  1696  165
e  1672  1673  168
e  1672  1679  514
e  1673  1683  514
e  1674  1704  540
e  1674  1748  886
e  1674  1747  418
e  1674  1737  933
e  1675  1687  886
e  1675  1704  703
e  1676  1838  431
e  1676  1889  603
e  1676  1822  149
e  1677  1679  933
e  1678  1826  885
e  1678  1817  664
e  1678  1700  300
e  1679  1684  699
e  1679  1683  168
e  1680  1695  514
e  1680  1691  534
e  1680  1688  904
e  1681  1778  202
e  1681  1758  948
e  1682  1688  202
e  1682  1686  534
e  1683  1699  699
e  1683  1698  418
e  1683  1692  840
e  1684  1731  536
e  1684  1713  418
e  1684  1699  168
e  1685  1722  182
e  1685  1753  603
e  1686  1689  202
e  1687  1705  450
e  1687  1716  703
e  1688  1689  534
e  1689  1691  904
e  1689  1710  514
e  1689  1697  995
e  1689  1690  28
e  1690  1693  995
e  1691  1702  514
e  1692  1695  418
e  1693  1697  28
e  1693  1718  514
e  1693  1703  165
e  1694  1701  451
e  1694  1708  241
e  1695  1698  840
e  1695  1702  534
e  1696  1703  202
e  1697  1712  514
e  1698  1707  699
e  1698  1711  534
e  1699  1707  418
e  1700  1752  664
e  1701  1714  369
e  1701  1721  241
e  1702  1711  840
e  1702  1719  995
e  1702  1710  904
e  1703  1729  514
e  1703  1706  730
e  1704  1716  886
e  1705  1742  921
e  1705  1734  703
e  1706  1743  514
e  1706  1733  785
e  1707  1713  168
e  1707  1720  534
e  1708  1721  451
e  1708  1735  527
e  1709  1779  149
e  1709  1751  15
e  1710  1712  995
e  1711  1720  699
e  1711  1724  995
e  1712  1719  904
e  1712  1730  840
e  1712  1744  165
e  1712  1718  28
e  1713  1736  536
e  1713  1725  534
e  1714  1757  412
e  1714  1732  241
e  1715  1726  628
e  1716  1734  450
e  1716  1784  921
e  1716  1787  418
e  1716  1748  540
e  1717  1727  20
e  1718  1729  165
e  1719  1724  840
e  1720  1725  168
e  1720  1739  995
e  1721  1732  369
e  1721  1749  527
e  1722  1777  603
e  1723  1902  603
e  1723  1754  281
e  1724  1739  699
e  1724  1730  904
e  1725  1740  536
e  1725  1746  469
e  1725  1768  995
e  1726  1752  970
e  1726  1816  667
e  1727  1756  921
e  1727  1728  647
e  1728  1764  921
e  1728  1767  776
e  1728  1765  214
e  1729  1744  28
e  1729  1775  840
e  1729  1879  948
e  1729  1743  730
e  1730  1745  699
e  1730  1763  165
e  1731  1737  469
e  1731  1736  418
e  1732  1760  365
e  1733  1802  514
e  1733  1800  948
e  1733  1770  354
e  1734  1759  921
e  1735  1749  451
e  1735  1742  365
e  1736  1738  469
e  1736  1740  534
e  1737  1738  418
e  1738  1747  933
e  1738  1741  534
e  1739  1768  168
e  1739  1776  469
e  1739  1745  904
e  1740  1741  469
e  1741  1769  933
e  1741  1794  886
e  1741  1830  921
e  1741  1780  995
e  1741  1746  536
e  1742  1755  451
e  1742  1759  703
e  1743  1829  948
e  1743  1802  785
e  1744  1763  840
e  1745  1782  469
e  1745  1789  165
e  1746  1772  995
e  1747  1781  886
e  1747  1769  534
e  1748  1781  418
e  1749  1755  365
e  1750  1757  149
e  1751  1773  149
e  1752  1817  300
e  1752  1892  885
e  1752  1875  992
e  1752  1850  667
e  1753  1777  182
e  1753  1826  353
e  1754  1860  603
e  1755  1761  369
e  1755  1771  703
e  1756  1758  776
e  1756  1764  647
e  1757  1762  806
e  1757  1791  462
e  1757  1812  365
e  1758  1788  202
e  1758  1766  647
e  1759  1771  451
e  1759  1784  450
e  1760  1761  527
e  1760  1813  412
e  1760  1785  703
e  1761  1774  703
e  1762  1773  462
e  1763  1789  699
e  1763  1845  469
e  1763  1775  28
e  1764  1766  776
e  1765  1786  776
e  1765  1799  807
e  1766  1796  202
e  1766  1793  214
e  1766  1767  921
e  1767  1786  214
e  1768  1772  469
e  1769  1783  886
e  1770  1798  948
e  1770  1778  759
e  1771  1774  369
e  1772  1780  536
e  1772  1776  168
e  1773  1779  15
e  1773  1835  365
e  1773  1791  806
e  1774  1785  527
e  1774  1808  534
e  1775  1862  469
e  1775  1917  948
e  1776  1782  904
e  1777  1818  213
e  1777  1894  381
e  1777  1859  353
e  1778  1788  948
e  1779  1814  651
e  1779  1888  16
e  1779  1840  365
e  1780  1833  921
e  1780  1804  904
e  1781  1787  540
e  1781  1783  534
e  1782  1805  536
e  1782  1803  165
e  1783  1790  540
e  1783  1794  933
e  1784  1795  418
e  1785  1832  412
e  1785  1855  534
e  1786  1793  921
e  1786  1827  807
e  1787  1795  921
e  1787  1790  534
e  1788  1798  759
e  1788  1801  354
e  1788  1796  647
e  1789  1803  469
e  1790  1797  921
e  1791  1820  365
e  1792  1815  603
e  1792  1838  713
e  1793  1819  202
e  1793  1853  807
e  1794  1807  921
e  1795  1797  534
e  1796  1821  354
e  1796  1819  214
e  1797  1811  369
e  1797  1806  933
e  1798  1800  354
e  1799  1827  776
e  1799  1909  570
e  1800  1824  514
e  1800  1823  647
e  1800  1801  759
e  1801  1821  647
e  1802  1824  948
e  1803  1863  536
e  1803  1898  921
e  1803  1880  28
e  1803  1845  699
e  1804  1805  168
e  1804  1861  921
e  1805  1874  921
e  1805  1863  165
e  1806  1807  540
e  1806  1828  369
e  1807  1837  369
e  1807  1836  995
e  1807  1830  886
e  1808  1809  418
e  1808  1855  527
e  1809  1810  450
e  1809  1864  527
e  1809  1911  462
e  1809  1847  933
e  1810  1811  451
e  1810  1831  933
e  1811  1828  933
e  1812  1813  241
e  1812  1820  462
e  1813  1825  462
e  1813  1832  703
e  1814  1822  16
e  1815  1868  628
e  1815  1890  970
e  1815  1849  713
e  1816  1850  970
e  1816  1866  971
e  1817  1851  885
e  1818  1843  381
e  1819  1841  354
e  1819  1906  514
e  1819  1856  807
e  1820  1835  806
e  1820  1848  703
e  1820  1825  241
e  1821  1823  759
e  1821  1841  214
e  1822  1900  603
e  1822  1954  970
e  1822  1897  365
e  1822  1888  651
e  1823  1839  514
e  1823  1844  214
e  1824  1829  785
e  1824  1839  647
e  1825  1834  703
e  1826  1859  182
e  1826  1851  664
e  1827  1853  921
e  1827  1858  202
e  1827  1912  570
e  1828  1831  451
e  1828  1837  540
e  1829  1879  730
e  1829  1854  647
e  1830  1833  995
e  1831  1847  450
e  1831  1871  995
e  1831  1842  540
e  1832  1834  462
e  1832  1877  534
e  1833  1836  886
e  1833  1870  369
e  1833  1861  904
e  1834  1848  241
e  1834  1887  15
e  1834  1878  534
e  1835  1840  15
e  1835  1865  703
e  1836  1846  369
e  1837  1842  451
e  1837  1846  995
e  1838  1849  603
e  1839  1854  785
e  1839  1857  214
e  1840  1896  16
e  1840  1867  703
e  1841  1844  759
e  1841  1869  514
e  1842  1852  995
e  1843  1860  581
e  1843  1894  213
e  1844  1857  514
e  1845  1862  28
e  1846  1852  451
e  1846  1870  886
e  1847  1931  462
e  1847  1910  995
e  1848  1865  806
e  1849  1901  970
e  1849  1904  149
e  1849  1889  431
e  1850  1872  992
e  1851  1893  182
e  1851  1892  300
e  1852  1871  540
e  1852  1899  904
e  1852  1883  886
e  1853  1856  202
e  1854  1944  730
e  1854  1876  214
e  1855  1877  412
e  1855  1864  418
e  1856  1929  514
e  1856  1986  570
e  1856  1858  921
e  1857  1876  785
e  1857  1979  807
e  1857  1869  759
e  1858  1936  570
e  1859  1916  381
e  1859  1893  664
e  1860  1902  281
e  1860  1958  664
e  1860  1942  353
e  1860  1908  213
e  1861  1882  369
e  1861  1874  168
e  1862  1880  699
e  1862  1937  948
e  1863  1881  921
e  1864  1885  462
e  1865  1867  15
e  1866  1868  992
e  1867  1919  16
e  1867  1945  534
e  1867  1886  241
e  1868  1873  970
e  1869  1938  807
e  1869  1906  354
e  1870  1883  451
e  1870  1882  904
e  1871  1910  450
e  1871  2005  462
e  1871  1981  904
e  1872  1873  971
e  1872  1875  667
e  1873  1891  667
e  1873  1905  713
e  1873  1890  628
e  1874  1903  369
e  1874  1881  165
e  1875  1970  885
e  1875  1956  149
e  1875  1941  713
e  1875  1891  971
e  1876  1947  730
e  1876  1993  807
e  1877  1878  462
e  1878  1920  15
e  1878  1884  418
e  1879  1917  840
e  1879  1950  214
e  1879  1944  647
e  1880  1951  921
e  1880  1963  948
e  1881  1907  369
e  1881  1898  536
e  1882  1895  451
e  1882  1903  168
e  1883  1895  904
e  1884  1885  412
e  1884  1932  15
e  1884  1953  933
e  1884  1924  527
e  1885  1911  527
e  1886  1887  806
e  1886  1925  534
e  1887  1920  534
e  1888  1896  365
e  1889  1900  149
e  1890  1901  713
e  1891  1915  713
e  1892  1957  182
e  1892  1970  992
e  1893  1927  381
e  1893  1957  300
e  1894  1908  581
e  1894  1916  353
e  1895  1899  886
e  1895  1923  165
e  1895  1913  168
e  1896  1897  651
e  1896  1919  703
e  1897  1959  970
e  1897  1926  703
e  1898  1934  369
e  1898  1980  948
e  1898  1951  28
e  1899  1981  540
e  1899  1952  165
e  1900  1904  431
e  1900  1935  970
e  1901  1905  628
e  1901  1914  149
e  1902  1943  160
e  1902  1971  664
e  1903  1913  451
e  1903  1907  165
e  1904  1914  970
e  1905  1915  667
e  1905  1921  149
e  1906  1929  807
e  1907  1918  451
e  1907  1934  536
e  1908  1928  353
e  1909  1912  776
e  1910  1961  462
e  1911  1924  412
e  1911  1931  933
e  1912  1936  202
e  1912  1949  20
e  1913  1918  165
e  1914  1921  628
e  1914  1935  431
e  1915  1941  971
e  1915  1930  149
e  1916  1928  581
e  1916  1927  664
e  1917  1937  469
e  1917  1976  214
e  1918  1923  168
e  1918  1968  886
e  1918  2024  948
e  1918  1960  536
e  1919  1926  651
e  1919  1964  534
e  1920  1925  806
e  1920  1932  418
e  1921  1930  667
e  1921  1973  365
e  1921  1955  431
e  1922  2039  776
e  1923  1952  886
e  1924  1939  933
e  1925  1945  241
e  1925  1940  418
e  1926  1974  970
e  1926  1977  534
e  1927  1933  581
e  1927  2012  300
e  1928  1942  213
e  1928  1933  664
e  1929  1938  354
e  1929  2018  570
e  1930  1948  971
e  1930  1978  365
e  1931  1939  412
e  1931  1961  995
e  1932  1940  806
e  1932  2020  933
e  1933  1946  213
e  1933  2017  300
e  1934  1960  451
e  1934  1984  948
e  1935  1955  628
e  1935  1962  365
e  1935  1954  603
e  1936  1986  921
e  1936  2002  20
e  1937  1963  699
e  1937  1967  921
e  1937  1990  214
e  1938  1979  759
e  1939  1953  527
e  1939  1972  995
e  1940  1969  241
e  1940  1997  16
e  1941  1948  149
e  1942  1946  664
e  1943  1994  664
e  1944  1947  214
e  1945  1964  16
e  1945  1969  418
e  1946  1958  353
e  1946  1975  281
e  1947  1950  647
e  1947  1988  840
e  1948  1956  713
e  1948  2008  885
e  1948  2004  365
e  1949  2002  202
e  1949  2036  185
e  1950  1976  840
e  1951  1965  948
e  1952  1968  168
e  1953  2020  15
e  1953  2006  995
e  1954  1959  365
e  1955  1966  365
e  1956  1992  885
e  1957  2012  381
e  1957  2009  992
e  1958  1971  281
e  1959  1962  603
e  1959  1983  628
e  1959  1974  703
e  1960  1996  948
e  1961  1972  412
e  1961  2005  450
e  1962  1966  628
e  1963  1965  921
e  1964  1977  651
e  1964  1982  418
e  1965  1980  28
e  1965  1989  369
e  1965  1967  699
e  1966  1973  431
e  1966  1991  667
e  1966  1987  703
e  1966  1983  603
e  1967  2011  369
e  1967  2003  214
e  1969  1982  16
e  1970  2009  182
e  1970  1992  149
e  1971  1994  160
e  1971  1975  353
e  1972  2006  527
e  1973  1978  667
e  1974  1985  628
e  1974  1999  534
e  1975  2013  160
e  1976  1990  469
e  1976  1988  647
e  1977  1999  970
e  1977  1998  418
e  1978  2004  971
e  1978  2001  703
e  1978  1991  431
e  1979  1993  785
e  1980  1984  369
e  1981  2028  462
e  1982  1998  651
e  1982  2025  970
e  1982  1997  241
e  1983  1985  703
e  1984  1996  451
e  1984  1989  28
e  1985  1987  603
e  1985  2007  534
e  1986  2018  514
e  1987  2000  667
e  1987  2016  534
e  1988  1995  469
e  1989  2015  451
e  1989  2027  214
e  1989  2011  699
e  1990  2003  921
e  1990  1995  647
e  1991  2000  703
e  1992  2021  182
e  1992  2008  713
e  1994  2013  353
e  1995  2014  921
e  1996  2024  536
e  1996  2015  28
e  1997  2030  970
e  1998  2010  970
e  1999  2007  628
e  1999  2010  418
e  2000  2001  431
e  2000  2023  534
e  2001  2029  971
e  2001  2031  534
e  2002  2040  185
e  2003  2019  369
e  2003  2014  647
e  2004  2026  885
e  2004  2029  703
e  2005  2028  904
e  2007  2016  603
e  2007  2022  418
e  2008  2026  365
e  2009  2033  381
e  2009  2021  149
e  2010  2022  628
e  2010  2025  651
e  2011  2019  214
e  2012  2017  581
e  2012  2033  992
e  2014  2034  369
e  2015  2037  214
e  2016  2023  667
e  2016  2032  418
e  2017  2035  992
e  2019  2027  699
e  2019  2034  647
e  2021  2041  381
e  2022  2032  603
e  2023  2031  431
e  2023  2038  418
e  2025  2030  241
e  2026  2043  703
e  2027  2037  451
e  2029  2043  885
e  2032  2038  667
e  2033  2035  581
e  2033  2041  149
e  2035  2042  149
e  2036  2040  202
e  2036  2039  15
e  2039  2044  202
e  2040  2044  15
e  2041  2042  581
