p   edge 1144  2186
e  0  1103  920
e  0  84  310
e  0  70  956
e  1  2  77
e  1  363  10
e  1  912  295
e  2  3  488
e  2  211  10
e  3  4  559
e  3  105  10
e  4  5  587
e  4  89  10
e  5  6  256
e  5  83  10
e  6  7  953
e  6  72  10
e  7  8  10
e  8  9  510
e  8  72  953
e  9  10  728
e  9  78  821
e  9  76  953
e  10  11  792
e  10  74  821
e  11  12  821
e  12  13  352
e  12  81  858
e  12  74  792
e  13  14  858
e  14  15  655
e  14  81  352
e  15  16  537
e  15  106  490
e  15  109  452
e  15  99  352
e  16  17  490
e  17  18  566
e  17  93  452
e  17  106  537
e  18  19  452
e  19  20  7
e  19  93  566
e  20  21  233
e  20  103  566
e  21  22  508
e  21  124  566
e  22  23  513
e  22  145  295
e  22  155  537
e  22  131  566
e  23  24  496
e  23  100  295
e  24  25  594
e  24  90  295
e  25  26  295
e  26  27  277
e  26  111  496
e  26  90  594
e  27  28  427
e  27  125  496
e  28  29  122
e  28  146  496
e  29  30  526
e  29  187  496
e  30  31  780
e  30  101  425
e  30  230  496
e  31  32  117
e  31  79  425
e  32  33  920
e  32  73  425
e  33  34  425
e  34  35  159
e  34  85  801
e  34  73  920
e  35  36  801
e  36  37  203
e  36  94  920
e  36  85  159
e  37  38  520
e  37  126  970
e  37  119  920
e  38  39  643
e  38  113  970
e  39  40  147
e  39  71  970
e  40  41  970
e  41  42  161
e  41  71  147
e  42  43  431
e  42  77  147
e  43  44  477
e  43  91  147
e  44  45  264
e  44  87  389
e  44  120  147
e  45  46  389
e  46  47  445
e  46  87  264
e  47  48  694
e  47  107  264
e  48  49  652
e  48  127  264
e  49  50  81
e  49  196  658
e  49  158  264
e  50  51  911
e  50  179  658
e  51  52  863
e  51  95  658
e  52  53  658
e  53  54  672
e  53  95  863
e  54  55  739
e  54  80  181
e  54  147  863
e  55  56  181
e  56  57  399
e  56  86  168
e  56  80  739
e  57  58  685
e  57  82  168
e  58  59  168
e  59  60  469
e  59  82  685
e  60  61  968
e  60  92  685
e  61  62  997
e  61  128  891
e  61  142  685
e  62  63  334
e  62  116  891
e  63  64  358
e  63  115  891
e  64  65  449
e  64  96  891
e  65  66  272
e  65  75  891
e  66  67  891
e  67  68  39
e  67  75  272
e  68  69  827
e  68  161  956
e  68  97  272
e  69  70  310
e  69  84  956
e  71  77  161
e  71  139  920
e  71  113  643
e  72  76  510
e  72  83  256
e  73  88  801
e  73  79  117
e  74  98  858
e  74  78  728
e  75  97  39
e  75  96  449
e  76  104  821
e  76  135  559
e  76  110  256
e  77  91  431
e  77  202  389
e  77  171  920
e  78  123  858
e  78  104  953
e  79  112  801
e  79  101  780
e  80  132  168
e  80  160  469
e  80  159  863
e  81  99  655
e  81  98  792
e  82  92  469
e  82  86  399
e  83  110  510
e  83  117  559
e  83  89  587
e  84  982  920
e  84  871  147
e  84  382  272
e  84  161  827
e  85  88  920
e  86  102  469
e  86  132  739
e  87  107  445
e  87  157  694
e  87  143  147
e  88  94  159
e  88  150  970
e  88  112  117
e  89  105  559
e  90  100  496
e  91  120  477
e  91  195  389
e  92  142  968
e  92  102  399
e  93  103  7
e  93  108  537
e  94  119  203
e  94  144  970
e  95  147  672
e  95  218  181
e  95  250  147
e  95  232  264
e  95  179  911
e  96  181  39
e  96  121  334
e  96  115  358
e  97  190  956
e  97  181  449
e  98  130  655
e  98  172  452
e  98  154  953
e  98  123  728
e  99  137  452
e  99  130  792
e  100  111  594
e  100  156  277
e  100  167  537
e  100  145  513
e  101  134  801
e  101  287  537
e  101  282  496
e  102  169  968
e  102  189  891
e  102  141  739
e  103  124  233
e  103  114  537
e  104  136  858
e  104  148  559
e  105  117  587
e  105  152  510
e  105  212  821
e  105  211  488
e  106  108  452
e  107  127  694
e  108  114  7
e  108  109  490
e  109  118  7
e  109  137  352
e  110  122  559
e  111  125  277
e  112  170  970
e  112  134  780
e  113  126  520
e  114  133  233
e  114  118  490
e  115  116  334
e  116  121  358
e  116  128  997
e  117  122  510
e  118  166  233
e  118  149  352
e  119  129  970
e  120  143  389
e  121  220  39
e  121  312  685
e  121  219  997
e  122  135  256
e  122  153  821
e  122  152  587
e  123  136  953
e  124  131  508
e  124  133  537
e  125  146  427
e  125  208  537
e  125  156  594
e  126  129  920
e  127  158  652
e  127  174  147
e  127  157  445
e  128  219  358
e  128  165  685
e  129  140  643
e  129  144  203
e  130  151  452
e  131  138  537
e  132  141  469
e  133  138  508
e  133  166  490
e  134  182  970
e  134  320  537
e  135  148  821
e  136  154  728
e  136  191  452
e  136  198  559
e  137  149  7
e  137  151  792
e  138  155  566
e  138  163  295
e  138  176  490
e  139  140  520
e  139  171  161
e  140  201  161
e  140  177  159
e  141  233  891
e  141  222  863
e  141  160  168
e  142  165  891
e  142  169  399
e  143  168  694
e  143  216  431
e  143  195  477
e  144  150  159
e  145  162  537
e  146  187  122
e  146  215  537
e  147  159  181
e  148  198  858
e  148  153  256
e  149  193  233
e  149  200  295
e  149  164  792
e  150  178  643
e  150  170  117
e  151  164  7
e  151  184  953
e  151  172  655
e  152  185  821
e  153  264  858
e  153  322  452
e  153  185  587
e  154  175  452
e  155  162  295
e  156  194  537
e  157  168  147
e  158  209  658
e  158  188  147
e  159  210  469
e  159  263  147
e  159  218  672
e  160  210  863
e  161  190  272
e  162  167  513
e  162  163  566
e  163  173  513
e  163  183  490
e  164  203  295
e  164  192  953
e  165  275  358
e  165  180  399
e  166  176  508
e  166  186  295
e  166  193  352
e  167  194  277
e  167  173  566
e  168  174  445
e  168  244  652
e  168  272  920
e  168  225  431
e  169  180  891
e  170  205  643
e  170  182  780
e  171  243  389
e  171  271  694
e  171  201  520
e  172  175  953
e  173  207  277
e  173  240  352
e  173  229  490
e  174  188  652
e  175  184  655
e  175  199  7
e  175  191  728
e  176  183  295
e  177  178  203
e  177  242  161
e  177  241  117
e  178  205  117
e  179  217  264
e  179  196  81
e  180  380  358
e  180  454  39
e  180  379  863
e  180  296  739
e  180  189  968
e  181  289  956
e  181  220  334
e  182  224  643
e  182  321  537
e  183  229  513
e  183  204  352
e  183  186  508
e  184  192  7
e  185  354  452
e  185  212  510
e  186  197  352
e  187  230  526
e  187  237  537
e  188  221  658
e  188  288  920
e  188  244  445
e  189  233  739
e  190  382  827
e  190  789  147
e  190  381  334
e  190  289  449
e  191  213  7
e  191  228  559
e  192  223  295
e  192  238  728
e  192  199  655
e  193  197  295
e  194  208  594
e  194  207  566
e  195  202  431
e  196  209  264
e  197  204  508
e  197  206  792
e  197  200  233
e  198  228  452
e  198  264  256
e  199  213  728
e  200  203  792
e  201  308  694
e  201  242  159
e  202  216  477
e  202  227  694
e  202  243  920
e  203  206  233
e  203  223  953
e  204  234  513
e  204  214  792
e  205  241  203
e  205  224  780
e  206  214  508
e  206  236  953
e  207  226  594
e  207  268  427
e  207  267  792
e  207  251  352
e  208  215  427
e  208  226  566
e  209  217  81
e  209  221  147
e  210  222  168
e  210  298  147
e  211  346  821
e  211  363  77
e  212  446  452
e  212  346  488
e  213  238  655
e  213  257  295
e  213  248  559
e  214  239  513
e  214  246  953
e  215  237  122
e  215  235  566
e  216  225  694
e  217  232  911
e  217  231  147
e  218  256  147
e  219  275  685
e  220  302  956
e  220  319  685
e  221  231  81
e  221  301  181
e  221  295  920
e  222  274  891
e  222  331  147
e  223  236  233
e  223  252  728
e  224  270  161
e  224  409  537
e  225  259  920
e  225  227  477
e  226  235  427
e  227  247  920
e  228  248  7
e  228  290  256
e  229  234  352
e  230  282  425
e  230  260  537
e  231  245  911
e  231  286  181
e  232  245  147
e  233  296  968
e  233  274  863
e  234  240  490
e  234  239  792
e  235  258  122
e  235  279  792
e  235  268  594
e  236  246  508
e  236  305  559
e  236  299  728
e  237  260  526
e  237  258  566
e  238  252  295
e  239  249  490
e  239  254  277
e  239  261  953
e  240  251  277
e  240  249  792
e  241  255  161
e  242  328  694
e  242  255  117
e  243  247  694
e  244  276  920
e  245  250  264
e  245  262  181
e  246  261  513
e  246  306  277
e  246  313  559
e  247  259  477
e  247  309  652
e  247  329  520
e  247  271  389
e  248  265  295
e  248  336  256
e  249  253  277
e  250  256  181
e  251  253  792
e  252  299  233
e  252  280  559
e  252  257  655
e  253  267  352
e  253  278  427
e  253  283  953
e  253  254  490
e  254  266  953
e  255  334  694
e  255  269  780
e  256  263  672
e  256  262  264
e  257  265  559
e  258  294  526
e  258  293  792
e  259  272  431
e  259  285  652
e  260  284  425
e  260  294  566
e  261  266  277
e  262  273  672
e  262  286  911
e  263  298  469
e  263  273  264
e  264  290  452
e  265  280  655
e  265  366  233
e  265  424  277
e  265  347  256
e  266  283  490
e  266  300  427
e  266  333  559
e  266  306  513
e  267  277  427
e  268  277  792
e  269  270  203
e  269  340  694
e  270  374  694
e  270  441  537
e  271  308  520
e  272  276  652
e  273  318  469
e  273  349  920
e  273  311  911
e  274  338  968
e  274  350  147
e  275  312  997
e  275  332  39
e  275  380  399
e  276  288  445
e  276  310  658
e  276  285  431
e  277  279  594
e  277  278  352
e  278  281  594
e  278  291  953
e  279  293  122
e  279  281  352
e  280  303  233
e  281  297  122
e  281  292  953
e  282  284  537
e  283  291  427
e  284  287  496
e  284  348  970
e  284  314  566
e  285  315  658
e  285  309  477
e  286  311  672
e  286  335  920
e  286  301  81
e  287  320  801
e  287  327  970
e  288  295  658
e  289  302  334
e  290  336  7
e  290  365  295
e  290  364  587
e  290  322  858
e  291  292  594
e  291  300  490
e  292  304  122
e  292  307  490
e  293  326  526
e  293  325  953
e  293  297  352
e  294  314  425
e  294  326  792
e  295  317  181
e  295  330  431
e  295  310  445
e  296  338  863
e  297  304  953
e  298  331  168
e  298  318  264
e  299  303  559
e  300  307  594
e  300  360  559
e  301  317  920
e  302  381  449
e  302  393  685
e  303  305  728
e  303  316  508
e  303  367  277
e  303  366  655
e  304  325  352
e  304  342  526
e  304  370  425
e  304  324  490
e  305  313  508
e  306  323  559
e  307  324  122
e  308  329  389
e  308  328  159
e  309  353  658
e  309  391  520
e  310  315  431
e  311  337  920
e  312  319  39
e  313  323  277
e  313  316  728
e  314  361  970
e  314  343  792
e  315  330  445
e  315  377  181
e  315  353  477
e  316  341  277
e  317  335  81
e  317  344  672
e  317  359  431
e  318  378  168
e  318  362  920
e  319  393  956
e  319  332  997
e  320  321  970
e  321  409  643
e  321  411  953
e  321  355  496
e  321  327  801
e  322  354  587
e  323  333  513
e  323  341  728
e  324  387  425
e  324  368  559
e  325  339  526
e  326  343  425
e  326  339  953
e  327  348  496
e  328  356  389
e  328  334  117
e  329  391  652
e  329  375  780
e  329  356  159
e  330  359  181
e  331  350  891
e  331  378  264
e  332  437  956
e  332  405  399
e  333  360  427
e  333  352  728
e  334  357  389
e  334  340  780
e  335  337  672
e  336  347  295
e  337  349  911
e  337  392  469
e  337  344  81
e  338  379  739
e  338  435  147
e  339  345  425
e  339  342  352
e  340  358  389
e  340  374  203
e  341  352  513
e  341  425  655
e  341  367  508
e  342  351  425
e  343  345  953
e  344  418  469
e  344  389  431
e  345  372  970
e  345  351  352
e  346  484  452
e  346  584  295
e  346  536  77
e  347  465  277
e  347  415  587
e  347  365  7
e  348  355  801
e  348  361  566
e  349  362  469
e  350  435  968
e  350  442  920
e  350  386  264
e  351  383  970
e  351  417  559
e  351  395  490
e  351  370  526
e  352  390  427
e  352  447  655
e  353  388  181
e  353  403  520
e  354  364  858
e  354  423  295
e  354  446  510
e  355  401  953
e  355  373  566
e  356  357  117
e  357  358  780
e  358  376  159
e  358  407  652
e  358  450  658
e  358  428  203
e  359  389  672
e  359  377  445
e  360  369  122
e  360  390  728
e  361  373  801
e  361  371  953
e  362  399  168
e  362  413  891
e  362  392  911
e  363  536  821
e  363  766  295
e  364  400  295
e  365  400  587
e  366  394  277
e  367  394  655
e  368  369  594
e  368  398  425
e  368  416  728
e  369  406  728
e  370  387  490
e  371  372  792
e  371  384  801
e  372  385  801
e  372  383  352
e  373  384  953
e  374  428  389
e  374  445  537
e  375  376  117
e  375  397  652
e  376  402  652
e  377  431  672
e  377  388  477
e  378  386  891
e  378  399  920
e  379  474  39
e  379  497  147
e  380  405  39
e  381  745  147
e  381  738  685
e  382  819  147
e  383  396  801
e  383  419  559
e  384  401  566
e  384  385  792
e  385  427  496
e  385  396  352
e  386  404  920
e  387  395  526
e  387  398  559
e  388  434  672
e  388  430  780
e  388  421  520
e  389  432  469
e  389  453  477
e  389  431  445
e  390  406  122
e  390  487  655
e  391  403  658
e  391  397  780
e  392  436  431
e  392  418  81
e  393  738  449
e  393  664  147
e  393  613  863
e  393  437  997
e  394  425  508
e  394  500  256
e  394  424  233
e  395  408  559
e  396  467  496
e  396  489  643
e  396  438  559
e  397  410  658
e  397  402  117
e  398  408  526
e  398  440  970
e  398  439  728
e  399  404  891
e  400  415  7
e  400  423  858
e  401  411  496
e  402  412  658
e  402  407  159
e  403  421  181
e  403  410  780
e  404  442  264
e  404  563  968
e  404  609  780
e  404  507  431
e  404  413  168
e  405  462  956
e  405  481  863
e  405  454  358
e  406  416  594
e  406  466  425
e  406  511  970
e  406  501  655
e  407  414  658
e  408  417  490
e  408  420  970
e  409  441  161
e  409  468  694
e  409  444  953
e  410  422  181
e  410  412  117
e  411  444  643
e  411  426  792
e  412  429  181
e  412  414  159
e  413  472  431
e  414  433  181
e  414  450  652
e  415  587  277
e  415  689  970
e  415  662  488
e  415  486  858
e  416  439  425
e  417  419  970
e  418  432  431
e  419  438  801
e  419  420  490
e  420  449  801
e  420  458  728
e  420  440  526
e  421  422  780
e  422  430  520
e  422  429  117
e  423  486  7
e  423  485  510
e  424  465  256
e  425  447  513
e  425  544  256
e  426  427  566
e  426  455  643
e  427  463  643
e  427  467  352
e  428  469  658
e  428  491  181
e  428  483  537
e  429  452  672
e  429  433  159
e  430  443  672
e  431  434  477
e  432  436  81
e  432  496  891
e  432  461  780
e  432  457  477
e  433  456  672
e  433  531  537
e  433  478  203
e  433  470  652
e  434  453  445
e  434  443  780
e  435  497  739
e  435  498  920
e  436  473  891
e  437  462  399
e  438  508  643
e  438  449  490
e  439  448  970
e  439  466  594
e  440  448  728
e  441  445  694
e  442  498  968
e  443  460  469
e  443  451  117
e  444  475  694
e  444  455  792
e  445  483  389
e  445  476  953
e  445  468  161
e  446  485  295
e  446  484  488
e  447  487  427
e  447  551  970
e  447  550  256
e  448  458  526
e  448  594  801
e  448  593  655
e  448  488  594
e  449  596  694
e  449  495  728
e  450  470  181
e  450  469  203
e  451  452  520
e  451  464  469
e  452  471  469
e  452  456  159
e  453  457  469
e  454  474  863
e  455  490  694
e  455  463  566
e  456  479  469
e  456  535  537
e  457  459  780
e  458  495  801
e  459  460  445
e  459  461  477
e  459  480  117
e  460  464  117
e  461  504  891
e  461  493  117
e  462  515  863
e  463  505  694
e  463  482  352
e  464  480  445
e  464  471  520
e  465  500  233
e  465  588  970
e  465  587  587
e  466  488  970
e  467  482  643
e  468  475  953
e  469  477  181
e  470  477  203
e  471  492  445
e  471  479  159
e  472  473  911
e  472  507  168
e  472  532  780
e  473  506  780
e  473  496  81
e  474  481  358
e  474  530  147
e  475  476  161
e  475  490  792
e  476  516  389
e  476  494  792
e  477  478  652
e  477  502  537
e  477  491  658
e  478  509  537
e  479  503  445
e  479  538  891
e  479  542  537
e  480  493  477
e  480  492  520
e  481  515  956
e  481  547  147
e  482  512  694
e  482  489  496
e  483  499  181
e  483  516  953
e  484  510  295
e  485  510  488
e  486  585  488
e  487  501  122
e  487  545  970
e  488  523  655
e  488  511  425
e  489  508  559
e  490  494  161
e  490  505  566
e  491  499  537
e  492  513  477
e  492  521  891
e  492  503  159
e  493  514  891
e  493  513  520
e  494  540  389
e  494  546  181
e  494  517  566
e  495  624  694
e  495  691  256
e  495  654  655
e  495  594  526
e  496  504  780
e  497  530  39
e  498  611  39
e  498  563  264
e  499  502  658
e  499  520  953
e  500  544  508
e  500  565  970
e  501  519  970
e  502  509  652
e  502  527  953
e  503  522  891
e  504  506  81
e  504  514  117
e  505  517  161
e  505  512  352
e  506  532  911
e  506  539  168
e  506  529  117
e  507  533  780
e  508  525  694
e  509  531  203
e  509  537  672
e  509  534  953
e  510  586  7
e  510  671  77
e  510  584  452
e  511  519  655
e  512  526  161
e  512  524  559
e  513  518  891
e  514  529  81
e  514  518  520
e  515  614  997
e  515  557  147
e  516  520  181
e  516  540  792
e  517  567  181
e  517  526  352
e  518  552  81
e  518  528  159
e  518  521  477
e  519  523  425
e  519  566  256
e  519  545  122
e  520  527  658
e  520  541  792
e  521  522  159
e  522  528  477
e  522  606  168
e  522  604  537
e  522  538  445
e  523  593  594
e  523  569  256
e  524  525  496
e  524  543  161
e  525  560  161
e  525  639  181
e  525  595  490
e  526  568  181
e  526  543  559
e  527  534  652
e  527  549  792
e  528  556  81
e  529  553  168
e  529  552  520
e  530  547  358
e  530  612  956
e  530  610  920
e  531  535  672
e  532  533  168
e  533  609  431
e  533  562  117
e  533  539  911
e  534  555  672
e  534  564  792
e  535  542  469
e  535  537  203
e  536  657  295
e  537  548  469
e  537  555  953
e  538  571  537
e  539  553  117
e  540  541  181
e  541  549  658
e  541  575  566
e  541  546  389
e  542  571  891
e  542  573  953
e  542  548  203
e  543  572  181
e  543  560  496
e  544  550  513
e  544  558  970
e  545  559  256
e  545  551  427
e  546  567  566
e  547  557  956
e  548  561  953
e  549  564  652
e  549  577  566
e  550  554  970
e  551  554  256
e  552  570  168
e  552  556  159
e  553  562  911
e  553  570  520
e  554  559  427
e  554  558  513
e  555  561  469
e  555  580  792
e  556  574  168
e  557  634  997
e  557  627  920
e  557  612  358
e  558  565  508
e  559  566  122
e  560  597  181
e  561  573  203
e  561  603  891
e  561  582  792
e  562  676  431
e  562  698  953
e  562  675  537
e  562  607  159
e  563  724  39
e  563  765  953
e  563  708  780
e  564  580  672
e  564  602  469
e  564  599  559
e  565  592  425
e  565  588  233
e  566  569  425
e  567  575  389
e  567  568  352
e  568  576  389
e  568  572  559
e  569  645  594
e  569  663  801
e  569  589  508
e  570  574  159
e  571  604  445
e  571  583  953
e  572  579  389
e  572  598  658
e  572  597  496
e  573  583  891
e  574  608  911
e  574  630  537
e  574  605  477
e  575  577  658
e  575  576  352
e  576  578  658
e  576  579  559
e  577  578  352
e  578  581  559
e  579  581  658
e  580  582  469
e  581  601  652
e  581  632  496
e  581  598  389
e  582  616  891
e  582  617  559
e  582  602  672
e  583  625  445
e  583  646  168
e  583  633  792
e  583  603  203
e  584  657  77
e  585  586  510
e  585  662  858
e  586  727  858
e  586  767  970
e  586  802  77
e  587  644  970
e  588  653  425
e  588  644  587
e  589  590  513
e  589  747  801
e  589  746  587
e  590  591  427
e  590  718  587
e  591  592  122
e  591  711  587
e  591  690  233
e  592  653  233
e  593  637  801
e  593  645  256
e  594  637  655
e  595  596  643
e  595  648  181
e  595  629  728
e  596  624  728
e  597  628  658
e  597  659  490
e  597  639  161
e  598  628  496
e  599  600  352
e  599  615  469
e  600  601  566
e  600  618  469
e  601  619  469
e  601  651  496
e  602  615  559
e  603  616  792
e  604  620  168
e  604  625  953
e  605  606  81
e  605  626  537
e  606  620  537
e  607  608  520
e  607  667  537
e  608  642  537
e  609  708  968
e  609  723  953
e  609  676  117
e  610  611  739
e  610  623  956
e  611  647  956
e  611  724  264
e  612  623  920
e  613  614  399
e  613  638  147
e  614  634  147
e  615  617  672
e  615  618  352
e  616  633  203
e  616  635  559
e  617  635  891
e  617  621  352
e  618  621  672
e  618  619  566
e  619  622  672
e  619  652  496
e  620  626  81
e  620  631  953
e  621  640  891
e  621  622  566
e  622  643  891
e  622  660  496
e  623  627  358
e  623  647  739
e  624  629  643
e  624  703  181
e  624  722  256
e  625  631  168
e  626  630  477
e  626  636  953
e  627  685  997
e  627  844  953
e  627  699  739
e  628  632  389
e  628  682  469
e  628  672  490
e  629  658  181
e  630  642  911
e  630  641  953
e  631  636  81
e  631  661  792
e  631  646  445
e  632  651  652
e  632  655  469
e  633  656  168
e  633  665  559
e  634  638  399
e  634  685  920
e  635  665  203
e  635  678  168
e  635  640  352
e  636  641  477
e  636  669  792
e  637  654  526
e  637  650  256
e  638  664  863
e  638  701  920
e  639  648  490
e  640  683  168
e  640  643  566
e  641  649  911
e  641  684  792
e  642  667  520
e  642  649  953
e  643  695  168
e  643  673  496
e  644  677  425
e  644  761  488
e  644  689  277
e  645  650  801
e  646  656  792
e  647  699  358
e  647  737  264
e  648  659  161
e  648  658  728
e  649  674  520
e  649  686  792
e  650  666  526
e  650  762  694
e  650  663  594
e  651  652  469
e  652  660  672
e  652  655  652
e  653  690  122
e  653  677  587
e  654  666  256
e  655  694  672
e  655  693  490
e  655  682  389
e  656  661  445
e  656  670  559
e  657  671  452
e  657  766  821
e  658  668  161
e  658  712  658
e  658  755  469
e  658  759  256
e  658  703  643
e  659  672  658
e  659  668  728
e  660  673  891
e  660  705  490
e  660  694  652
e  661  669  81
e  661  681  559
e  662  740  970
e  662  727  510
e  663  770  694
e  663  769  587
e  663  747  508
e  664  744  449
e  664  757  920
e  665  670  168
e  666  691  655
e  666  726  694
e  667  675  159
e  667  674  953
e  668  680  658
e  669  684  477
e  669  697  911
e  669  688  559
e  670  681  445
e  670  696  352
e  670  678  203
e  671  802  7
e  671  897  970
e  671  970  821
e  672  687  469
e  672  680  728
e  673  751  168
e  673  732  728
e  673  714  490
e  674  679  159
e  674  752  792
e  675  679  953
e  676  707  953
e  677  702  122
e  677  803  488
e  678  683  352
e  679  698  537
e  679  716  431
e  679  764  968
e  679  763  792
e  680  692  469
e  680  712  161
e  681  688  81
e  681  706  352
e  682  687  490
e  683  696  203
e  683  695  566
e  684  686  911
e  685  701  399
e  685  896  953
e  686  752  520
e  686  715  559
e  686  697  477
e  687  693  389
e  687  692  728
e  688  710  911
e  688  721  352
e  689  740  488
e  690  702  587
e  691  722  694
e  692  700  389
e  692  731  891
e  692  729  161
e  693  704  672
e  693  700  728
e  694  704  490
e  695  720  203
e  695  733  445
e  695  812  81
e  695  751  496
e  696  706  445
e  696  720  566
e  697  710  559
e  698  707  431
e  699  839  953
e  699  784  264
e  700  709  672
e  701  757  863
e  701  818  449
e  701  929  953
e  702  711  233
e  702  728  427
e  702  863  801
e  702  879  181
e  702  878  488
e  703  743  256
e  704  705  652
e  704  709  728
e  705  714  891
e  705  713  728
e  706  721  81
e  706  725  566
e  707  723  117
e  707  716  537
e  708  736  953
e  709  713  652
e  709  719  891
e  710  715  477
e  710  741  352
e  711  718  427
e  712  729  469
e  713  717  891
e  714  717  728
e  715  760  520
e  715  790  968
e  715  750  352
e  716  735  117
e  716  742  968
e  717  732  490
e  717  786  168
e  717  825  256
e  717  811  389
e  717  719  652
e  718  746  513
e  718  768  801
e  718  728  233
e  719  730  389
e  720  725  445
e  721  741  911
e  721  734  566
e  722  743  181
e  722  726  655
e  723  736  968
e  723  735  537
e  724  737  956
e  724  783  953
e  725  734  81
e  725  733  203
e  726  748  181
e  726  762  526
e  727  758  970
e  728  804  801
e  729  756  891
e  729  777  256
e  729  755  658
e  730  731  672
e  730  811  652
e  730  810  256
e  730  778  161
e  731  756  161
e  732  779  168
e  733  749  81
e  734  753  911
e  734  749  203
e  735  739  968
e  736  765  780
e  736  795  39
e  736  739  537
e  737  784  358
e  737  785  953
e  738  744  147
e  739  800  39
e  739  816  956
e  739  829  559
e  739  742  117
e  740  761  277
e  740  758  510
e  741  750  477
e  741  753  566
e  742  815  559
e  742  776  792
e  742  764  431
e  743  759  643
e  743  748  655
e  744  745  685
e  744  780  920
e  745  789  334
e  745  791  920
e  746  754  801
e  747  754  587
e  748  788  469
e  748  842  587
e  748  807  594
e  748  792  526
e  749  813  911
e  749  830  496
e  749  812  445
e  750  821  968
e  750  771  566
e  751  828  81
e  751  779  728
e  752  763  159
e  752  760  559
e  753  771  477
e  753  936  728
e  753  813  203
e  754  769  508
e  754  805  694
e  754  768  513
e  755  773  256
e  756  778  672
e  756  782  256
e  757  780  449
e  758  841  277
e  758  767  858
e  759  773  469
e  760  775  968
e  761  803  425
e  761  841  510
e  762  792  181
e  762  770  594
e  763  772  968
e  764  772  792
e  765  783  39
e  766  970  452
e  766  1104  970
e  766  912  10
e  767  913  277
e  767  971  425
e  767  848  77
e  768  827  694
e  768  804  233
e  769  796  694
e  770  793  181
e  770  796  587
e  771  845  968
e  771  949  728
e  772  776  431
e  772  774  559
e  773  777  658
e  773  787  655
e  774  775  159
e  774  781  431
e  775  814  431
e  775  860  352
e  775  790  520
e  776  781  559
e  777  782  891
e  777  794  655
e  778  798  256
e  779  852  81
e  779  786  490
e  780  791  685
e  780  818  863
e  781  815  792
e  781  835  956
e  781  814  159
e  782  798  672
e  782  799  655
e  783  785  956
e  783  795  780
e  784  820  953
e  785  820  358
e  785  817  537
e  785  797  780
e  786  876  81
e  786  884  256
e  787  788  643
e  787  794  658
e  788  809  891
e  788  847  587
e  789  819  827
e  789  826  920
e  790  821  352
e  791  826  334
e  791  927  827
e  791  870  863
e  792  793  594
e  793  807  526
e  793  806  587
e  794  799  891
e  795  797  956
e  795  800  537
e  796  806  181
e  796  805  508
e  797  801  537
e  798  810  161
e  798  822  655
e  799  822  672
e  799  808  643
e  800  801  956
e  801  817  780
e  801  858  358
e  801  832  559
e  801  816  39
e  802  848  970
e  803  878  122
e  803  904  181
e  803  877  510
e  804  846  694
e  804  864  181
e  804  863  427
e  805  824  181
e  805  827  513
e  806  833  526
e  806  855  469
e  806  824  508
e  807  833  587
e  808  809  658
e  808  866  672
e  808  865  587
e  809  854  587
e  810  823  652
e  810  851  655
e  811  823  256
e  812  828  496
e  813  921  728
e  813  868  496
e  814  883  956
e  814  869  352
e  815  829  117
e  816  831  559
e  817  843  358
e  818  870  685
e  818  969  953
e  819  871  272
e  819  840  920
e  820  839  264
e  820  853  739
e  820  843  537
e  821  860  520
e  821  908  956
e  821  845  566
e  822  851  161
e  822  867  652
e  822  906  587
e  822  866  643
e  823  825  389
e  823  856  655
e  824  873  469
e  824  837  513
e  825  884  168
e  825  861  655
e  826  840  827
e  827  837  181
e  827  846  233
e  828  830  445
e  828  852  728
e  829  831  956
e  830  868  911
e  830  857  728
e  831  832  39
e  831  834  792
e  832  872  358
e  832  836  792
e  833  842  594
e  833  850  469
e  834  835  117
e  834  836  39
e  835  838  39
e  835  883  159
e  836  885  358
e  836  838  117
e  837  898  469
e  837  849  233
e  838  925  358
e  838  899  352
e  838  892  159
e  839  844  739
e  840  893  272
e  840  1035  953
e  840  954  863
e  840  927  334
e  841  877  425
e  841  913  858
e  842  847  469
e  843  874  739
e  843  903  559
e  843  858  780
e  844  896  997
e  844  890  537
e  844  853  264
e  845  922  956
e  845  952  728
e  846  849  181
e  847  854  891
e  847  850  594
e  848  987  425
e  848  998  181
e  848  897  7
e  849  909  469
e  849  916  891
e  849  915  488
e  849  880  427
e  849  864  694
e  850  859  891
e  850  855  526
e  851  856  652
e  852  857  445
e  852  876  490
e  853  874  537
e  854  865  658
e  854  859  594
e  855  862  891
e  855  873  508
e  856  861  389
e  856  867  161
e  857  882  911
e  857  888  490
e  858  872  559
e  859  887  658
e  859  862  526
e  860  869  431
e  860  907  956
e  861  930  168
e  861  958  587
e  861  919  161
e  862  902  658
e  862  881  508
e  863  875  181
e  864  875  427
e  865  891  672
e  865  887  594
e  866  891  587
e  867  919  389
e  867  940  587
e  868  882  728
e  869  889  956
e  870  946  827
e  870  1003  953
e  871  893  920
e  872  903  780
e  872  926  739
e  872  885  792
e  873  881  891
e  873  898  513
e  874  890  264
e  874  911  559
e  875  880  694
e  875  879  801
e  876  888  445
e  876  997  256
e  877  947  181
e  877  941  858
e  878  894  181
e  879  886  694
e  879  894  488
e  880  905  488
e  880  886  801
e  881  917  658
e  881  901  513
e  882  921  496
e  882  951  203
e  882  965  968
e  882  920  490
e  883  892  39
e  883  889  352
e  884  997  81
e  884  930  655
e  885  931  739
e  885  925  117
e  886  900  488
e  887  918  672
e  887  902  526
e  888  920  911
e  888  1024  256
e  889  895  39
e  889  907  431
e  890  938  997
e  890  932  559
e  891  906  643
e  891  918  594
e  892  895  352
e  893  982  147
e  893  1130  310
e  893  1046  953
e  894  900  694
e  894  904  122
e  895  899  159
e  895  988  358
e  895  944  566
e  895  923  520
e  896  929  399
e  896  938  537
e  897  1100  181
e  897  1065  821
e  898  901  891
e  898  909  233
e  899  953  358
e  900  905  801
e  900  956  891
e  900  914  122
e  901  948  658
e  901  910  233
e  902  935  672
e  902  917  508
e  903  911  739
e  904  914  694
e  904  947  510
e  905  915  427
e  905  939  891
e  906  940  652
e  906  977  594
e  907  908  520
e  908  924  39
e  908  922  566
e  909  910  891
e  910  957  658
e  910  934  488
e  910  916  469
e  911  932  264
e  911  945  792
e  911  926  780
e  912  1128  970
e  913  941  425
e  914  961  891
e  914  960  510
e  915  933  891
e  916  933  488
e  917  943  672
e  917  948  513
e  918  977  643
e  918  976  508
e  918  935  526
e  919  950  587
e  920  986  968
e  920  1034  256
e  921  936  203
e  922  928  39
e  922  1004  728
e  923  924  431
e  923  937  566
e  924  928  566
e  925  1002  739
e  925  953  352
e  926  931  792
e  927  946  863
e  928  937  431
e  928  1050  358
e  928  1020  728
e  929  969  449
e  929  981  537
e  930  1092  81
e  930  985  587
e  931  945  780
e  931  979  264
e  931  1016  997
e  931  1015  352
e  931  1002  117
e  932  955  997
e  932  959  792
e  933  934  469
e  933  939  427
e  934  968  658
e  934  942  427
e  935  943  508
e  936  949  477
e  936  951  496
e  937  944  520
e  937  1026  358
e  938  981  399
e  938  955  559
e  939  942  469
e  939  956  801
e  940  950  389
e  940  1000  594
e  941  972  181
e  941  990  77
e  941  971  277
e  942  1011  658
e  942  1010  510
e  942  974  122
e  942  964  801
e  943  976  526
e  943  1038  652
e  943  1012  488
e  943  967  513
e  944  991  358
e  945  959  264
e  946  954  334
e  946  1005  953
e  947  960  694
e  947  972  858
e  948  967  672
e  948  957  233
e  949  952  968
e  950  958  161
e  950  1030  168
e  950  1039  594
e  951  963  968
e  952  1004  956
e  952  962  496
e  953  1007  739
e  953  995  566
e  953  988  159
e  954  1018  953
e  955  989  399
e  955  980  792
e  956  964  469
e  956  961  122
e  957  975  672
e  957  968  488
e  958  985  168
e  959  980  997
e  959  979  780
e  960  973  891
e  960  1006  858
e  961  966  469
e  961  973  510
e  962  963  477
e  962  1027  956
e  962  1014  490
e  962  978  203
e  963  965  203
e  964  966  122
e  965  978  477
e  965  986  490
e  966  974  801
e  966  983  510
e  967  994  488
e  967  975  233
e  968  984  672
e  968  1011  427
e  969  1003  685
e  969  1017  827
e  969  1041  559
e  969  1028  537
e  970  1065  970
e  971  987  77
e  972  1006  694
e  972  1009  891
e  972  992  77
e  973  983  469
e  973  1008  858
e  974  999  510
e  975  984  488
e  976  1013  643
e  977  1000  652
e  977  1013  508
e  978  1001  490
e  979  996  997
e  980  1023  399
e  980  996  780
e  981  1028  449
e  981  989  559
e  982  1103  310
e  983  999  801
e  983  1056  77
e  983  1022  858
e  984  994  233
e  984  1073  652
e  984  1084  510
e  984  1032  427
e  985  1137  81
e  985  1108  488
e  985  1088  594
e  985  1030  161
e  986  1001  477
e  986  1075  956
e  986  1067  256
e  987  990  277
e  987  993  181
e  988  991  566
e  989  1031  449
e  989  1023  792
e  990  992  181
e  991  995  159
e  991  1119  739
e  991  1026  520
e  992  1019  891
e  992  993  277
e  993  1033  891
e  993  998  425
e  994  1012  513
e  994  1066  652
e  995  1064  739
e  996  1076  399
e  996  1080  352
e  996  1016  264
e  997  1024  445
e  997  1092  655
e  998  1044  891
e  998  1100  7
e  999  1010  122
e  999  1057  658
e  999  1083  77
e  1000  1039  389
e  1000  1025  508
e  1001  1014  203
e  1001  1053  956
e  1002  1007  352
e  1003  1005  827
e  1004  1020  39
e  1004  1027  496
e  1005  1018  334
e  1005  1068  559
e  1005  1017  685
e  1006  1008  891
e  1007  1015  117
e  1007  1079  997
e  1007  1064  566
e  1008  1022  469
e  1008  1021  77
e  1008  1009  694
e  1009  1019  77
e  1010  1036  658
e  1011  1032  672
e  1011  1036  510
e  1012  1042  652
e  1013  1025  652
e  1014  1040  956
e  1015  1054  997
e  1016  1054  352
e  1017  1060  559
e  1018  1035  863
e  1018  1090  272
e  1018  1078  559
e  1019  1021  694
e  1019  1033  277
e  1020  1093  358
e  1020  1043  496
e  1021  1029  469
e  1021  1047  277
e  1022  1029  77
e  1023  1061  449
e  1023  1076  780
e  1024  1034  911
e  1024  1129  655
e  1025  1058  389
e  1025  1049  488
e  1025  1037  526
e  1026  1126  728
e  1026  1050  431
e  1027  1043  39
e  1027  1040  490
e  1028  1031  559
e  1029  1056  858
e  1029  1101  658
e  1029  1051  277
e  1030  1052  594
e  1031  1041  537
e  1031  1062  827
e  1031  1061  792
e  1032  1048  510
e  1033  1047  694
e  1033  1055  469
e  1033  1044  425
e  1034  1067  968
e  1034  1131  655
e  1035  1046  272
e  1036  1048  672
e  1036  1057  122
e  1037  1038  643
e  1037  1045  488
e  1038  1042  488
e  1039  1052  168
e  1039  1058  508
e  1040  1059  39
e  1040  1053  203
e  1041  1060  827
e  1042  1045  643
e  1042  1066  513
e  1043  1138  358
e  1043  1059  490
e  1044  1071  469
e  1044  1117  7
e  1045  1049  526
e  1045  1086  168
e  1045  1085  513
e  1046  1116  559
e  1046  1090  863
e  1047  1051  469
e  1048  1084  427
e  1048  1121  77
e  1048  1072  122
e  1049  1069  389
e  1049  1074  168
e  1050  1093  728
e  1051  1082  425
e  1051  1055  694
e  1052  1088  161
e  1052  1087  488
e  1052  1063  508
e  1053  1089  39
e  1053  1075  477
e  1054  1080  264
e  1054  1079  117
e  1055  1071  425
e  1056  1083  801
e  1056  1094  658
e  1057  1072  672
e  1057  1091  77
e  1058  1063  168
e  1058  1069  488
e  1059  1140  358
e  1059  1089  203
e  1060  1068  685
e  1060  1062  537
e  1061  1099  827
e  1061  1133  780
e  1062  1077  685
e  1062  1099  792
e  1063  1070  488
e  1064  1114  997
e  1064  1119  159
e  1065  1104  452
e  1066  1085  643
e  1066  1073  233
e  1067  1111  956
e  1067  1139  655
e  1068  1078  334
e  1068  1077  537
e  1069  1070  168
e  1070  1087  508
e  1070  1107  161
e  1070  1097  526
e  1070  1074  389
e  1071  1082  694
e  1071  1136  7
e  1072  1095  77
e  1073  1096  643
e  1073  1113  168
e  1073  1135  510
e  1074  1086  526
e  1075  1123  39
e  1075  1111  256
e  1076  1133  449
e  1076  1115  352
e  1077  1081  334
e  1077  1120  792
e  1078  1109  272
e  1078  1081  537
e  1079  1114  566
e  1080  1115  399
e  1081  1125  272
e  1081  1124  792
e  1083  1091  658
e  1084  1135  652
e  1085  1102  168
e  1085  1096  233
e  1086  1097  389
e  1086  1102  513
e  1087  1098  161
e  1088  1098  488
e  1089  1132  256
e  1089  1123  477
e  1090  1109  559
e  1091  1095  672
e  1091  1105  858
e  1091  1094  801
e  1092  1129  445
e  1092  1137  587
e  1093  1126  431
e  1093  1138  496
e  1094  1101  858
e  1095  1121  122
e  1095  1110  858
e  1096  1106  168
e  1097  1118  513
e  1098  1108  594
e  1098  1107  508
e  1099  1120  685
e  1100  1117  891
e  1101  1105  801
e  1101  1112  672
e  1102  1118  389
e  1102  1106  233
e  1103  1130  147
e  1104  1128  10
e  1105  1110  672
e  1106  1122  389
e  1106  1113  643
e  1109  1116  863
e  1109  1125  537
e  1110  1112  801
e  1111  1127  39
e  1113  1141  510
e  1115  1142  449
e  1116  1134  537
e  1117  1136  469
e  1118  1122  233
e  1120  1124  334
e  1123  1127  256
e  1124  1143  272
e  1125  1134  863
e  1125  1143  792
e  1127  1132  477
e  1129  1131  911
e  1131  1139  968
e  1133  1142  352
e  1135  1141  168
e  1138  1140  490
