p   edge 1480  2823
e  0  1471  327
e  0  77  703
e  1  2  469
e  1  576  283
e  2  3  816
e  2  119  283
e  3  4  796
e  3  110  283
e  4  5  496
e  4  99  283
e  5  6  793
e  5  80  283
e  6  7  283
e  7  8  177
e  7  80  793
e  8  9  157
e  8  111  793
e  9  10  857
e  9  96  489
e  9  115  793
e  10  11  489
e  11  12  824
e  11  100  882
e  11  96  857
e  12  13  882
e  13  14  490
e  13  100  824
e  14  15  86
e  14  223  857
e  15  16  821
e  15  117  36
e  15  282  857
e  16  17  640
e  16  108  36
e  17  18  36
e  18  19  5
e  18  108  640
e  19  20  584
e  19  126  668
e  19  123  640
e  20  21  852
e  20  82  668
e  21  22  668
e  22  23  377
e  22  82  852
e  23  24  258
e  23  88  718
e  23  92  852
e  24  25  198
e  24  78  718
e  25  26  718
e  26  27  751
e  26  106  677
e  26  78  198
e  27  28  414
e  27  102  677
e  28  29  327
e  28  97  677
e  29  30  677
e  30  31  487
e  30  97  327
e  31  32  842
e  31  112  412
e  31  109  327
e  32  33  412
e  33  34  91
e  33  142  837
e  33  129  327
e  33  112  842
e  34  35  837
e  35  36  808
e  35  89  83
e  35  142  91
e  36  37  83
e  37  38  844
e  37  89  808
e  38  39  223
e  38  83  598
e  38  90  808
e  39  40  598
e  40  41  574
e  40  83  223
e  41  42  52
e  41  116  223
e  42  43  389
e  42  84  153
e  42  140  223
e  43  44  83
e  43  79  153
e  44  45  153
e  45  46  666
e  45  79  83
e  46  47  308
e  46  94  966
e  46  85  83
e  47  48  966
e  48  49  989
e  48  94  308
e  49  50  400
e  49  107  308
e  50  51  166
e  50  206  821
e  50  133  308
e  51  52  550
e  51  180  821
e  52  53  580
e  52  93  821
e  53  54  821
e  54  55  483
e  54  103  410
e  54  93  580
e  55  56  410
e  56  57  555
e  56  86  742
e  56  103  483
e  57  58  742
e  58  59  304
e  58  120  755
e  58  86  555
e  59  60  919
e  59  87  755
e  60  61  654
e  60  81  755
e  61  62  755
e  62  63  946
e  62  98  972
e  62  81  654
e  63  64  972
e  64  65  283
e  64  105  654
e  64  98  946
e  65  66  311
e  65  146  654
e  66  67  50
e  66  154  201
e  67  68  201
e  68  69  545
e  68  121  642
e  68  171  654
e  68  154  50
e  69  70  642
e  70  71  321
e  70  121  545
e  71  72  333
e  71  161  545
e  72  73  817
e  72  135  369
e  72  192  545
e  73  74  310
e  73  95  369
e  74  75  369
e  75  76  700
e  75  95  310
e  76  77  11
e  76  162  310
e  77  1419  327
e  77  592  654
e  77  233  310
e  78  125  677
e  78  88  258
e  79  85  666
e  79  84  389
e  80  111  177
e  80  99  496
e  81  101  972
e  81  87  919
e  82  92  377
e  82  126  584
e  83  116  574
e  83  152  52
e  83  132  808
e  84  91  666
e  84  165  223
e  85  127  966
e  85  91  389
e  86  182  972
e  86  147  483
e  87  104  972
e  87  120  304
e  88  139  677
e  88  114  852
e  89  90  844
e  89  168  91
e  90  132  598
e  90  205  327
e  90  188  91
e  91  143  966
e  91  185  223
e  92  114  718
e  93  164  410
e  93  180  550
e  94  107  989
e  94  127  83
e  95  162  700
e  95  349  654
e  95  300  545
e  95  135  817
e  96  128  882
e  96  150  793
e  97  109  487
e  97  102  414
e  98  101  654
e  99  131  177
e  99  110  796
e  100  128  857
e  101  105  946
e  101  104  919
e  102  118  487
e  102  106  751
e  103  147  742
e  103  164  580
e  104  113  946
e  104  134  304
e  105  146  283
e  105  113  919
e  106  124  487
e  106  125  198
e  107  133  400
e  107  145  83
e  108  123  5
e  108  117  821
e  109  122  412
e  109  118  414
e  110  156  177
e  110  119  816
e  111  115  157
e  111  131  496
e  112  122  327
e  113  153  283
e  113  190  201
e  113  183  304
e  114  149  677
e  114  198  640
e  114  175  584
e  115  150  489
e  115  137  496
e  116  140  52
e  117  138  5
e  117  284  857
e  118  130  412
e  118  124  751
e  119  196  177
e  119  329  882
e  119  947  677
e  119  1271  153
e  119  576  469
e  120  134  972
e  121  161  321
e  121  231  654
e  122  129  842
e  122  130  414
e  123  167  668
e  123  138  821
e  124  136  412
e  124  141  198
e  125  141  487
e  125  139  258
e  126  176  718
e  126  167  640
e  127  145  989
e  127  143  389
e  128  224  490
e  128  173  496
e  129  186  837
e  129  144  414
e  130  144  842
e  130  136  751
e  131  137  157
e  131  156  796
e  132  189  52
e  132  236  327
e  133  244  821
e  133  155  83
e  134  183  946
e  134  230  201
e  134  181  555
e  135  202  545
e  136  151  842
e  136  148  198
e  137  157  489
e  137  166  796
e  138  187  668
e  138  370  677
e  138  369  857
e  139  158  487
e  139  149  852
e  140  165  153
e  140  152  574
e  141  148  412
e  141  158  258
e  142  168  83
e  142  186  327
e  143  169  989
e  143  201  400
e  143  221  223
e  144  204  837
e  144  151  751
e  145  155  400
e  145  169  389
e  146  160  201
e  146  153  919
e  147  222  972
e  147  260  580
e  148  172  842
e  148  163  258
e  149  178  412
e  149  212  640
e  150  157  496
e  151  216  837
e  151  172  198
e  152  200  153
e  152  189  808
e  153  170  201
e  154  159  654
e  155  255  821
e  155  179  389
e  156  166  157
e  156  196  816
e  157  174  882
e  157  197  796
e  158  163  412
e  159  160  311
e  159  171  50
e  159  184  919
e  160  170  919
e  161  192  333
e  161  232  369
e  161  243  654
e  162  233  11
e  162  408  654
e  163  213  842
e  163  177  852
e  164  260  742
e  164  251  550
e  165  185  666
e  165  200  574
e  166  197  489
e  166  209  816
e  167  193  718
e  167  187  821
e  168  188  844
e  168  194  327
e  169  179  400
e  170  184  311
e  170  214  304
e  170  190  283
e  171  231  642
e  171  191  919
e  172  217  837
e  172  227  83
e  172  213  258
e  173  174  793
e  173  281  490
e  173  331  36
e  174  353  36
e  174  210  796
e  175  176  377
e  175  195  640
e  176  193  640
e  177  178  487
e  177  226  842
e  177  249  640
e  178  240  640
e  179  286  821
e  179  254  223
e  179  201  989
e  180  251  410
e  180  206  166
e  181  182  755
e  181  250  201
e  181  238  483
e  182  222  483
e  183  203  201
e  184  191  50
e  184  256  304
e  185  221  966
e  185  248  808
e  185  229  574
e  186  194  83
e  186  204  414
e  187  207  718
e  187  332  677
e  188  199  327
e  189  211  153
e  189  265  327
e  190  203  304
e  191  245  642
e  191  274  304
e  192  202  369
e  193  195  377
e  193  207  821
e  194  199  844
e  194  208  414
e  195  198  584
e  195  225  677
e  195  215  821
e  196  209  157
e  196  297  882
e  197  210  882
e  197  241  816
e  198  212  677
e  199  205  91
e  199  219  414
e  200  229  666
e  200  211  808
e  201  246  223
e  202  300  817
e  202  263  654
e  202  232  333
e  203  214  283
e  203  273  555
e  203  230  946
e  204  208  83
e  204  216  751
e  205  236  598
e  205  253  414
e  206  291  410
e  206  244  308
e  207  215  377
e  207  252  677
e  208  219  844
e  208  228  198
e  208  218  751
e  209  241  489
e  209  266  882
e  210  380  36
e  210  247  816
e  211  237  666
e  211  272  327
e  212  240  412
e  212  242  821
e  212  225  584
e  213  261  83
e  213  226  852
e  214  256  311
e  214  292  555
e  215  234  677
e  216  218  83
e  216  217  198
e  217  220  83
e  218  220  198
e  219  253  91
e  219  235  198
e  220  228  751
e  220  239  844
e  220  268  852
e  220  227  837
e  221  246  400
e  221  283  808
e  222  238  755
e  222  327  580
e  223  224  824
e  223  282  86
e  223  298  36
e  224  302  36
e  224  281  496
e  225  234  821
e  226  264  83
e  226  314  640
e  227  261  258
e  228  235  844
e  229  237  808
e  230  250  555
e  231  243  321
e  231  245  919
e  232  258  654
e  233  495  654
e  234  242  584
e  234  267  412
e  234  252  377
e  235  271  598
e  235  239  751
e  236  265  52
e  236  262  414
e  237  248  574
e  237  304  966
e  237  290  327
e  238  295  201
e  238  388  580
e  239  279  598
e  239  277  852
e  240  249  487
e  240  259  821
e  241  247  882
e  242  259  412
e  243  258  369
e  243  257  919
e  244  301  410
e  244  255  83
e  245  257  321
e  245  287  304
e  246  254  989
e  246  307  808
e  247  455  36
e  247  614  677
e  247  330  157
e  247  266  489
e  248  283  966
e  249  314  842
e  249  333  83
e  249  276  821
e  250  273  946
e  250  295  483
e  251  374  742
e  251  343  83
e  251  291  166
e  252  316  412
e  252  399  496
e  252  389  857
e  252  332  718
e  253  262  598
e  254  313  821
e  254  342  808
e  255  308  410
e  255  286  389
e  256  274  50
e  256  312  642
e  257  275  369
e  257  293  304
e  258  263  333
e  258  275  919
e  259  276  487
e  259  267  584
e  260  327  972
e  260  374  550
e  261  264  852
e  262  288  52
e  262  270  198
e  263  324  817
e  263  280  919
e  264  269  837
e  264  320  640
e  265  272  153
e  265  288  414
e  266  297  157
e  267  317  487
e  267  465  496
e  267  316  377
e  268  269  258
e  268  277  844
e  269  278  844
e  270  271  91
e  270  294  52
e  270  299  153
e  270  285  751
e  271  279  751
e  272  290  666
e  272  289  414
e  273  292  283
e  273  356  483
e  274  287  642
e  275  280  333
e  275  309  304
e  276  358  83
e  276  317  584
e  277  318  598
e  277  278  258
e  278  325  598
e  278  362  153
e  278  334  640
e  279  285  91
e  279  315  153
e  279  318  852
e  280  357  817
e  280  326  304
e  281  305  36
e  282  284  36
e  283  307  400
e  283  304  574
e  284  369  5
e  284  310  496
e  284  298  86
e  285  303  153
e  286  352  410
e  286  313  223
e  287  293  321
e  287  312  50
e  288  289  153
e  288  294  198
e  289  322  666
e  289  296  198
e  290  340  966
e  290  339  198
e  290  322  414
e  291  301  308
e  292  347  321
e  292  367  483
e  293  309  369
e  293  319  50
e  294  296  153
e  295  356  946
e  295  440  321
e  295  491  369
e  295  466  580
e  296  323  666
e  296  306  751
e  296  299  52
e  297  330  489
e  297  329  177
e  298  302  824
e  299  303  751
e  300  324  654
e  301  308  83
e  302  305  496
e  303  306  52
e  303  315  91
e  304  341  400
e  304  340  327
e  305  311  86
e  305  368  793
e  305  331  490
e  306  338  666
e  306  359  852
e  306  321  91
e  307  342  989
e  307  373  327
e  307  341  574
e  308  344  166
e  308  364  223
e  308  352  389
e  309  326  333
e  309  361  555
e  309  348  50
e  310  311  824
e  310  381  5
e  310  385  677
e  311  410  677
e  311  384  793
e  312  319  321
e  313  355  410
e  313  393  808
e  314  320  83
e  315  321  52
e  315  328  852
e  316  407  496
e  317  480  83
e  317  468  496
e  318  328  153
e  318  325  258
e  319  348  369
e  319  345  555
e  320  335  844
e  320  365  821
e  320  333  842
e  321  337  852
e  322  323  198
e  323  339  414
e  323  379  966
e  323  338  751
e  324  349  545
e  324  357  919
e  325  336  153
e  326  425  817
e  326  375  555
e  327  388  755
e  327  414  550
e  328  337  52
e  328  336  258
e  329  472  489
e  329  753  677
e  330  689  677
e  330  472  177
e  331  353  793
e  332  382  857
e  332  370  668
e  333  358  821
e  334  335  837
e  334  371  153
e  334  390  821
e  335  387  821
e  336  351  52
e  336  377  640
e  336  362  598
e  337  359  91
e  337  366  666
e  337  351  258
e  338  406  966
e  338  363  852
e  339  372  966
e  340  354  400
e  340  372  198
e  341  354  327
e  342  393  821
e  342  392  327
e  343  344  308
e  343  420  742
e  344  432  742
e  344  423  223
e  345  346  311
e  345  350  369
e  346  347  642
e  346  360  369
e  347  394  483
e  348  350  555
e  349  408  700
e  349  405  919
e  350  361  50
e  350  404  333
e  350  424  483
e  350  360  311
e  351  378  666
e  351  395  640
e  352  355  223
e  353  368  490
e  353  397  86
e  353  380  796
e  354  373  574
e  354  413  989
e  354  396  198
e  355  364  389
e  355  499  972
e  355  524  327
e  355  436  808
e  356  367  283
e  356  433  321
e  357  405  545
e  357  425  304
e  358  365  842
e  358  417  844
e  358  481  153
e  358  480  584
e  359  363  666
e  360  402  483
e  361  375  333
e  362  371  640
e  363  421  966
e  363  400  258
e  363  366  91
e  364  423  166
e  364  489  972
e  365  387  844
e  366  378  258
e  367  394  321
e  368  384  86
e  369  376  677
e  369  381  496
e  370  376  857
e  371  377  598
e  371  411  821
e  372  396  400
e  372  379  414
e  373  392  989
e  374  414  972
e  374  420  83
e  375  494  817
e  375  452  483
e  375  404  50
e  376  382  668
e  376  383  496
e  377  395  52
e  377  426  821
e  378  400  91
e  378  412  640
e  379  401  400
e  379  406  751
e  380  415  86
e  380  473  677
e  380  455  816
e  381  383  677
e  382  389  718
e  382  386  496
e  383  386  668
e  383  385  5
e  384  429  677
e  384  428  796
e  384  397  490
e  385  398  668
e  385  410  824
e  386  391  718
e  386  398  5
e  387  390  837
e  387  445  153
e  387  417  842
e  388  466  201
e  388  535  223
e  388  503  550
e  389  391  496
e  390  411  153
e  391  399  857
e  391  409  412
e  391  439  824
e  391  416  5
e  392  419  821
e  392  451  198
e  392  413  574
e  393  436  410
e  393  419  327
e  394  403  369
e  394  433  283
e  395  412  666
e  395  435  821
e  396  431  989
e  396  401  414
e  397  415  796
e  398  416  718
e  398  422  824
e  399  407  412
e  400  446  966
e  400  457  640
e  401  443  989
e  401  418  751
e  402  403  642
e  402  424  311
e  402  434  333
e  402  492  946
e  403  441  283
e  404  427  483
e  405  453  700
e  405  515  304
e  406  418  400
e  406  421  852
e  407  465  377
e  407  409  857
e  408  495  11
e  408  453  919
e  409  479  487
e  409  442  824
e  410  422  668
e  410  429  793
e  411  426  598
e  411  483  52
e  411  482  842
e  411  445  837
e  412  457  91
e  412  484  966
e  412  454  821
e  413  431  198
e  414  503  755
e  414  437  83
e  415  428  490
e  415  461  677
e  416  430  824
e  417  456  153
e  418  486  989
e  418  438  852
e  419  459  410
e  419  458  198
e  420  437  972
e  420  432  308
e  421  438  400
e  421  446  258
e  422  430  718
e  422  462  793
e  423  450  742
e  424  427  333
e  425  515  545
e  425  547  700
e  425  494  555
e  426  435  52
e  427  452  50
e  427  779  817
e  427  791  223
e  427  434  311
e  428  449  677
e  429  462  668
e  429  449  796
e  430  439  5
e  430  444  412
e  430  464  793
e  431  451  574
e  431  463  821
e  431  443  414
e  432  447  972
e  432  450  223
e  433  441  369
e  433  440  946
e  434  737  223
e  434  563  946
e  435  454  666
e  435  483  598
e  436  459  327
e  437  511  755
e  437  490  223
e  437  447  308
e  438  498  989
e  438  469  258
e  439  442  412
e  440  448  369
e  441  448  946
e  442  537  487
e  442  477  793
e  442  444  5
e  443  470  821
e  443  486  751
e  444  467  793
e  445  456  842
e  446  469  400
e  446  471  640
e  447  460  223
e  448  493  642
e  448  609  580
e  448  491  321
e  449  476  412
e  449  461  490
e  450  460  972
e  451  458  821
e  452  530  817
e  453  536  11
e  453  526  304
e  454  513  966
e  454  595  496
e  454  585  842
e  454  520  598
e  455  508  677
e  456  482  837
e  456  569  496
e  456  534  584
e  456  481  844
e  457  471  966
e  458  496  410
e  458  487  414
e  458  463  574
e  459  524  808
e  459  531  972
e  459  496  198
e  460  490  308
e  460  529  755
e  460  544  389
e  460  488  166
e  461  500  412
e  461  473  86
e  462  464  718
e  463  470  414
e  464  467  412
e  465  468  487
e  466  596  369
e  466  538  223
e  467  477  5
e  467  474  796
e  468  519  83
e  468  478  857
e  469  485  640
e  470  487  574
e  470  512  410
e  470  497  751
e  471  485  400
e  471  484  91
e  472  722  677
e  473  518  412
e  473  508  816
e  474  475  668
e  474  506  5
e  474  509  490
e  475  476  718
e  475  507  490
e  476  500  490
e  477  540  487
e  477  506  796
e  478  479  377
e  478  548  83
e  478  562  153
e  478  580  793
e  478  565  824
e  479  537  824
e  480  510  153
e  480  519  496
e  481  510  584
e  482  541  52
e  482  572  496
e  483  520  666
e  483  541  842
e  484  501  400
e  484  513  821
e  485  523  821
e  485  555  821
e  485  501  91
e  486  497  821
e  486  498  852
e  487  505  410
e  488  489  742
e  488  502  389
e  489  499  389
e  490  514  755
e  491  596  580
e  492  493  283
e  492  563  333
e  493  591  333
e  493  669  223
e  493  653  580
e  494  564  700
e  494  530  483
e  495  592  310
e  495  536  919
e  496  559  972
e  496  505  414
e  497  517  410
e  497  504  852
e  498  504  821
e  499  502  742
e  499  528  327
e  500  507  718
e  500  539  816
e  500  518  86
e  501  516  821
e  502  544  166
e  502  543  327
e  503  525  223
e  503  511  83
e  504  527  410
e  504  521  640
e  505  571  972
e  505  588  852
e  505  542  751
e  505  512  574
e  506  557  487
e  506  578  490
e  507  509  668
e  507  550  816
e  508  532  412
e  508  614  36
e  509  578  5
e  509  561  816
e  510  534  844
e  510  533  496
e  511  514  223
e  512  517  751
e  513  516  400
e  513  642  496
e  514  525  83
e  514  546  201
e  514  529  308
e  515  526  700
e  516  555  91
e  516  586  821
e  516  645  496
e  517  542  574
e  517  527  852
e  518  532  816
e  519  533  153
e  519  548  857
e  520  554  842
e  521  522  258
e  521  551  410
e  522  523  989
e  522  558  410
e  522  587  821
e  523  570  821
e  524  528  972
e  525  535  550
e  526  625  11
e  526  567  555
e  526  547  545
e  527  556  574
e  527  551  640
e  528  543  742
e  528  531  808
e  529  566  201
e  529  605  327
e  529  590  389
e  530  610  700
e  530  825  223
e  530  779  50
e  531  549  742
e  531  559  198
e  532  539  86
e  532  560  718
e  532  873  153
e  532  755  157
e  532  692  36
e  533  553  844
e  533  552  857
e  534  553  496
e  535  538  201
e  536  700  310
e  536  780  555
e  536  625  304
e  537  565  377
e  537  540  793
e  538  628  369
e  538  545  83
e  539  550  718
e  540  568  377
e  540  557  796
e  541  554  666
e  541  573  496
e  542  556  852
e  543  589  166
e  543  604  755
e  543  549  808
e  544  590  755
e  544  589  327
e  545  546  550
e  545  651  369
e  546  680  369
e  546  679  327
e  546  566  308
e  547  564  555
e  548  552  153
e  549  612  755
e  549  574  198
e  550  561  668
e  550  560  86
e  551  599  574
e  551  623  972
e  551  558  258
e  552  581  844
e  552  615  793
e  552  562  83
e  553  569  584
e  553  584  666
e  553  581  857
e  554  585  598
e  554  575  496
e  555  570  821
e  556  588  751
e  556  600  972
e  556  599  640
e  557  579  377
e  557  626  153
e  557  656  816
e  557  633  490
e  558  632  972
e  558  598  821
e  559  574  742
e  559  571  414
e  560  577  668
e  560  809  153
e  561  619  5
e  561  673  487
e  561  710  153
e  561  577  86
e  562  601  793
e  563  716  223
e  563  591  283
e  564  567  545
e  564  610  483
e  565  568  793
e  566  608  327
e  567  647  11
e  567  640  483
e  568  580  824
e  568  602  153
e  568  579  796
e  569  572  837
e  570  587  989
e  570  586  91
e  571  603  742
e  571  597  852
e  572  573  52
e  573  575  666
e  574  627  755
e  574  603  414
e  575  594  598
e  575  582  584
e  576  1372  153
e  577  736  153
e  578  633  487
e  578  619  816
e  579  606  153
e  580  601  153
e  581  607  666
e  581  654  793
e  582  583  837
e  582  621  598
e  582  618  857
e  583  584  52
e  583  611  857
e  584  607  857
e  585  594  496
e  586  622  989
e  586  636  410
e  586  681  496
e  587  598  410
e  587  622  91
e  588  597  972
e  589  593  755
e  590  593  327
e  591  686  223
e  592  1392  327
e  592  1159  483
e  592  700  919
e  593  605  389
e  593  616  201
e  593  624  808
e  593  604  166
e  594  595  842
e  594  648  857
e  594  621  584
e  595  642  966
e  595  652  857
e  596  609  321
e  596  628  223
e  597  630  742
e  597  600  751
e  598  655  972
e  598  629  91
e  599  613  972
e  600  637  742
e  600  613  640
e  601  615  83
e  601  602  824
e  602  617  83
e  602  606  796
e  603  650  755
e  603  630  852
e  604  612  808
e  605  608  201
e  606  620  83
e  606  626  377
e  607  611  52
e  607  658  793
e  608  679  308
e  608  690  369
e  608  677  198
e  608  616  389
e  609  653  642
e  609  639  223
e  610  640  545
e  610  959  11
e  610  895  223
e  611  618  837
e  611  668  793
e  612  624  166
e  612  638  201
e  612  627  198
e  613  646  742
e  613  649  258
e  613  623  574
e  614  692  412
e  614  689  157
e  615  654  844
e  615  634  796
e  615  617  824
e  616  631  808
e  617  620  796
e  618  635  598
e  618  704  793
e  619  643  487
e  620  634  824
e  620  666  844
e  620  674  666
e  620  720  816
e  620  693  377
e  621  635  857
e  622  629  410
e  623  632  258
e  624  631  201
e  625  647  555
e  626  693  83
e  626  662  816
e  627  641  201
e  627  650  414
e  628  639  321
e  628  651  83
e  629  719  972
e  629  723  496
e  629  636  989
e  630  670  755
e  630  676  640
e  630  637  751
e  631  644  198
e  631  638  166
e  632  649  574
e  632  694  742
e  632  655  821
e  633  643  816
e  634  657  844
e  635  648  584
e  635  659  842
e  635  717  966
e  635  712  793
e  636  706  496
e  637  646  640
e  638  641  198
e  639  661  642
e  639  665  83
e  640  699  11
e  641  644  166
e  641  660  414
e  642  645  400
e  642  675  857
e  643  656  490
e  643  664  153
e  643  673  5
e  644  678  389
e  644  740  369
e  644  696  414
e  645  681  821
e  645  684  857
e  646  676  751
e  646  685  755
e  646  672  258
e  647  780  304
e  647  845  310
e  647  699  483
e  648  652  842
e  649  672  742
e  650  660  201
e  650  670  852
e  651  665  321
e  651  697  327
e  651  680  550
e  652  675  966
e  652  659  584
e  653  661  223
e  654  658  666
e  654  657  796
e  655  709  742
e  655  797  496
e  655  719  91
e  656  662  153
e  657  663  666
e  657  666  824
e  658  668  52
e  658  663  796
e  659  702  966
e  660  696  166
e  660  683  852
e  661  669  580
e  661  698  333
e  661  714  83
e  662  711  83
e  662  664  490
e  663  671  52
e  663  667  824
e  664  728  83
e  664  701  5
e  665  714  642
e  665  703  327
e  666  667  666
e  667  687  52
e  667  674  844
e  668  704  837
e  668  671  796
e  669  686  333
e  670  683  201
e  670  682  640
e  671  708  837
e  671  687  824
e  672  725  755
e  672  724  821
e  672  694  574
e  673  701  153
e  674  741  816
e  675  684  400
e  675  702  584
e  676  682  755
e  677  678  808
e  677  718  369
e  678  726  369
e  679  688  369
e  680  688  327
e  681  706  410
e  681  730  857
e  682  691  201
e  682  685  751
e  683  735  166
e  683  691  640
e  684  730  821
e  684  705  584
e  685  695  201
e  685  725  258
e  686  716  283
e  686  698  580
e  687  729  837
e  687  761  598
e  687  759  816
e  688  697  550
e  688  707  321
e  688  690  308
e  689  727  412
e  689  722  177
e  690  713  321
e  690  718  198
e  691  738  166
e  691  695  751
e  692  727  157
e  693  711  816
e  694  709  821
e  695  769  166
e  695  795  369
e  695  731  258
e  696  750  369
e  696  735  852
e  697  703  321
e  698  778  283
e  698  777  327
e  698  739  83
e  699  867  310
e  699  978  223
e  699  959  545
e  700  1085  483
e  700  822  555
e  701  827  83
e  701  756  86
e  701  710  487
e  702  705  400
e  702  717  842
e  703  732  642
e  703  707  550
e  704  712  598
e  704  708  796
e  705  766  821
e  705  764  796
e  705  721  842
e  706  723  989
e  706  747  857
e  707  713  308
e  708  715  598
e  708  729  824
e  709  724  574
e  709  768  201
e  709  817  496
e  710  736  86
e  711  720  377
e  711  728  490
e  712  742  966
e  712  715  796
e  713  733  198
e  714  739  333
e  714  732  327
e  715  743  966
e  715  734  824
e  716  737  946
e  716  800  327
e  716  778  580
e  717  721  400
e  717  742  793
e  718  733  321
e  718  726  808
e  719  752  496
e  720  741  666
e  721  744  793
e  722  754  412
e  722  753  489
e  723  752  972
e  723  789  857
e  724  748  755
e  725  731  201
e  725  748  821
e  726  745  321
e  726  740  389
e  727  755  36
e  727  754  177
e  728  758  666
e  728  827  5
e  729  734  598
e  730  747  410
e  730  766  584
e  731  818  369
e  731  751  821
e  732  749  333
e  732  774  198
e  733  776  642
e  733  745  808
e  734  763  400
e  734  761  837
e  735  738  640
e  736  756  487
e  736  982  666
e  736  981  157
e  736  809  668
e  737  791  311
e  737  813  327
e  738  771  369
e  738  769  751
e  739  749  327
e  740  750  414
e  741  760  52
e  741  757  490
e  742  744  400
e  742  743  796
e  743  746  400
e  744  746  796
e  745  788  642
e  745  772  414
e  746  765  842
e  746  802  821
e  746  762  824
e  747  789  989
e  747  810  972
e  747  820  796
e  747  790  584
e  748  751  201
e  749  777  83
e  749  804  283
e  749  784  198
e  750  773  321
e  750  770  640
e  751  830  369
e  751  767  574
e  752  797  91
e  752  838  742
e  752  793  857
e  753  808  412
e  753  947  882
e  754  854  36
e  754  933  153
e  754  808  489
e  755  882  153
e  755  854  177
e  756  875  666
e  757  758  377
e  757  794  52
e  758  819  52
e  758  848  5
e  759  760  844
e  759  824  598
e  759  856  400
e  759  806  490
e  760  794  490
e  761  828  400
e  761  824  816
e  762  763  966
e  762  807  821
e  762  839  816
e  763  836  816
e  763  828  837
e  764  765  793
e  764  785  821
e  765  786  821
e  766  790  410
e  766  785  796
e  767  768  755
e  767  900  369
e  767  851  496
e  768  841  496
e  769  783  369
e  770  771  852
e  770  781  321
e  771  782  321
e  771  783  751
e  772  773  389
e  772  805  642
e  772  798  640
e  773  781  640
e  774  775  308
e  774  784  333
e  775  776  550
e  775  792  333
e  776  799  333
e  776  788  808
e  777  787  283
e  778  787  327
e  779  814  223
e  780  822  310
e  781  798  389
e  781  782  852
e  782  811  389
e  782  831  642
e  782  803  751
e  783  803  321
e  783  795  166
e  784  835  283
e  784  859  808
e  784  792  308
e  785  796  410
e  785  786  793
e  786  801  410
e  786  815  824
e  786  802  842
e  787  800  580
e  787  844  946
e  787  804  83
e  788  812  333
e  788  805  414
e  789  793  972
e  790  796  796
e  791  814  817
e  791  866  327
e  792  832  808
e  792  799  550
e  793  888  742
e  793  864  796
e  793  810  989
e  794  806  844
e  794  819  377
e  795  842  321
e  795  818  258
e  796  820  584
e  796  801  793
e  797  817  742
e  798  816  642
e  798  811  852
e  799  812  808
e  800  813  946
e  801  829  584
e  801  857  972
e  801  826  824
e  802  807  824
e  803  852  642
e  803  849  258
e  803  842  166
e  804  860  946
e  804  835  198
e  805  823  333
e  805  816  640
e  806  883  400
e  806  855  377
e  807  815  842
e  807  837  410
e  807  870  816
e  808  948  153
e  808  1000  882
e  809  886  157
e  809  873  718
e  810  847  796
e  811  821  642
e  812  832  550
e  812  823  414
e  813  866  311
e  813  907  817
e  813  880  198
e  813  844  580
e  814  825  50
e  814  872  327
e  815  826  410
e  816  833  333
e  816  821  852
e  817  841  201
e  817  838  91
e  818  846  321
e  818  830  821
e  819  855  844
e  819  918  5
e  820  847  972
e  820  829  793
e  821  843  333
e  821  831  389
e  822  908  483
e  822  845  304
e  823  858  550
e  823  833  640
e  824  834  400
e  825  895  700
e  825  894  327
e  826  877  972
e  826  837  842
e  827  848  666
e  828  834  816
e  829  850  972
e  830  853  321
e  830  924  496
e  830  900  574
e  831  862  333
e  831  852  751
e  832  859  308
e  832  858  414
e  833  863  550
e  833  843  852
e  834  836  837
e  834  840  966
e  834  856  598
e  835  865  946
e  835  891  640
e  836  839  966
e  837  902  972
e  837  884  816
e  838  869  201
e  838  888  857
e  839  870  821
e  839  840  837
e  840  896  490
e  840  876  598
e  841  851  755
e  841  869  91
e  842  846  258
e  843  885  550
e  843  930  283
e  843  890  751
e  843  862  389
e  844  860  83
e  845  867  483
e  846  849  166
e  846  853  821
e  847  864  989
e  847  850  793
e  848  918  52
e  848  874  86
e  849  898  642
e  849  861  821
e  850  868  989
e  850  857  584
e  851  915  369
e  851  954  857
e  851  889  91
e  852  871  333
e  852  903  821
e  852  898  258
e  853  861  166
e  853  938  642
e  853  928  496
e  854  913  153
e  855  935  400
e  855  983  5
e  856  876  966
e  856  883  490
e  857  897  989
e  857  877  824
e  858  863  640
e  859  878  640
e  860  865  198
e  861  899  642
e  862  871  751
e  863  879  308
e  863  885  852
e  864  940  742
e  864  868  793
e  865  881  580
e  865  917  640
e  866  872  817
e  867  908  304
e  867  1158  327
e  867  1135  223
e  868  944  742
e  868  953  201
e  868  952  824
e  868  897  584
e  869  889  755
e  869  901  857
e  870  884  410
e  870  919  490
e  871  890  389
e  871  909  821
e  872  894  50
e  872  912  198
e  872  907  311
e  873  882  157
e  874  875  83
e  874  934  52
e  874  1070  157
e  875  1046  157
e  875  982  487
e  876  887  490
e  877  914  989
e  877  937  816
e  877  902  842
e  878  879  414
e  878  892  283
e  879  893  283
e  880  881  83
e  880  911  817
e  881  926  817
e  881  942  640
e  882  886  718
e  882  913  177
e  883  887  966
e  883  935  377
e  884  921  972
e  884  923  490
e  885  905  283
e  886  981  668
e  886  1045  666
e  886  949  177
e  887  896  598
e  887  951  821
e  887  950  377
e  888  901  201
e  888  940  796
e  889  916  857
e  890  943  283
e  890  965  821
e  891  892  808
e  891  917  946
e  891  906  414
e  892  893  414
e  893  906  808
e  893  925  946
e  893  904  852
e  894  927  700
e  894  932  198
e  895  977  11
e  895  927  327
e  896  920  821
e  897  914  824
e  898  899  821
e  899  903  258
e  899  910  333
e  899  938  166
e  900  915  496
e  901  916  755
e  901  941  796
e  902  921  816
e  903  909  333
e  904  905  308
e  904  931  946
e  905  974  946
e  905  955  751
e  905  930  550
e  906  922  946
e  907  911  198
e  908  1085  555
e  908  1218  919
e  908  1267  327
e  909  965  389
e  909  993  283
e  909  910  258
e  910  999  283
e  910  998  496
e  910  964  166
e  911  912  311
e  911  926  83
e  912  932  50
e  912  968  640
e  912  939  83
e  913  949  718
e  913  1001  489
e  913  933  36
e  914  952  584
e  914  991  201
e  914  973  816
e  915  924  574
e  915  929  321
e  915  970  857
e  916  954  91
e  916  986  369
e  916  960  796
e  917  942  580
e  917  957  817
e  917  922  414
e  918  983  844
e  918  934  86
e  919  920  837
e  919  923  410
e  920  936  410
e  920  951  598
e  921  937  842
e  921  1034  989
e  921  961  490
e  922  962  817
e  922  956  852
e  922  925  808
e  923  961  972
e  923  936  837
e  924  928  321
e  925  931  852
e  926  939  311
e  926  945  640
e  927  1010  11
e  927  969  198
e  928  971  642
e  928  929  574
e  929  1019  642
e  929  1005  857
e  930  943  751
e  931  956  808
e  931  975  817
e  931  1007  751
e  931  974  308
e  932  969  700
e  932  980  640
e  933  948  489
e  934  1002  844
e  934  1022  400
e  934  1096  157
e  935  950  966
e  935  1003  5
e  936  996  972
e  936  1024  377
e  936  972  598
e  937  973  989
e  938  964  333
e  938  971  496
e  939  958  640
e  940  941  201
e  940  944  793
e  941  960  755
e  941  946  793
e  942  945  817
e  943  955  550
e  943  979  821
e  944  946  201
e  945  958  311
e  945  967  414
e  945  957  580
e  946  963  755
e  946  992  824
e  946  953  742
e  947  1000  412
e  947  1243  153
e  948  1001  36
e  948  1167  666
e  948  1095  882
e  949  1058  666
e  949  1068  489
e  950  984  821
e  950  1023  5
e  951  972  410
e  951  984  377
e  952  985  201
e  953  985  824
e  954  970  369
e  955  990  946
e  955  1013  821
e  956  966  817
e  957  962  414
e  958  968  83
e  958  994  50
e  958  976  414
e  959  977  223
e  960  1018  369
e  960  963  793
e  961  1075  989
e  961  1103  201
e  961  1151  377
e  961  996  837
e  962  967  580
e  962  966  852
e  963  1026  369
e  963  1014  824
e  964  989  496
e  965  979  283
e  966  988  311
e  966  975  808
e  967  976  311
e  968  980  50
e  969  1053  11
e  969  1009  640
e  970  1005  321
e  970  986  91
e  971  989  333
e  971  1019  574
e  972  995  377
e  973  1025  201
e  973  1034  842
e  974  990  751
e  975  997  311
e  975  1021  751
e  976  1011  50
e  976  987  852
e  977  978  545
e  977  1010  327
e  978  1135  310
e  978  1016  327
e  979  1013  550
e  979  1035  946
e  979  1006  258
e  979  993  389
e  980  1009  700
e  980  994  83
e  981  1017  666
e  982  1017  157
e  983  1003  400
e  983  1002  86
e  984  995  410
e  984  1033  5
e  985  992  742
e  985  991  584
e  986  1029  321
e  986  1018  796
e  987  988  580
e  987  1015  50
e  987  1008  808
e  988  997  808
e  989  998  166
e  989  1102  857
e  989  1043  574
e  990  1007  308
e  990  1032  817
e  990  1020  821
e  991  1004  742
e  991  1025  816
e  992  1014  755
e  992  1004  584
e  993  999  258
e  994  1011  414
e  995  1024  598
e  995  1031  972
e  995  1042  5
e  996  1027  377
e  997  1008  580
e  997  1049  751
e  998  1065  283
e  998  1133  857
e  999  1006  389
e  999  1078  946
e  999  1065  496
e  1000  1095  153
e  1001  1068  718
e  1001  1147  666
e  1002  1012  400
e  1003  1023  966
e  1003  1012  86
e  1004  1028  755
e  1004  1039  816
e  1005  1056  642
e  1005  1077  796
e  1005  1029  91
e  1006  1048  946
e  1007  1021  817
e  1008  1036  50
e  1009  1084  11
e  1009  1083  852
e  1009  1037  414
e  1010  1016  545
e  1010  1053  198
e  1011  1038  700
e  1011  1015  852
e  1012  1030  966
e  1012  1022  844
e  1013  1020  946
e  1014  1066  369
e  1014  1028  584
e  1015  1040  700
e  1015  1036  808
e  1016  1139  310
e  1016  1061  198
e  1017  1046  487
e  1017  1069  177
e  1017  1045  668
e  1018  1051  321
e  1018  1026  793
e  1019  1043  333
e  1019  1056  857
e  1020  1044  817
e  1020  1052  258
e  1020  1035  550
e  1021  1049  311
e  1021  1054  821
e  1021  1032  308
e  1022  1073  410
e  1022  1129  157
e  1023  1033  821
e  1023  1030  86
e  1024  1027  972
e  1025  1039  742
e  1025  1118  490
e  1025  1076  842
e  1026  1057  321
e  1026  1066  824
e  1027  1151  837
e  1027  1191  201
e  1027  1111  86
e  1027  1031  598
e  1028  1087  369
e  1028  1055  816
e  1029  1051  796
e  1030  1041  821
e  1031  1074  86
e  1031  1060  5
e  1032  1044  821
e  1033  1042  410
e  1033  1041  86
e  1034  1076  201
e  1034  1075  490
e  1035  1048  258
e  1036  1059  700
e  1036  1081  751
e  1037  1038  83
e  1037  1050  852
e  1038  1040  852
e  1039  1055  755
e  1039  1122  490
e  1040  1050  83
e  1040  1059  808
e  1041  1047  410
e  1042  1060  972
e  1042  1047  86
e  1043  1067  857
e  1044  1054  308
e  1044  1080  311
e  1044  1063  258
e  1045  1058  177
e  1046  1070  83
e  1046  1109  177
e  1047  1062  972
e  1047  1071  844
e  1048  1052  550
e  1048  1079  817
e  1048  1078  389
e  1049  1082  50
e  1049  1064  821
e  1050  1083  414
e  1050  1121  11
e  1050  1157  808
e  1051  1077  91
e  1051  1057  793
e  1052  1063  817
e  1053  1061  545
e  1053  1084  640
e  1054  1064  311
e  1055  1092  369
e  1055  1131  490
e  1056  1067  333
e  1056  1094  796
e  1057  1104  91
e  1057  1112  642
e  1057  1098  824
e  1058  1069  668
e  1058  1193  972
e  1058  1116  489
e  1059  1157  83
e  1059  1164  11
e  1059  1156  821
e  1059  1090  751
e  1060  1062  86
e  1061  1177  310
e  1061  1088  640
e  1062  1074  5
e  1062  1117  598
e  1062  1255  201
e  1062  1183  157
e  1062  1097  844
e  1063  1091  311
e  1063  1125  496
e  1063  1079  550
e  1064  1089  50
e  1064  1113  258
e  1064  1080  308
e  1065  1100  946
e  1065  1152  817
e  1065  1166  857
e  1066  1098  321
e  1066  1119  816
e  1066  1087  584
e  1067  1102  574
e  1067  1106  796
e  1068  1116  666
e  1069  1109  487
e  1069  1189  972
e  1070  1096  52
e  1070  1128  177
e  1071  1072  966
e  1071  1097  972
e  1072  1073  821
e  1072  1110  972
e  1073  1130  972
e  1073  1137  157
e  1074  1111  598
e  1075  1086  201
e  1076  1086  490
e  1077  1094  642
e  1077  1104  793
e  1078  1099  817
e  1078  1100  496
e  1079  1114  496
e  1079  1099  389
e  1080  1091  258
e  1081  1082  580
e  1081  1090  700
e  1081  1093  821
e  1082  1089  821
e  1083  1115  11
e  1084  1088  545
e  1084  1115  852
e  1085  1159  919
e  1086  1118  842
e  1086  1123  742
e  1086  1207  755
e  1086  1103  989
e  1087  1092  816
e  1088  1185  310
e  1088  1138  852
e  1089  1093  580
e  1089  1105  700
e  1089  1126  258
e  1090  1101  821
e  1091  1113  308
e  1091  1143  50
e  1091  1154  700
e  1091  1136  496
e  1092  1119  584
e  1092  1132  321
e  1092  1170  490
e  1093  1101  700
e  1094  1106  333
e  1094  1108  793
e  1095  1291  666
e  1095  1351  972
e  1095  1439  469
e  1095  1243  412
e  1096  1129  400
e  1096  1149  972
e  1096  1145  177
e  1097  1150  157
e  1097  1110  966
e  1098  1161  642
e  1098  1127  816
e  1099  1107  496
e  1100  1107  817
e  1101  1156  751
e  1101  1176  11
e  1101  1155  258
e  1101  1105  580
e  1102  1133  166
e  1102  1187  796
e  1103  1236  755
e  1103  1179  377
e  1104  1108  642
e  1105  1134  258
e  1106  1187  574
e  1106  1210  166
e  1106  1120  793
e  1107  1114  389
e  1107  1169  311
e  1107  1212  857
e  1107  1152  946
e  1108  1120  333
e  1108  1112  91
e  1109  1128  83
e  1109  1186  972
e  1110  1142  157
e  1110  1130  821
e  1111  1195  201
e  1111  1117  5
e  1112  1124  333
e  1112  1161  824
e  1113  1126  50
e  1114  1125  550
e  1114  1153  311
e  1115  1138  545
e  1115  1121  414
e  1116  1199  972
e  1116  1198  36
e  1116  1147  718
e  1117  1205  201
e  1118  1122  742
e  1119  1127  321
e  1120  1222  166
e  1120  1237  283
e  1120  1261  824
e  1120  1124  91
e  1121  1144  545
e  1121  1163  808
e  1122  1131  755
e  1122  1123  842
e  1123  1140  755
e  1124  1171  824
e  1125  1136  311
e  1126  1134  700
e  1126  1143  308
e  1127  1178  642
e  1127  1132  584
e  1128  1145  52
e  1128  1182  972
e  1129  1137  410
e  1130  1141  157
e  1131  1170  369
e  1131  1140  842
e  1132  1209  642
e  1132  1208  490
e  1133  1166  283
e  1133  1194  796
e  1134  1155  580
e  1134  1173  496
e  1134  1146  308
e  1135  1139  327
e  1136  1160  700
e  1136  1153  550
e  1137  1141  972
e  1138  1251  310
e  1138  1144  414
e  1139  1158  223
e  1139  1310  304
e  1139  1284  640
e  1139  1177  198
e  1140  1180  369
e  1140  1249  989
e  1140  1207  742
e  1141  1142  821
e  1141  1172  177
e  1141  1148  400
e  1142  1150  966
e  1142  1174  177
e  1143  1146  700
e  1144  1263  310
e  1144  1217  821
e  1144  1192  808
e  1145  1165  972
e  1146  1162  496
e  1146  1154  50
e  1147  1167  36
e  1148  1149  410
e  1148  1168  177
e  1149  1165  177
e  1150  1183  844
e  1150  1190  177
e  1151  1179  201
e  1152  1197  857
e  1153  1169  389
e  1154  1160  496
e  1155  1220  11
e  1155  1181  496
e  1156  1175  11
e  1157  1163  11
e  1158  1267  304
e  1159  1343  327
e  1159  1218  555
e  1160  1162  50
e  1160  1213  389
e  1161  1171  333
e  1161  1178  816
e  1162  1173  308
e  1162  1281  580
e  1162  1297  11
e  1162  1302  857
e  1162  1231  389
e  1163  1192  545
e  1163  1184  821
e  1163  1164  83
e  1164  1175  821
e  1165  1168  410
e  1165  1182  52
e  1166  1197  817
e  1166  1211  796
e  1167  1198  718
e  1167  1258  972
e  1167  1291  882
e  1168  1172  400
e  1168  1204  821
e  1168  1200  668
e  1169  1214  700
e  1169  1242  857
e  1170  1208  321
e  1170  1180  842
e  1171  1261  91
e  1171  1188  816
e  1172  1174  821
e  1173  1181  580
e  1174  1190  966
e  1174  1246  489
e  1174  1230  668
e  1174  1204  400
e  1175  1184  83
e  1175  1176  751
e  1176  1216  545
e  1176  1239  496
e  1176  1220  258
e  1177  1185  640
e  1178  1188  333
e  1178  1209  584
e  1179  1260  755
e  1179  1206  86
e  1179  1191  837
e  1180  1241  321
e  1180  1276  86
e  1181  1223  11
e  1181  1281  308
e  1182  1186  83
e  1183  1259  201
e  1183  1247  177
e  1184  1196  545
e  1185  1284  198
e  1185  1327  304
e  1185  1251  852
e  1186  1189  487
e  1187  1194  166
e  1188  1308  91
e  1188  1314  283
e  1188  1219  584
e  1189  1193  668
e  1190  1247  844
e  1190  1313  201
e  1190  1265  489
e  1191  1195  86
e  1192  1196  821
e  1193  1203  410
e  1193  1199  489
e  1194  1211  283
e  1194  1210  574
e  1195  1206  837
e  1195  1205  5
e  1196  1217  808
e  1196  1215  751
e  1197  1212  946
e  1197  1240  796
e  1198  1253  972
e  1199  1221  410
e  1199  1253  36
e  1200  1201  487
e  1200  1225  821
e  1201  1202  83
e  1201  1229  821
e  1201  1228  489
e  1202  1203  52
e  1202  1224  489
e  1203  1221  489
e  1204  1225  668
e  1205  1248  837
e  1205  1293  755
e  1205  1264  157
e  1205  1255  598
e  1206  1262  755
e  1206  1248  5
e  1207  1236  989
e  1208  1279  642
e  1208  1241  842
e  1209  1219  333
e  1209  1279  490
e  1210  1222  793
e  1211  1240  817
e  1211  1226  793
e  1212  1242  311
e  1212  1252  796
e  1213  1214  550
e  1213  1231  50
e  1214  1238  50
e  1214  1257  857
e  1215  1216  83
e  1215  1283  808
e  1215  1282  496
e  1216  1250  496
e  1217  1298  310
e  1217  1283  751
e  1218  1329  327
e  1219  1396  283
e  1219  1286  490
e  1220  1223  496
e  1221  1224  52
e  1221  1244  821
e  1221  1272  36
e  1222  1227  283
e  1223  1239  258
e  1223  1254  545
e  1223  1363  857
e  1223  1294  308
e  1224  1228  83
e  1224  1233  821
e  1225  1230  400
e  1225  1229  487
e  1226  1227  574
e  1226  1256  817
e  1227  1280  817
e  1227  1237  166
e  1228  1232  821
e  1229  1232  489
e  1230  1234  489
e  1231  1289  857
e  1231  1238  550
e  1232  1235  400
e  1232  1233  83
e  1233  1245  400
e  1233  1244  52
e  1234  1235  487
e  1234  1246  668
e  1234  1274  966
e  1235  1300  966
e  1235  1245  83
e  1236  1249  742
e  1236  1260  377
e  1237  1309  817
e  1237  1296  824
e  1238  1270  857
e  1239  1250  545
e  1240  1252  946
e  1240  1256  793
e  1241  1344  642
e  1241  1332  86
e  1242  1257  700
e  1242  1287  796
e  1243  1433  469
e  1243  1271  677
e  1244  1273  400
e  1244  1299  36
e  1245  1354  966
e  1245  1340  36
e  1245  1273  52
e  1246  1265  966
e  1247  1285  201
e  1248  1275  755
e  1249  1266  377
e  1250  1282  83
e  1250  1254  258
e  1251  1422  304
e  1251  1263  414
e  1252  1287  311
e  1252  1269  793
e  1253  1272  410
e  1253  1258  718
e  1254  1325  83
e  1254  1401  310
e  1254  1367  857
e  1255  1259  157
e  1256  1269  946
e  1256  1280  574
e  1257  1270  50
e  1257  1290  796
e  1258  1292  410
e  1258  1316  882
e  1259  1264  598
e  1259  1285  177
e  1260  1266  742
e  1260  1262  86
e  1261  1296  283
e  1261  1308  816
e  1262  1268  742
e  1262  1275  5
e  1263  1462  304
e  1263  1298  821
e  1264  1321  755
e  1264  1320  177
e  1265  1336  201
e  1265  1274  668
e  1266  1268  86
e  1267  1329  919
e  1267  1328  640
e  1267  1310  223
e  1268  1278  369
e  1268  1288  5
e  1269  1303  311
e  1269  1324  700
e  1269  1323  574
e  1270  1289  550
e  1270  1312  796
e  1271  1372  469
e  1272  1299  821
e  1272  1292  718
e  1273  1319  36
e  1274  1360  201
e  1274  1300  487
e  1275  1288  742
e  1275  1301  369
e  1275  1293  837
e  1276  1277  377
e  1276  1332  321
e  1277  1278  989
e  1277  1339  321
e  1277  1307  5
e  1278  1295  5
e  1279  1286  333
e  1279  1344  842
e  1280  1323  946
e  1280  1322  824
e  1280  1309  166
e  1281  1294  11
e  1282  1326  808
e  1282  1341  310
e  1282  1325  258
e  1283  1333  310
e  1283  1326  496
e  1284  1315  304
e  1285  1320  598
e  1285  1374  369
e  1285  1365  489
e  1285  1313  844
e  1286  1444  283
e  1286  1357  842
e  1287  1290  700
e  1287  1303  793
e  1288  1295  369
e  1289  1302  389
e  1289  1358  11
e  1289  1347  796
e  1290  1312  50
e  1290  1305  793
e  1291  1316  972
e  1292  1318  821
e  1292  1352  882
e  1293  1304  369
e  1293  1321  157
e  1294  1348  857
e  1294  1297  580
e  1295  1307  989
e  1295  1366  157
e  1295  1306  837
e  1295  1301  742
e  1296  1317  817
e  1296  1311  816
e  1297  1331  857
e  1298  1469  304
e  1298  1342  496
e  1298  1333  751
e  1299  1319  400
e  1299  1318  718
e  1300  1382  201
e  1300  1395  36
e  1300  1354  83
e  1301  1304  837
e  1302  1331  11
e  1303  1305  700
e  1304  1306  742
e  1304  1330  157
e  1305  1337  50
e  1305  1389  824
e  1305  1324  311
e  1306  1338  157
e  1307  1349  321
e  1307  1368  157
e  1308  1311  283
e  1309  1317  824
e  1310  1315  640
e  1311  1334  817
e  1311  1314  91
e  1312  1347  550
e  1312  1337  793
e  1313  1336  489
e  1314  1345  817
e  1314  1396  584
e  1315  1328  223
e  1315  1327  198
e  1316  1352  410
e  1316  1351  666
e  1317  1322  166
e  1317  1334  816
e  1318  1353  400
e  1318  1381  882
e  1319  1340  52
e  1319  1353  718
e  1320  1356  369
e  1321  1330  369
e  1322  1350  946
e  1322  1346  816
e  1323  1350  824
e  1324  1377  824
e  1325  1371  310
e  1326  1335  310
e  1327  1359  223
e  1327  1391  919
e  1327  1422  852
e  1328  1361  919
e  1328  1359  198
e  1329  1343  555
e  1329  1361  640
e  1330  1338  742
e  1330  1355  177
e  1331  1348  580
e  1331  1369  796
e  1331  1358  389
e  1332  1415  642
e  1332  1339  377
e  1333  1335  496
e  1334  1346  166
e  1334  1345  91
e  1335  1342  751
e  1335  1341  808
e  1336  1365  844
e  1336  1424  369
e  1336  1360  668
e  1337  1384  550
e  1337  1390  11
e  1337  1416  824
e  1338  1366  837
e  1338  1375  989
e  1338  1388  321
e  1338  1370  177
e  1339  1437  642
e  1339  1349  5
e  1340  1373  966
e  1340  1394  718
e  1341  1371  258
e  1342  1474  304
e  1343  1392  483
e  1343  1385  640
e  1344  1357  333
e  1344  1415  86
e  1345  1407  946
e  1345  1409  584
e  1346  1364  946
e  1347  1362  11
e  1347  1384  793
e  1348  1363  308
e  1348  1379  545
e  1348  1399  796
e  1349  1442  642
e  1349  1376  157
e  1350  1378  700
e  1350  1364  816
e  1351  1476  469
e  1352  1381  821
e  1353  1394  52
e  1353  1410  882
e  1354  1373  36
e  1355  1356  755
e  1355  1370  742
e  1355  1387  598
e  1356  1374  598
e  1357  1420  86
e  1358  1362  796
e  1359  1380  919
e  1360  1440  369
e  1360  1382  487
e  1361  1385  555
e  1361  1380  198
e  1362  1369  389
e  1362  1386  793
e  1363  1367  545
e  1364  1393  700
e  1364  1406  91
e  1365  1402  369
e  1366  1368  989
e  1367  1458  310
e  1367  1421  796
e  1367  1379  308
e  1368  1376  321
e  1368  1375  837
e  1369  1399  580
e  1369  1417  545
e  1369  1412  793
e  1370  1403  321
e  1370  1441  489
e  1370  1428  598
e  1371  1401  83
e  1372  1433  677
e  1373  1395  83
e  1373  1411  201
e  1373  1423  718
e  1374  1387  755
e  1374  1402  489
e  1375  1383  321
e  1376  1455  642
e  1376  1436  177
e  1376  1383  837
e  1377  1378  574
e  1377  1389  311
e  1378  1397  311
e  1378  1393  816
e  1379  1404  796
e  1380  1408  555
e  1380  1391  223
e  1381  1410  400
e  1382  1470  369
e  1382  1405  36
e  1383  1414  177
e  1383  1388  989
e  1384  1386  11
e  1385  1418  483
e  1385  1408  198
e  1386  1412  389
e  1386  1447  545
e  1386  1390  550
e  1387  1428  742
e  1387  1413  489
e  1388  1403  177
e  1389  1416  50
e  1389  1400  816
e  1389  1397  574
e  1390  1457  824
e  1391  1431  555
e  1391  1467  852
e  1392  1419  654
e  1392  1418  640
e  1393  1398  311
e  1393  1429  91
e  1394  1423  966
e  1394  1434  201
e  1394  1445  882
e  1395  1405  201
e  1396  1409  817
e  1396  1444  490
e  1397  1398  816
e  1398  1400  574
e  1398  1451  50
e  1398  1460  91
e  1399  1404  545
e  1400  1425  50
e  1401  1458  857
e  1402  1413  755
e  1402  1424  844
e  1403  1414  989
e  1403  1454  489
e  1404  1421  308
e  1404  1430  793
e  1404  1417  580
e  1405  1473  369
e  1405  1411  83
e  1406  1407  166
e  1406  1429  700
e  1407  1446  700
e  1407  1468  584
e  1408  1452  483
e  1408  1431  223
e  1409  1468  946
e  1409  1453  490
e  1410  1445  52
e  1410  1449  201
e  1411  1427  718
e  1412  1426  545
e  1413  1435  742
e  1413  1450  844
e  1414  1436  837
e  1415  1420  333
e  1415  1437  377
e  1416  1457  11
e  1416  1425  816
e  1417  1426  793
e  1418  1432  654
e  1418  1452  198
e  1419  1471  703
e  1419  1432  640
e  1420  1438  377
e  1421  1479  310
e  1421  1464  793
e  1422  1467  919
e  1422  1462  414
e  1423  1427  201
e  1424  1450  755
e  1424  1440  668
e  1425  1461  11
e  1425  1451  574
e  1426  1430  580
e  1426  1447  389
e  1427  1459  882
e  1427  1434  966
e  1428  1435  489
e  1429  1460  311
e  1429  1446  166
e  1430  1464  308
e  1432  1475  703
e  1432  1465  198
e  1433  1439  412
e  1434  1448  882
e  1435  1441  598
e  1435  1463  321
e  1436  1477  642
e  1437  1438  333
e  1437  1442  5
e  1438  1443  5
e  1439  1476  972
e  1440  1466  755
e  1440  1470  487
e  1441  1454  321
e  1442  1443  333
e  1442  1455  157
e  1443  1456  157
e  1444  1453  817
e  1445  1448  201
e  1446  1472  584
e  1448  1459  966
e  1448  1449  52
e  1450  1466  668
e  1452  1465  654
e  1454  1463  598
e  1455  1456  333
e  1455  1477  177
e  1456  1478  177
e  1457  1461  816
e  1458  1479  796
e  1462  1469  821
e  1468  1472  700
e  1469  1474  496
e  1470  1473  36
e  1471  1475  640
e  1477  1478  333
