p   edge 647  1224
e  0  579  819
e  0  134  238
e  0  50  92
e  1  2  332
e  1  589  709
e  1  634  785
e  2  3  430
e  2  125  709
e  3  4  279
e  3  72  709
e  4  5  417
e  4  51  709
e  5  6  709
e  6  7  911
e  6  54  946
e  6  51  417
e  7  8  946
e  8  9  132
e  8  79  708
e  8  54  911
e  9  10  325
e  9  52  708
e  10  11  708
e  11  12  68
e  11  56  465
e  11  52  325
e  12  13  465
e  13  14  179
e  13  70  325
e  13  56  68
e  14  15  384
e  14  73  325
e  15  16  375
e  15  152  680
e  15  89  325
e  16  17  904
e  16  143  680
e  17  18  116
e  17  74  534
e  17  139  680
e  18  19  534
e  19  20  185
e  19  75  680
e  19  74  116
e  20  21  907
e  20  63  680
e  21  22  680
e  22  23  70
e  22  63  907
e  23  24  182
e  23  81  656
e  23  96  557
e  23  80  907
e  24  25  656
e  25  26  944
e  25  82  723
e  25  81  182
e  26  27  819
e  26  65  723
e  27  28  723
e  28  29  557
e  28  65  819
e  29  30  562
e  29  55  623
e  29  77  819
e  30  31  623
e  31  32  103
e  31  55  562
e  32  33  946
e  32  66  562
e  33  34  275
e  33  58  112
e  33  71  562
e  34  35  392
e  34  57  112
e  35  36  513
e  35  53  112
e  36  37  112
e  37  38  692
e  37  53  513
e  38  39  701
e  38  61  218
e  38  68  275
e  38  60  513
e  39  40  218
e  40  41  538
e  40  61  701
e  41  42  314
e  41  108  701
e  42  43  497
e  42  109  815
e  42  131  275
e  42  113  701
e  43  44  238
e  43  78  815
e  44  45  815
e  45  46  208
e  45  78  238
e  46  47  415
e  46  76  614
e  46  84  238
e  47  48  614
e  48  49  245
e  48  85  785
e  48  101  238
e  48  76  415
e  49  50  785
e  50  122  238
e  50  85  245
e  51  69  946
e  51  183  465
e  51  168  430
e  51  72  279
e  52  62  465
e  52  93  911
e  52  79  132
e  53  60  692
e  53  59  275
e  53  57  392
e  54  88  708
e  54  69  417
e  55  66  103
e  55  98  819
e  56  62  325
e  57  58  275
e  58  59  392
e  58  67  692
e  58  103  562
e  59  64  692
e  60  64  275
e  61  108  538
e  61  83  275
e  62  70  68
e  62  86  179
e  62  114  384
e  62  94  911
e  63  80  70
e  63  75  185
e  64  68  513
e  64  99  218
e  64  67  392
e  65  77  557
e  65  82  944
e  66  71  946
e  66  120  112
e  66  123  819
e  67  144  218
e  67  117  562
e  68  83  218
e  69  100  708
e  69  154  465
e  70  73  179
e  71  103  112
e  72  125  430
e  73  89  384
e  73  86  68
e  74  115  680
e  75  112  70
e  75  115  116
e  76  92  238
e  77  98  623
e  77  97  182
e  77  90  944
e  78  84  208
e  78  109  497
e  79  88  911
e  80  146  557
e  80  112  185
e  81  87  723
e  82  90  557
e  82  87  182
e  83  118  538
e  83  130  314
e  83  99  513
e  84  92  614
e  84  119  497
e  85  106  238
e  86  105  384
e  87  91  557
e  88  93  132
e  88  102  465
e  88  100  417
e  89  172  680
e  89  155  911
e  89  105  68
e  90  91  182
e  91  97  944
e  91  116  623
e  91  95  656
e  92  101  415
e  92  110  785
e  92  132  497
e  93  94  465
e  94  127  384
e  94  107  417
e  94  102  132
e  95  96  723
e  95  128  623
e  96  147  623
e  96  165  112
e  96  146  907
e  97  111  623
e  98  123  103
e  98  126  112
e  98  111  182
e  99  186  314
e  99  159  562
e  99  144  392
e  100  104  465
e  101  106  785
e  102  104  417
e  103  117  692
e  103  129  819
e  103  120  946
e  104  107  132
e  104  193  384
e  104  246  430
e  104  189  946
e  104  154  708
e  105  135  911
e  105  114  179
e  106  122  245
e  106  160  92
e  106  110  415
e  107  137  384
e  108  113  314
e  108  118  275
e  109  119  208
e  109  149  785
e  109  162  275
e  110  166  92
e  110  133  497
e  111  136  112
e  111  116  944
e  112  180  557
e  112  211  112
e  112  190  116
e  113  121  275
e  114  127  911
e  115  190  70
e  115  255  112
e  115  156  904
e  115  139  534
e  116  140  112
e  116  128  656
e  117  153  218
e  117  141  819
e  118  121  314
e  119  132  614
e  119  138  785
e  120  124  819
e  121  131  701
e  121  178  785
e  121  130  538
e  122  134  92
e  123  124  112
e  124  129  946
e  124  145  182
e  124  126  103
e  125  168  279
e  125  265  465
e  125  617  785
e  125  589  332
e  126  136  182
e  127  135  179
e  127  137  417
e  128  148  112
e  128  147  723
e  129  141  692
e  130  203  785
e  130  186  513
e  131  162  815
e  131  170  785
e  132  133  785
e  133  167  92
e  133  179  275
e  133  138  614
e  134  517  819
e  134  324  275
e  134  177  497
e  134  160  245
e  135  155  68
e  135  142  417
e  136  145  103
e  136  158  692
e  136  140  944
e  137  142  179
e  137  335  680
e  137  334  430
e  137  193  132
e  138  176  275
e  138  149  208
e  139  143  904
e  140  161  692
e  140  148  656
e  141  173  218
e  141  150  182
e  142  164  68
e  142  236  680
e  143  156  534
e  143  210  325
e  143  152  375
e  144  153  562
e  145  151  692
e  146  174  112
e  146  180  185
e  147  157  112
e  148  175  692
e  148  157  723
e  149  163  275
e  150  151  946
e  150  188  218
e  150  184  944
e  151  169  944
e  151  158  103
e  152  172  325
e  153  159  392
e  153  173  819
e  154  183  946
e  155  201  680
e  155  164  417
e  156  234  325
e  157  194  692
e  157  181  907
e  157  165  623
e  158  161  944
e  159  198  314
e  159  185  819
e  160  171  497
e  160  166  415
e  161  169  103
e  161  175  656
e  162  163  785
e  163  176  208
e  163  182  701
e  163  170  815
e  164  202  680
e  165  174  907
e  166  167  497
e  167  171  415
e  167  187  245
e  167  199  275
e  168  208  465
e  169  184  946
e  169  195  656
e  170  178  701
e  171  177  245
e  172  210  375
e  172  209  417
e  172  201  911
e  173  185  392
e  173  188  182
e  174  181  623
e  174  191  185
e  175  195  103
e  175  247  218
e  175  213  907
e  175  194  723
e  176  179  614
e  176  192  701
e  177  226  275
e  177  187  415
e  178  182  815
e  178  216  562
e  178  203  538
e  179  199  92
e  179  196  701
e  180  191  112
e  181  200  692
e  181  212  185
e  182  192  208
e  182  218  614
e  182  231  562
e  183  189  708
e  183  208  430
e  184  204  218
e  184  214  656
e  185  205  314
e  185  197  182
e  186  206  785
e  186  198  562
e  187  219  275
e  188  197  392
e  188  204  944
e  189  225  430
e  190  227  112
e  191  212  623
e  191  256  692
e  191  235  116
e  191  211  557
e  192  196  614
e  193  266  430
e  194  200  907
e  195  214  946
e  195  232  218
e  196  221  92
e  196  250  819
e  196  244  562
e  196  218  208
e  197  220  314
e  197  228  785
e  197  237  944
e  198  207  785
e  198  205  819
e  199  219  245
e  199  221  701
e  200  213  723
e  200  276  218
e  200  230  185
e  201  202  417
e  202  209  911
e  202  291  112
e  202  236  68
e  203  206  513
e  204  237  392
e  204  248  785
e  204  224  656
e  205  215  785
e  205  220  182
e  206  207  562
e  207  217  538
e  207  215  819
e  208  225  708
e  208  265  279
e  209  286  112
e  210  234  534
e  210  281  112
e  211  227  116
e  212  230  692
e  213  252  218
e  214  224  218
e  215  222  538
e  215  223  182
e  216  217  513
e  216  231  815
e  216  229  819
e  217  222  819
e  218  240  562
e  219  226  415
e  219  263  701
e  220  223  785
e  221  263  245
e  221  251  819
e  222  229  513
e  222  239  815
e  222  238  182
e  223  238  538
e  223  258  815
e  223  260  944
e  223  228  314
e  224  257  785
e  224  232  946
e  225  246  946
e  225  292  384
e  225  319  279
e  226  324  497
e  226  316  819
e  226  306  701
e  227  235  557
e  227  282  325
e  227  255  70
e  228  243  944
e  229  233  815
e  230  289  218
e  230  302  785
e  230  275  116
e  230  256  623
e  231  240  614
e  231  233  819
e  232  270  785
e  232  261  907
e  232  247  103
e  233  242  614
e  233  249  182
e  233  239  513
e  234  268  112
e  235  269  692
e  235  305  325
e  236  358  112
e  236  389  430
e  236  335  179
e  237  243  785
e  238  241  815
e  239  241  182
e  240  244  208
e  240  242  819
e  241  249  513
e  241  262  614
e  241  288  944
e  241  258  538
e  242  245  208
e  242  253  182
e  243  260  314
e  243  271  656
e  243  248  392
e  244  245  819
e  245  250  562
e  245  254  92
e  245  259  182
e  246  266  384
e  247  252  907
e  248  257  656
e  249  253  614
e  250  251  92
e  251  284  245
e  251  254  562
e  252  261  103
e  252  277  785
e  252  276  723
e  253  259  208
e  253  262  513
e  254  298  245
e  254  264  182
e  255  267  325
e  256  269  116
e  257  271  392
e  257  279  907
e  257  270  946
e  258  278  944
e  259  264  92
e  259  272  513
e  260  278  815
e  260  280  656
e  261  273  785
e  262  272  208
e  262  283  92
e  262  290  944
e  263  306  415
e  263  284  819
e  264  299  245
e  264  341  944
e  264  274  513
e  265  319  708
e  265  543  384
e  265  593  112
e  265  596  785
e  266  334  132
e  266  388  680
e  266  292  946
e  267  268  904
e  267  282  70
e  268  294  70
e  268  293  417
e  268  281  534
e  269  275  623
e  269  321  325
e  270  273  907
e  271  280  314
e  271  307  907
e  272  274  92
e  273  279  946
e  273  339  314
e  273  338  185
e  273  277  103
e  274  301  944
e  274  283  208
e  275  326  785
e  275  350  325
e  276  287  785
e  276  289  185
e  277  322  185
e  277  287  723
e  278  288  538
e  278  296  614
e  278  311  92
e  278  300  656
e  279  307  392
e  279  310  314
e  280  300  815
e  280  308  907
e  281  285  417
e  282  305  557
e  282  294  904
e  283  297  944
e  284  313  415
e  284  312  182
e  284  298  562
e  285  286  375
e  285  293  534
e  285  304  911
e  286  291  911
e  287  295  185
e  288  290  614
e  289  295  785
e  290  297  92
e  290  296  538
e  291  304  375
e  291  362  692
e  291  429  785
e  291  358  68
e  292  445  680
e  292  394  279
e  293  317  70
e  293  309  911
e  294  320  557
e  294  317  417
e  295  322  723
e  295  369  92
e  295  343  116
e  295  302  218
e  296  303  92
e  297  301  208
e  297  303  538
e  298  299  182
e  299  312  562
e  299  332  415
e  299  353  944
e  300  314  92
e  300  318  907
e  301  341  513
e  301  373  245
e  301  327  656
e  301  323  538
e  302  326  116
e  303  323  208
e  303  315  656
e  303  311  614
e  304  309  534
e  305  321  692
e  305  320  904
e  306  313  819
e  307  308  314
e  308  318  815
e  308  310  392
e  309  331  70
e  310  340  815
e  310  339  946
e  311  314  656
e  312  328  415
e  313  316  701
e  313  328  182
e  314  315  614
e  314  330  907
e  315  325  208
e  315  333  907
e  316  424  497
e  316  345  182
e  317  329  557
e  317  331  911
e  318  330  92
e  318  340  392
e  319  394  384
e  320  329  417
e  321  350  623
e  321  336  417
e  322  338  103
e  323  325  656
e  324  424  819
e  325  327  538
e  325  344  907
e  326  343  218
e  326  356  325
e  327  379  245
e  327  349  907
e  328  345  701
e  328  332  562
e  329  337  692
e  329  342  911
e  330  333  614
e  330  348  392
e  331  342  557
e  332  374  701
e  332  398  944
e  333  344  208
e  333  370  185
e  334  357  680
e  335  357  430
e  336  337  904
e  336  365  785
e  336  363  911
e  337  346  911
e  338  351  314
e  339  347  815
e  339  351  185
e  340  348  92
e  340  347  946
e  341  353  245
e  342  346  692
e  343  381  92
e  343  386  325
e  344  349  538
e  344  377  185
e  345  442  497
e  345  374  562
e  346  363  904
e  346  376  785
e  346  359  375
e  347  352  92
e  347  354  185
e  348  352  946
e  349  387  245
e  349  400  185
e  350  356  785
e  351  354  815
e  352  355  185
e  353  398  415
e  353  397  656
e  353  373  513
e  354  355  92
e  355  372  614
e  355  366  723
e  356  386  218
e  356  364  417
e  357  389  179
e  357  446  112
e  357  388  132
e  358  438  785
e  358  418  430
e  359  360  534
e  359  391  785
e  360  361  70
e  360  392  785
e  361  362  557
e  361  401  785
e  362  406  785
e  363  375  785
e  364  365  623
e  364  393  218
e  364  378  911
e  365  375  911
e  366  367  103
e  366  380  614
e  367  368  314
e  367  382  614
e  367  390  116
e  368  369  815
e  368  384  116
e  369  381  116
e  370  371  946
e  370  377  208
e  371  372  392
e  371  383  208
e  372  396  208
e  372  380  723
e  373  379  656
e  374  513  497
e  374  484  944
e  375  378  623
e  375  376  904
e  376  385  623
e  376  391  375
e  377  400  538
e  377  431  116
e  377  383  946
e  378  403  218
e  378  385  904
e  379  397  513
e  379  387  907
e  380  399  208
e  380  382  103
e  381  384  815
e  381  409  325
e  382  404  208
e  382  395  116
e  383  422  116
e  383  402  723
e  383  396  392
e  384  390  314
e  384  411  614
e  384  413  325
e  385  417  218
e  385  430  375
e  386  409  92
e  386  393  417
e  387  408  513
e  387  462  415
e  387  415  185
e  388  465  112
e  388  445  946
e  389  418  112
e  390  395  614
e  391  430  623
e  391  392  534
e  392  439  623
e  392  471  92
e  392  401  70
e  393  410  92
e  393  403  911
e  394  493  680
e  394  555  112
e  394  543  708
e  395  405  208
e  395  425  417
e  395  411  314
e  396  399  723
e  397  423  415
e  397  408  907
e  398  484  701
e  398  449  907
e  398  423  656
e  399  402  392
e  399  407  116
e  399  404  103
e  400  415  245
e  400  432  116
e  401  485  92
e  401  488  68
e  401  406  557
e  402  412  116
e  403  416  92
e  403  417  904
e  404  405  116
e  405  407  103
e  405  421  392
e  405  436  417
e  406  443  68
e  406  429  692
e  407  412  392
e  408  427  415
e  409  413  815
e  409  410  417
e  410  414  815
e  410  416  911
e  411  419  417
e  412  422  723
e  412  440  538
e  412  458  417
e  412  421  103
e  413  414  417
e  414  420  614
e  414  428  911
e  415  467  415
e  415  444  116
e  416  428  815
e  416  433  904
e  417  433  92
e  417  452  375
e  418  470  785
e  418  446  179
e  419  420  325
e  419  425  314
e  420  426  314
e  420  435  911
e  421  451  417
e  422  431  946
e  422  434  538
e  423  427  907
e  424  517  275
e  424  442  182
e  425  436  208
e  425  426  325
e  426  437  208
e  426  441  911
e  427  449  656
e  427  552  701
e  427  564  417
e  427  473  185
e  427  462  513
e  428  435  614
e  428  450  904
e  429  438  68
e  430  452  218
e  430  456  92
e  430  439  534
e  431  432  538
e  432  444  245
e  432  448  723
e  432  434  946
e  433  450  815
e  433  454  375
e  434  440  723
e  435  441  314
e  435  461  904
e  436  451  392
e  436  437  325
e  437  457  392
e  437  447  911
e  438  443  692
e  438  470  430
e  439  459  92
e  440  448  946
e  440  455  245
e  440  463  417
e  441  447  208
e  441  474  904
e  442  534  275
e  442  513  562
e  443  488  557
e  443  510  92
e  443  489  430
e  444  492  415
e  444  481  417
e  444  453  723
e  445  494  112
e  445  493  279
e  446  502  785
e  446  465  132
e  447  468  392
e  447  497  245
e  447  479  904
e  448  453  245
e  449  521  701
e  450  461  614
e  450  478  375
e  451  458  103
e  451  457  325
e  452  454  92
e  453  475  417
e  453  455  946
e  454  478  815
e  454  460  534
e  454  456  218
e  455  464  417
e  456  459  534
e  457  466  103
e  457  477  245
e  457  468  911
e  458  463  538
e  458  466  325
e  459  460  218
e  459  471  623
e  460  486  815
e  460  495  623
e  461  474  314
e  461  496  208
e  461  487  375
e  462  467  185
e  463  464  245
e  463  469  325
e  464  475  946
e  464  472  325
e  465  509  785
e  465  494  946
e  466  469  538
e  467  473  513
e  467  492  116
e  468  480  245
e  469  472  245
e  470  489  692
e  470  502  179
e  471  495  218
e  471  485  70
e  472  490  946
e  472  483  911
e  472  476  103
e  473  533  417
e  473  506  116
e  474  479  208
e  475  481  723
e  475  490  325
e  476  477  538
e  476  482  911
e  477  480  911
e  478  487  614
e  478  486  534
e  479  514  245
e  479  504  375
e  479  496  314
e  480  482  538
e  480  526  904
e  480  497  392
e  481  501  415
e  481  499  325
e  482  483  103
e  482  530  904
e  483  498  946
e  483  550  415
e  483  563  904
e  484  573  497
e  484  521  907
e  485  507  218
e  485  500  68
e  486  491  614
e  486  525  70
e  486  520  623
e  487  503  208
e  487  491  534
e  488  500  92
e  489  518  92
e  489  544  179
e  490  499  723
e  490  498  911
e  491  508  208
e  491  547  68
e  491  529  70
e  492  506  513
e  492  501  417
e  493  519  112
e  494  528  785
e  494  519  279
e  495  520  815
e  495  507  70
e  496  503  375
e  497  514  904
e  498  505  723
e  498  527  415
e  499  512  415
e  499  505  911
e  500  524  218
e  500  523  430
e  500  510  557
e  501  515  513
e  501  512  325
e  502  544  692
e  502  509  132
e  503  504  314
e  503  508  534
e  504  538  245
e  504  511  534
e  505  516  415
e  506  515  417
e  507  522  815
e  507  524  68
e  508  511  314
e  508  553  68
e  509  556  692
e  509  528  946
e  510  518  430
e  511  548  245
e  511  581  430
e  511  562  68
e  512  536  513
e  512  516  911
e  513  632  417
e  513  573  944
e  514  526  392
e  514  549  538
e  514  538  375
e  515  533  116
e  515  594  701
e  515  551  911
e  515  536  325
e  516  537  513
e  516  527  723
e  517  579  238
e  517  534  182
e  518  523  557
e  518  576  815
e  518  565  179
e  519  541  785
e  519  555  680
e  520  522  70
e  521  592  497
e  521  591  417
e  521  552  656
e  522  525  623
e  522  532  614
e  522  531  68
e  523  540  218
e  523  545  815
e  524  531  815
e  524  540  430
e  525  529  614
e  526  530  538
e  527  606  513
e  527  597  904
e  527  550  946
e  528  580  692
e  528  541  279
e  529  539  68
e  529  532  623
e  530  563  103
e  530  571  415
e  530  566  375
e  530  549  392
e  531  535  614
e  531  542  430
e  532  535  68
e  533  564  185
e  533  578  701
e  534  586  238
e  535  539  623
e  535  546  430
e  536  537  911
e  537  551  325
e  537  603  701
e  537  606  723
e  538  561  538
e  538  548  534
e  539  547  70
e  539  557  208
e  539  554  430
e  540  542  815
e  541  601  92
e  541  613  708
e  541  574  680
e  542  546  614
e  542  545  218
e  543  587  112
e  544  565  92
e  544  556  132
e  545  558  614
e  545  576  557
e  546  554  623
e  546  570  208
e  546  605  557
e  546  558  218
e  547  553  208
e  548  575  538
e  548  582  430
e  549  561  375
e  550  567  904
e  551  599  701
e  552  572  417
e  553  562  314
e  553  560  430
e  553  557  70
e  554  559  208
e  555  574  785
e  555  587  708
e  556  569  92
e  556  580  946
e  557  559  430
e  558  583  557
e  559  560  70
e  559  577  314
e  559  570  623
e  560  568  314
e  561  566  392
e  561  575  534
e  562  568  430
e  563  567  415
e  564  572  701
e  565  611  815
e  565  569  132
e  566  598  415
e  566  585  534
e  567  597  946
e  567  620  375
e  567  571  103
e  568  581  68
e  568  584  245
e  568  577  70
e  569  614  815
e  569  588  946
e  570  610  314
e  570  625  557
e  571  598  375
e  572  591  656
e  572  622  497
e  572  618  911
e  572  578  185
e  573  623  417
e  573  592  907
e  574  590  708
e  575  585  392
e  575  609  430
e  576  583  614
e  576  611  179
e  577  602  245
e  577  610  623
e  578  607  911
e  578  594  116
e  579  586  182
e  580  588  92
e  581  582  245
e  582  609  538
e  582  584  68
e  583  605  218
e  583  612  179
e  584  619  538
e  584  602  70
e  585  608  415
e  585  615  430
e  587  590  785
e  587  593  384
e  588  629  815
e  588  600  279
e  589  624  785
e  590  613  680
e  590  595  384
e  591  604  497
e  592  604  417
e  593  595  785
e  594  599  911
e  595  635  465
e  595  596  112
e  596  617  465
e  597  631  513
e  598  620  103
e  598  608  534
e  599  607  116
e  599  638  497
e  599  603  325
e  600  601  692
e  600  645  815
e  602  627  623
e  603  640  497
e  604  623  907
e  604  628  911
e  604  622  656
e  605  625  208
e  605  637  179
e  606  631  904
e  607  618  185
e  607  633  497
e  608  621  430
e  609  615  392
e  609  619  68
e  610  627  245
e  611  612  614
e  611  614  132
e  612  637  218
e  612  616  132
e  614  616  614
e  614  629  946
e  615  621  415
e  615  636  68
e  616  639  218
e  616  630  946
e  617  635  112
e  617  624  332
e  618  626  497
e  619  636  392
e  621  642  68
e  622  626  911
e  623  632  944
e  624  644  112
e  624  634  709
e  625  641  179
e  626  628  656
e  626  633  185
e  629  630  614
e  629  645  279
e  630  646  279
e  633  638  116
e  635  644  332
e  636  642  415
e  637  641  208
e  637  639  132
e  638  640  325
e  639  643  208
e  641  643  132
e  645  646  614
