p   edge 844  1601
e  0  802  954
e  0  565  558
e  0  181  172
e  0  79  965
e  0  59  391
e  1  2  353
e  1  99  484
e  2  3  440
e  2  80  484
e  3  4  829
e  3  74  484
e  4  5  484
e  5  6  555
e  5  74  829
e  6  7  151
e  6  84  140
e  6  85  829
e  7  8  267
e  7  77  140
e  8  9  535
e  8  63  140
e  9  10  140
e  10  11  988
e  10  63  535
e  11  12  284
e  11  93  535
e  12  13  260
e  12  65  707
e  12  95  535
e  13  14  707
e  14  15  198
e  14  65  260
e  15  16  595
e  15  70  260
e  16  17  778
e  16  75  420
e  16  90  260
e  17  18  206
e  17  66  420
e  18  19  10
e  18  61  420
e  19  20  420
e  20  21  428
e  20  61  10
e  21  22  39
e  21  73  801
e  21  88  10
e  22  23  801
e  23  24  684
e  23  73  39
e  24  25  697
e  24  101  537
e  24  89  39
e  25  26  662
e  25  97  537
e  26  27  954
e  26  81  537
e  27  28  537
e  28  29  596
e  28  81  954
e  29  30  833
e  29  92  954
e  30  31  722
e  30  60  17
e  30  109  954
e  31  32  17
e  32  33  885
e  32  60  722
e  33  34  957
e  33  67  115
e  33  82  722
e  34  35  115
e  35  36  715
e  35  67  957
e  36  37  73
e  36  68  957
e  37  38  217
e  37  78  957
e  38  39  210
e  38  62  821
e  38  83  957
e  39  40  821
e  40  41  534
e  40  62  210
e  41  42  344
e  41  64  845
e  41  69  210
e  42  43  845
e  43  44  973
e  43  64  344
e  44  45  136
e  44  71  32
e  44  91  344
e  45  46  32
e  46  47  307
e  46  71  136
e  47  48  191
e  47  194  579
e  47  233  344
e  47  180  136
e  48  49  158
e  48  124  579
e  49  50  296
e  49  115  579
e  50  51  429
e  50  105  579
e  51  52  162
e  51  72  579
e  52  53  579
e  53  54  550
e  53  125  24
e  53  72  162
e  54  55  558
e  54  76  24
e  55  56  24
e  56  57  554
e  56  76  558
e  57  58  172
e  57  112  391
e  57  111  558
e  58  59  965
e  58  79  391
e  60  82  885
e  60  140  73
e  60  117  954
e  61  88  428
e  61  66  206
e  62  69  534
e  62  98  957
e  63  93  988
e  63  86  151
e  63  77  267
e  64  91  973
e  64  94  210
e  65  70  198
e  65  102  535
e  66  157  428
e  66  134  260
e  66  75  778
e  67  68  715
e  67  96  722
e  68  78  73
e  68  100  722
e  69  94  845
e  69  107  957
e  70  90  595
e  70  133  420
e  70  116  535
e  71  180  307
e  71  108  344
e  72  215  554
e  72  162  296
e  72  105  429
e  73  89  684
e  73  158  537
e  73  143  10
e  74  85  555
e  74  80  440
e  75  103  260
e  76  111  554
e  76  125  550
e  77  84  151
e  78  83  217
e  78  104  722
e  79  112  172
e  80  87  555
e  80  99  353
e  81  92  596
e  81  97  662
e  82  96  115
e  83  98  821
e  83  110  722
e  84  86  267
e  84  113  829
e  85  113  140
e  85  87  440
e  86  121  988
e  86  156  707
e  86  150  829
e  87  120  140
e  87  131  353
e  88  143  801
e  88  157  206
e  89  126  537
e  90  103  420
e  91  108  32
e  91  127  210
e  92  109  833
e  92  106  662
e  93  95  284
e  93  121  151
e  94  127  973
e  94  148  32
e  94  123  957
e  95  102  707
e  95  129  151
e  96  100  715
e  96  122  73
e  97  106  596
e  97  101  697
e  98  107  534
e  98  118  722
e  99  131  555
e  99  446  140
e  99  672  17
e  100  104  73
e  101  114  596
e  101  126  39
e  102  116  198
e  102  132  151
e  103  134  778
e  103  146  535
e  103  133  595
e  104  110  217
e  104  147  821
e  104  122  715
e  105  115  296
e  106  119  833
e  106  114  697
e  107  123  845
e  107  142  722
e  108  213  307
e  108  135  210
e  109  117  17
e  109  119  662
e  110  118  821
e  111  164  391
e  111  163  550
e  112  181  965
e  112  164  558
e  113  150  267
e  113  187  707
e  113  120  440
e  114  130  833
e  114  137  39
e  115  162  429
e  115  234  554
e  115  124  158
e  116  141  420
e  116  145  151
e  117  165  73
e  117  178  821
e  117  128  662
e  118  142  534
e  118  179  954
e  118  160  885
e  118  147  217
e  119  128  17
e  119  130  697
e  120  196  707
e  120  325  420
e  120  188  353
e  121  129  284
e  121  138  707
e  122  151  821
e  122  139  885
e  123  154  32
e  123  152  722
e  124  272  554
e  124  356  957
e  124  194  191
e  125  163  554
e  126  137  596
e  126  158  684
e  127  135  32
e  128  182  821
e  128  136  697
e  129  132  707
e  130  136  17
e  130  144  39
e  131  188  140
e  132  145  198
e  132  173  829
e  132  138  284
e  133  141  535
e  134  224  428
e  134  231  801
e  134  244  17
e  134  240  535
e  135  260  307
e  135  155  957
e  135  148  973
e  136  195  821
e  136  149  39
e  137  144  833
e  137  170  684
e  138  168  829
e  138  156  988
e  139  140  115
e  139  153  821
e  140  159  821
e  140  165  954
e  141  146  595
e  141  166  151
e  142  152  845
e  142  201  954
e  143  174  537
e  143  209  17
e  143  206  206
e  144  149  17
e  144  177  684
e  145  166  420
e  145  197  829
e  146  240  778
e  146  305  17
e  146  192  151
e  147  151  715
e  148  154  957
e  149  225  821
e  149  189  10
e  149  184  684
e  150  167  707
e  151  153  885
e  152  193  32
e  152  202  954
e  153  161  217
e  153  171  954
e  153  159  115
e  154  155  973
e  154  193  722
e  155  269  307
e  155  338  579
e  155  218  722
e  156  167  829
e  157  206  801
e  157  224  260
e  158  170  596
e  158  174  10
e  159  169  954
e  160  161  715
e  160  175  954
e  161  172  954
e  162  219  554
e  163  267  391
e  163  235  296
e  163  214  162
e  164  318  965
e  164  300  296
e  164  267  550
e  165  169  821
e  166  192  595
e  166  199  829
e  167  168  988
e  167  187  267
e  168  173  284
e  168  203  440
e  169  171  115
e  169  183  662
e  169  178  73
e  170  177  833
e  170  176  10
e  171  172  217
e  171  190  662
e  172  175  715
e  172  191  662
e  173  197  198
e  173  205  420
e  173  222  440
e  174  176  596
e  175  179  885
e  175  198  662
e  176  185  833
e  177  184  17
e  177  185  10
e  178  182  662
e  179  201  534
e  179  212  845
e  179  211  662
e  180  213  344
e  181  318  558
e  182  183  73
e  182  195  697
e  183  190  115
e  183  210  217
e  183  200  697
e  184  186  10
e  185  186  17
e  186  189  684
e  186  289  821
e  186  264  260
e  186  245  206
e  186  207  537
e  187  196  440
e  188  362  420
e  188  604  17
e  188  446  555
e  189  265  821
e  190  191  217
e  191  198  715
e  191  217  697
e  191  210  115
e  192  306  17
e  192  258  829
e  193  218  973
e  193  243  954
e  194  339  957
e  194  270  344
e  195  200  73
e  195  225  39
e  196  204  988
e  196  273  420
e  197  199  420
e  198  211  885
e  198  232  845
e  198  226  697
e  199  258  595
e  199  252  440
e  199  205  198
e  200  216  217
e  200  242  39
e  201  202  845
e  202  243  32
e  202  221  662
e  202  212  534
e  203  204  267
e  203  222  284
e  204  251  420
e  205  230  440
e  206  227  17
e  206  228  260
e  207  208  596
e  207  237  206
e  208  209  833
e  208  229  206
e  209  227  206
e  210  216  697
e  211  220  845
e  212  220  662
e  213  233  136
e  213  282  579
e  213  260  210
e  214  215  24
e  214  223  296
e  215  219  296
e  216  217  115
e  216  261  39
e  217  226  715
e  217  262  845
e  217  266  39
e  218  343  579
e  218  268  954
e  219  223  24
e  219  234  429
e  220  221  534
e  220  246  697
e  220  232  885
e  221  257  32
e  221  249  697
e  222  230  420
e  223  235  162
e  223  256  429
e  224  228  801
e  225  242  73
e  225  265  10
e  226  239  845
e  227  229  833
e  227  236  260
e  228  236  17
e  228  231  428
e  229  237  596
e  229  238  260
e  230  252  198
e  230  250  267
e  231  241  17
e  232  239  697
e  233  270  579
e  234  256  24
e  234  272  158
e  235  278  391
e  236  238  833
e  236  241  428
e  237  245  537
e  237  248  260
e  238  248  596
e  238  247  428
e  239  246  885
e  239  255  534
e  239  276  39
e  239  262  715
e  240  283  17
e  241  247  833
e  241  244  801
e  242  261  217
e  242  280  10
e  243  268  973
e  243  257  662
e  244  253  833
e  244  283  535
e  245  254  260
e  246  249  534
e  247  259  596
e  247  253  801
e  248  254  537
e  248  259  428
e  249  275  32
e  249  255  885
e  250  251  284
e  250  287  198
e  250  434  17
e  251  435  17
e  251  273  988
e  252  309  595
e  252  381  17
e  252  287  267
e  253  274  596
e  253  285  535
e  254  264  206
e  254  307  821
e  254  263  428
e  255  279  39
e  256  299  391
e  256  297  158
e  257  281  973
e  257  275  697
e  258  322  17
e  258  309  440
e  259  263  537
e  259  274  801
e  260  284  579
e  260  269  957
e  261  266  115
e  261  277  845
e  262  271  39
e  263  323  821
e  263  319  535
e  263  288  801
e  264  301  821
e  265  280  73
e  265  310  260
e  265  289  684
e  266  271  845
e  267  278  296
e  268  349  579
e  268  281  662
e  269  286  579
e  270  295  957
e  270  282  136
e  271  276  715
e  271  292  534
e  271  304  10
e  271  277  115
e  272  297  24
e  272  340  391
e  272  394  957
e  273  447  17
e  273  380  353
e  273  325  707
e  274  288  537
e  274  303  535
e  275  302  973
e  275  293  39
e  276  279  534
e  277  290  10
e  278  300  550
e  278  298  429
e  279  294  32
e  279  313  10
e  279  292  715
e  280  291  845
e  280  320  260
e  281  360  579
e  281  302  697
e  282  284  210
e  283  285  833
e  283  311  151
e  283  305  778
e  284  286  957
e  285  303  596
e  285  314  151
e  286  296  136
e  286  375  954
e  286  345  722
e  286  338  307
e  287  397  17
e  288  312  535
e  289  301  260
e  290  291  217
e  290  304  115
e  290  328  534
e  290  337  32
e  290  332  260
e  291  324  260
e  292  308  10
e  293  294  885
e  293  329  973
e  293  331  10
e  294  316  10
e  295  296  210
e  295  339  344
e  295  376  191
e  296  392  191
e  296  407  954
e  297  317  391
e  298  299  162
e  298  385  550
e  298  384  158
e  299  317  158
e  300  517  965
e  300  587  957
e  300  385  429
e  301  310  684
e  301  327  73
e  301  307  206
e  302  387  579
e  302  329  39
e  303  312  537
e  303  330  151
e  304  308  534
e  305  306  151
e  306  311  778
e  306  315  833
e  306  322  829
e  307  334  73
e  307  352  845
e  307  323  428
e  308  313  715
e  308  321  32
e  308  328  115
e  309  348  17
e  310  320  73
e  311  314  833
e  312  319  801
e  312  359  821
e  312  346  151
e  313  316  32
e  314  330  596
e  314  315  778
e  315  326  829
e  316  331  885
e  316  357  260
e  316  321  715
e  317  384  162
e  317  438  957
e  317  340  24
e  318  565  172
e  318  715  957
e  318  517  296
e  319  336  821
e  320  324  845
e  320  327  684
e  321  347  260
e  321  333  115
e  322  326  833
e  322  348  440
e  323  365  845
e  323  336  535
e  324  332  217
e  324  353  206
e  324  335  684
e  325  362  353
e  326  351  596
e  326  363  440
e  327  335  845
e  327  334  206
e  328  333  32
e  329  415  579
e  329  354  10
e  330  346  537
e  330  350  829
e  331  354  973
e  332  342  32
e  332  358  206
e  333  344  260
e  333  337  534
e  334  341  845
e  335  341  206
e  336  371  845
e  336  373  151
e  336  359  801
e  337  342  260
e  338  343  722
e  339  356  191
e  340  411  957
e  341  353  684
e  341  364  217
e  341  368  32
e  341  382  535
e  341  369  428
e  341  352  73
e  342  344  534
e  342  361  206
e  343  345  307
e  343  349  954
e  344  347  115
e  344  374  206
e  345  355  954
e  346  367  821
e  346  372  829
e  347  357  715
e  347  383  206
e  348  363  833
e  348  381  595
e  349  355  307
e  349  360  662
e  350  351  778
e  350  372  537
e  351  389  537
e  351  399  821
e  351  398  440
e  352  365  428
e  353  358  217
e  354  427  579
e  354  390  260
e  355  375  722
e  355  370  662
e  356  394  554
e  356  376  344
e  357  391  973
e  357  404  206
e  358  361  32
e  358  364  684
e  359  367  151
e  360  370  307
e  360  387  697
e  361  374  534
e  361  366  684
e  362  380  707
e  362  519  17
e  363  398  596
e  363  450  821
e  363  449  267
e  363  412  595
e  364  366  32
e  365  369  73
e  365  371  535
e  366  378  534
e  366  393  535
e  366  368  217
e  367  373  801
e  367  379  829
e  368  386  535
e  369  377  535
e  370  416  722
e  370  430  136
e  370  405  697
e  371  377  73
e  371  396  151
e  372  379  821
e  372  389  778
e  373  396  845
e  373  400  829
e  374  383  115
e  374  378  684
e  375  407  136
e  375  416  662
e  376  418  554
e  376  392  210
e  377  382  428
e  377  388  32
e  377  408  151
e  378  403  115
e  378  402  535
e  379  400  801
e  379  417  845
e  379  395  778
e  380  469  17
e  381  412  833
e  381  397  267
e  382  386  32
e  383  404  715
e  383  403  684
e  384  464  550
e  384  511  957
e  385  571  957
e  385  464  158
e  386  393  217
e  386  388  428
e  387  405  307
e  387  415  39
e  388  401  217
e  388  410  151
e  389  395  821
e  390  391  885
e  390  459  579
e  390  458  206
e  391  429  206
e  392  424  554
e  393  402  534
e  393  401  428
e  394  411  391
e  394  418  344
e  395  439  845
e  395  422  440
e  395  399  537
e  396  408  73
e  396  409  829
e  397  421  833
e  397  448  284
e  397  434  198
e  398  414  821
e  399  414  440
e  400  409  845
e  401  406  534
e  401  431  151
e  402  413  115
e  402  406  428
e  403  425  715
e  403  413  535
e  404  429  973
e  404  428  535
e  404  425  684
e  405  474  136
e  405  440  39
e  406  433  115
e  406  432  151
e  407  462  554
e  407  423  662
e  408  410  32
e  409  420  32
e  409  417  801
e  410  431  217
e  410  419  829
e  411  438  24
e  411  463  210
e  411  437  344
e  412  421  267
e  413  426  715
e  413  433  428
e  414  422  537
e  414  483  845
e  414  494  267
e  414  450  596
e  415  440  307
e  415  427  10
e  416  423  136
e  417  436  32
e  417  439  778
e  418  437  391
e  418  424  210
e  419  420  73
e  419  442  217
e  419  454  534
e  419  479  440
e  419  453  801
e  420  436  801
e  421  449  595
e  421  487  821
e  421  476  284
e  422  445  845
e  423  466  554
e  423  430  722
e  424  441  391
e  424  461  954
e  425  426  535
e  426  428  684
e  426  457  973
e  426  456  428
e  427  460  307
e  427  459  260
e  428  444  973
e  429  458  885
e  429  444  535
e  430  485  554
e  430  474  697
e  431  432  534
e  431  442  829
e  432  455  115
e  432  443  829
e  433  456  715
e  433  455  151
e  434  435  284
e  435  448  198
e  435  478  833
e  435  447  988
e  436  453  73
e  436  451  440
e  437  441  210
e  438  511  162
e  438  516  954
e  438  497  210
e  439  445  440
e  440  528  136
e  440  460  10
e  441  463  344
e  441  465  954
e  442  443  534
e  443  468  115
e  443  491  440
e  443  454  217
e  444  473  885
e  444  509  151
e  444  457  684
e  445  452  32
e  445  483  537
e  446  642  17
e  447  493  833
e  447  469  353
e  448  476  833
e  449  482  821
e  450  482  267
e  451  452  778
e  451  467  73
e  452  477  73
e  452  558  267
e  452  495  537
e  453  467  440
e  454  489  440
e  455  470  715
e  455  468  829
e  456  471  973
e  456  470  151
e  457  492  151
e  457  471  428
e  458  496  579
e  458  473  535
e  459  488  307
e  459  510  535
e  459  496  206
e  460  531  136
e  460  549  554
e  460  562  391
e  460  488  260
e  461  462  191
e  461  465  391
e  461  472  662
e  462  466  662
e  463  497  24
e  464  534  957
e  465  506  24
e  465  475  662
e  466  472  191
e  466  481  391
e  466  485  722
e  467  479  801
e  467  503  534
e  467  477  778
e  468  484  715
e  468  501  973
e  468  525  440
e  469  500  833
e  469  519  707
e  470  480  973
e  470  484  829
e  471  480  151
e  472  475  391
e  473  499  579
e  473  521  151
e  474  498  554
e  474  528  39
e  475  512  24
e  475  564  697
e  475  504  722
e  475  481  191
e  476  540  821
e  476  478  198
e  477  508  534
e  477  574  267
e  478  546  821
e  478  507  353
e  478  493  988
e  479  489  534
e  480  492  428
e  480  486  829
e  481  490  722
e  482  494  596
e  482  487  595
e  483  495  32
e  483  518  267
e  484  486  973
e  485  490  391
e  485  498  697
e  486  515  428
e  486  542  579
e  486  547  440
e  486  501  715
e  487  513  596
e  487  557  32
e  487  540  284
e  488  566  391
e  488  552  535
e  489  491  217
e  489  503  801
e  490  504  191
e  490  502  697
e  491  525  115
e  491  559  973
e  491  524  778
e  491  514  801
e  492  509  684
e  492  515  829
e  493  500  353
e  494  518  845
e  494  513  595
e  495  523  267
e  496  499  535
e  497  505  954
e  498  502  391
e  498  536  39
e  499  510  206
e  499  561  307
e  499  527  151
e  500  507  988
e  500  554  821
e  500  585  707
e  501  535  440
e  502  522  191
e  502  563  10
e  502  539  39
e  503  514  217
e  503  508  778
e  504  522  697
e  505  506  344
e  505  516  210
e  505  529  662
e  506  512  662
e  507  551  821
e  508  520  217
e  508  596  267
e  509  521  885
e  509  526  829
e  510  552  307
e  511  534  550
e  511  581  954
e  512  529  344
e  512  568  697
e  513  541  845
e  514  520  778
e  515  526  684
e  515  537  579
e  516  581  162
e  516  550  662
e  517  617  957
e  518  523  32
e  518  541  595
e  519  585  833
e  519  708  555
e  519  604  420
e  520  524  801
e  520  589  973
e  520  608  267
e  521  527  579
e  521  530  829
e  522  564  722
e  522  569  24
e  522  572  10
e  523  558  537
e  523  544  595
e  524  575  973
e  525  535  973
e  526  530  885
e  526  533  579
e  527  582  307
e  527  532  829
e  528  536  554
e  528  531  10
e  529  550  210
e  529  629  162
e  529  616  697
e  530  532  579
e  531  538  554
e  532  584  307
e  532  560  428
e  532  545  684
e  532  533  885
e  533  537  684
e  534  571  158
e  534  591  954
e  535  547  715
e  535  586  778
e  535  559  115
e  536  539  391
e  536  538  10
e  537  545  885
e  537  542  428
e  538  543  391
e  538  549  136
e  539  543  10
e  540  577  32
e  540  555  353
e  540  546  198
e  541  544  32
e  542  548  885
e  542  573  440
e  543  563  39
e  543  576  191
e  543  570  260
e  543  553  136
e  544  607  73
e  544  593  353
e  544  556  596
e  545  548  428
e  546  551  353
e  547  573  579
e  548  560  684
e  548  622  307
e  548  603  440
e  549  553  391
e  550  590  162
e  551  555  198
e  551  583  32
e  551  554  988
e  552  601  391
e  552  561  206
e  553  567  260
e  553  562  554
e  554  592  32
e  554  621  707
e  555  578  32
e  556  557  845
e  556  579  353
e  557  577  284
e  558  574  73
e  559  575  778
e  560  612  307
e  561  614  391
e  561  613  829
e  561  582  151
e  562  566  260
e  563  572  191
e  564  568  24
e  565  770  954
e  566  567  554
e  566  601  535
e  567  570  136
e  567  602  535
e  568  616  344
e  568  647  10
e  568  569  722
e  569  594  10
e  570  599  191
e  570  625  535
e  571  587  429
e  571  623  954
e  572  594  24
e  572  576  39
e  573  603  885
e  573  699  307
e  573  610  778
e  574  596  534
e  574  606  595
e  575  586  115
e  575  589  801
e  576  600  24
e  576  599  260
e  577  578  353
e  578  580  845
e  578  583  198
e  579  580  284
e  579  593  596
e  580  597  596
e  580  588  198
e  581  591  550
e  581  590  662
e  582  584  829
e  583  588  845
e  583  592  988
e  584  613  151
e  584  620  391
e  584  612  428
e  585  621  821
e  585  718  555
e  586  611  579
e  586  609  801
e  587  617  965
e  587  632  954
e  588  605  596
e  588  595  988
e  589  609  115
e  589  636  579
e  589  634  267
e  590  598  550
e  590  629  210
e  591  623  158
e  591  598  662
e  592  595  845
e  592  643  707
e  593  635  73
e  593  597  284
e  594  647  722
e  594  681  162
e  594  679  260
e  594  600  39
e  595  627  596
e  595  662  707
e  596  608  217
e  596  633  595
e  597  653  73
e  597  605  198
e  598  631  158
e  598  682  965
e  598  648  697
e  598  641  210
e  599  615  24
e  599  652  535
e  600  615  260
e  601  602  554
e  601  614  206
e  602  625  136
e  602  657  829
e  602  618  206
e  603  630  307
e  604  642  555
e  605  673  73
e  605  627  988
e  606  607  537
e  606  633  534
e  606  646  353
e  607  635  353
e  608  634  973
e  608  666  595
e  609  628  579
e  610  611  715
e  610  724  307
e  610  760  391
e  610  734  267
e  610  655  801
e  611  628  801
e  612  651  391
e  612  640  440
e  612  622  684
e  613  619  391
e  614  618  554
e  614  619  829
e  615  679  39
e  615  685  162
e  615  658  535
e  616  637  162
e  616  659  10
e  617  715  296
e  617  638  954
e  618  624  829
e  619  624  554
e  619  620  151
e  620  626  554
e  620  651  428
e  621  643  32
e  621  722  555
e  622  630  440
e  623  632  429
e  623  631  662
e  624  657  206
e  624  663  136
e  624  626  151
e  625  652  191
e  625  678  24
e  625  661  829
e  626  664  136
e  626  676  440
e  626  668  428
e  627  689  73
e  627  811  579
e  627  798  707
e  628  655  715
e  628  669  267
e  628  636  115
e  629  641  550
e  629  637  697
e  630  640  684
e  630  667  391
e  630  699  885
e  631  639  429
e  631  660  965
e  632  638  965
e  632  639  662
e  633  666  217
e  633  649  353
e  634  650  579
e  634  686  595
e  635  646  537
e  635  654  534
e  635  653  284
e  636  650  267
e  637  644  550
e  637  665  10
e  638  728  296
e  638  645  662
e  639  645  965
e  640  656  391
e  641  644  697
e  642  708  420
e  642  732  833
e  642  746  32
e  642  672  140
e  643  662  845
e  643  729  555
e  644  648  210
e  644  671  10
e  645  736  296
e  645  716  697
e  645  660  429
e  646  649  534
e  647  659  344
e  648  704  965
e  648  712  10
e  649  675  217
e  649  698  284
e  649  654  537
e  650  669  115
e  650  709  353
e  650  701  595
e  651  668  554
e  651  656  440
e  652  658  24
e  653  674  534
e  653  673  198
e  654  674  284
e  655  707  267
e  656  670  554
e  656  667  684
e  657  661  136
e  658  752  162
e  658  691  829
e  658  678  191
e  659  665  162
e  660  714  697
e  660  682  158
e  661  688  24
e  661  677  151
e  661  663  206
e  662  798  596
e  662  827  579
e  662  763  555
e  663  664  151
e  664  677  206
e  664  702  24
e  664  735  440
e  665  671  550
e  665  680  722
e  666  686  973
e  666  675  353
e  667  684  554
e  667  761  778
e  667  725  885
e  668  670  440
e  669  707  715
e  669  750  353
e  670  676  428
e  670  769  136
e  670  791  24
e  670  684  684
e  671  712  210
e  671  695  260
e  671  690  722
e  672  766  32
e  673  705  534
e  673  689  988
e  674  698  537
e  674  705  198
e  675  693  973
e  675  720  579
e  675  719  284
e  676  735  136
e  677  697  24
e  678  688  829
e  679  683  162
e  680  681  344
e  680  690  550
e  680  687  260
e  681  683  260
e  682  704  697
e  683  687  344
e  683  685  39
e  684  805  24
e  684  764  778
e  685  694  344
e  685  700  550
e  685  752  535
e  686  701  579
e  686  693  353
e  687  692  550
e  687  694  39
e  688  691  191
e  688  697  151
e  689  713  534
e  689  803  579
e  690  692  260
e  691  779  162
e  691  703  151
e  692  695  722
e  692  696  39
e  693  706  579
e  694  696  550
e  695  727  965
e  695  711  39
e  696  711  722
e  696  757  965
e  696  785  535
e  696  700  344
e  697  703  191
e  697  702  206
e  698  719  217
e  698  730  579
e  698  733  198
e  699  725  391
e  699  724  778
e  700  754  535
e  701  706  353
e  702  710  191
e  702  751  440
e  703  789  162
e  703  710  206
e  704  714  158
e  704  717  10
e  705  733  537
e  705  743  579
e  705  713  988
e  706  709  595
e  706  776  115
e  706  723  284
e  706  720  973
e  707  734  801
e  707  784  391
e  707  780  353
e  708  718  833
e  709  750  115
e  710  810  162
e  710  765  440
e  711  741  965
e  712  717  965
e  713  744  579
e  714  716  429
e  714  731  10
e  715  728  954
e  716  828  296
e  716  738  10
e  717  731  158
e  717  726  260
e  718  722  821
e  718  732  420
e  719  721  579
e  720  721  284
e  721  723  973
e  721  730  217
e  722  729  32
e  722  739  420
e  723  820  115
e  723  748  198
e  724  737  391
e  725  737  778
e  726  727  210
e  726  753  158
e  726  762  39
e  727  741  39
e  728  771  172
e  728  736  662
e  729  763  845
e  729  742  420
e  730  740  198
e  731  738  429
e  731  753  260
e  732  739  821
e  733  740  579
e  734  772  391
e  735  751  24
e  735  769  428
e  736  773  172
e  736  828  697
e  737  761  885
e  737  768  554
e  737  777  267
e  737  760  307
e  738  833  296
e  738  755  260
e  739  742  32
e  740  749  973
e  740  747  988
e  740  743  537
e  741  762  210
e  741  793  158
e  741  757  722
e  742  790  845
e  742  783  140
e  742  745  833
e  743  744  988
e  744  747  537
e  744  759  973
e  744  826  707
e  744  803  534
e  745  746  821
e  745  774  140
e  746  766  140
e  747  756  973
e  748  749  217
e  748  758  988
e  749  756  988
e  750  780  715
e  750  776  595
e  751  765  191
e  751  778  428
e  752  754  550
e  752  779  829
e  753  755  429
e  753  775  39
e  754  785  344
e  754  788  965
e  754  782  829
e  755  834  296
e  755  781  39
e  756  758  217
e  756  759  537
e  757  807  158
e  757  787  535
e  758  767  537
e  759  767  217
e  760  772  267
e  761  764  554
e  762  775  158
e  763  790  420
e  764  824  267
e  764  768  885
e  765  841  162
e  765  800  428
e  766  774  821
e  768  795  267
e  769  778  24
e  770  771  957
e  770  802  558
e  770  786  662
e  771  773  662
e  772  777  307
e  772  784  801
e  773  786  957
e  773  823  558
e  773  835  697
e  774  783  833
e  775  781  429
e  775  793  210
e  776  812  715
e  776  831  391
e  776  820  284
e  777  795  554
e  777  794  801
e  778  800  191
e  778  821  684
e  778  791  136
e  779  782  550
e  779  789  151
e  780  799  391
e  780  812  595
e  781  830  535
e  781  796  210
e  782  797  965
e  782  792  151
e  783  801  845
e  784  794  307
e  784  799  353
e  785  787  965
e  786  804  558
e  787  815  158
e  787  806  829
e  787  788  344
e  788  797  829
e  789  792  550
e  789  810  206
e  790  801  140
e  791  805  684
e  792  808  965
e  792  813  206
e  793  796  429
e  793  807  722
e  794  809  554
e  794  818  353
e  795  824  885
e  795  809  801
e  796  822  535
e  796  814  722
e  797  806  344
e  797  808  151
e  798  816  579
e  799  818  307
e  799  825  595
e  802  804  662
e  803  819  707
e  803  811  73
e  804  823  957
e  805  821  136
e  806  837  158
e  806  832  151
e  807  814  429
e  807  815  535
e  808  832  344
e  808  838  206
e  809  829  353
e  810  813  550
e  810  841  440
e  811  816  707
e  812  825  391
e  813  838  965
e  813  842  440
e  814  817  535
e  815  817  429
e  815  837  829
e  816  819  73
e  816  827  596
e  817  822  722
e  817  839  829
e  818  829  554
e  819  826  534
e  820  843  391
e  822  830  210
e  825  831  715
e  828  835  172
e  828  833  10
e  831  843  284
e  833  836  172
e  833  834  260
e  834  840  172
e  835  836  10
e  836  840  260
e  837  839  429
e  841  842  550
