p   edge 205  386
e  0  183  156
e  0  150  868
e  0  125  356
e  0  82  38
e  0  59  160
e  0  27  864
e  0  23  793
e  0  20  471
e  1  2  156
e  1  21  404
e  1  128  471
e  2  3  404
e  3  4  708
e  3  60  629
e  3  21  156
e  4  5  930
e  4  47  364
e  4  51  629
e  5  6  868
e  5  31  364
e  6  7  356
e  6  22  364
e  7  8  364
e  8  9  721
e  8  29  629
e  8  22  356
e  9  10  629
e  10  11  530
e  10  29  721
e  11  12  877
e  11  30  559
e  11  40  721
e  12  13  38
e  12  28  559
e  13  14  38
e  13  26  559
e  14  15  290
e  14  25  559
e  15  16  559
e  16  17  104
e  16  25  290
e  17  18  160
e  17  32  471
e  17  35  38
e  17  33  290
e  18  19  864
e  18  24  471
e  19  20  793
e  19  23  471
e  21  66  629
e  21  118  471
e  22  36  629
e  22  31  868
e  23  24  864
e  24  27  793
e  24  32  160
e  25  33  104
e  25  26  38
e  26  34  104
e  26  28  38
e  27  41  160
e  28  37  104
e  28  30  877
e  29  40  530
e  29  36  356
e  30  38  104
e  30  48  356
e  30  45  721
e  31  39  629
e  31  47  930
e  32  41  793
e  32  42  38
e  33  34  38
e  34  35  290
e  34  43  471
e  34  37  38
e  35  42  471
e  36  44  530
e  36  50  559
e  36  39  868
e  37  52  471
e  37  38  877
e  38  57  471
e  38  55  356
e  39  53  559
e  39  49  930
e  40  45  559
e  40  44  356
e  41  59  864
e  41  61  38
e  42  61  793
e  42  43  290
e  43  65  793
e  43  52  38
e  44  46  559
e  45  46  356
e  46  48  721
e  46  56  104
e  46  54  868
e  46  50  530
e  47  49  629
e  48  55  104
e  49  64  559
e  49  51  364
e  50  53  868
e  51  71  559
e  51  60  708
e  52  80  793
e  52  75  356
e  52  57  877
e  53  54  530
e  53  67  104
e  53  64  930
e  54  58  104
e  55  63  471
e  55  62  868
e  55  56  721
e  56  58  868
e  57  63  356
e  58  62  721
e  58  70  471
e  58  72  930
e  58  67  530
e  59  73  38
e  60  74  559
e  60  66  156
e  61  73  864
e  61  65  290
e  62  68  471
e  63  75  877
e  63  68  868
e  64  69  104
e  64  71  364
e  65  81  864
e  65  92  356
e  65  80  38
e  66  79  559
e  66  105  104
e  66  111  471
e  67  69  930
e  68  86  877
e  68  94  793
e  68  100  930
e  68  70  721
e  69  72  530
e  69  85  471
e  69  76  364
e  70  77  930
e  71  76  104
e  71  74  708
e  72  77  471
e  73  82  160
e  73  81  290
e  74  78  104
e  74  79  156
e  75  84  793
e  75  86  868
e  76  78  708
e  77  100  721
e  77  102  793
e  77  89  708
e  77  85  530
e  78  88  471
e  78  83  156
e  79  83  104
e  80  84  356
e  81  98  160
e  81  96  356
e  82  110  356
e  82  98  290
e  83  93  471
e  83  105  559
e  84  92  38
e  84  91  868
e  85  87  708
e  86  91  793
e  87  88  364
e  87  89  530
e  88  90  530
e  88  93  156
e  89  109  793
e  89  104  156
e  89  90  364
e  90  95  156
e  91  97  38
e  91  103  864
e  91  112  930
e  91  94  877
e  92  96  864
e  92  97  868
e  93  95  530
e  93  135  793
e  93  141  404
e  93  134  629
e  93  107  559
e  94  101  930
e  95  104  364
e  95  115  793
e  96  106  160
e  96  99  868
e  97  99  864
e  98  106  356
e  99  108  160
e  99  123  930
e  99  103  38
e  100  101  793
e  101  112  877
e  101  116  864
e  101  102  721
e  102  120  864
e  102  109  708
e  103  114  930
e  104  113  793
e  105  107  471
e  106  110  290
e  106  108  868
e  107  119  629
e  107  111  104
e  108  117  290
e  108  124  930
e  109  121  864
e  109  113  156
e  110  125  38
e  110  117  868
e  111  118  629
e  112  114  864
e  113  122  864
e  113  115  364
e  114  123  38
e  114  127  160
e  114  129  708
e  114  116  877
e  115  132  864
e  115  135  530
e  116  126  708
e  116  120  721
e  117  130  38
e  117  143  930
e  118  119  104
e  118  128  404
e  119  134  559
e  119  137  404
e  120  121  708
e  121  126  721
e  121  122  156
e  122  131  721
e  122  136  877
e  122  146  160
e  122  132  364
e  123  124  160
e  124  143  290
e  124  149  156
e  124  142  708
e  124  127  38
e  125  130  868
e  126  129  877
e  126  131  156
e  127  138  708
e  128  137  104
e  128  175  793
e  129  138  160
e  129  133  156
e  130  150  356
e  130  171  156
e  130  154  930
e  131  133  877
e  132  147  160
e  132  162  404
e  132  155  530
e  133  139  160
e  133  136  721
e  134  140  404
e  135  155  864
e  135  153  404
e  136  145  160
e  137  140  559
e  137  164  793
e  138  142  38
e  138  139  156
e  139  144  38
e  139  145  721
e  140  141  629
e  140  158  793
e  141  153  793
e  142  144  156
e  143  154  38
e  143  151  156
e  144  149  708
e  144  152  290
e  144  159  364
e  145  148  364
e  145  146  877
e  146  147  364
e  147  148  877
e  147  165  404
e  148  160  38
e  148  169  404
e  149  151  290
e  150  176  156
e  151  156  38
e  151  152  708
e  152  161  38
e  152  163  364
e  153  157  864
e  153  158  629
e  154  156  156
e  155  157  404
e  156  171  930
e  156  181  356
e  156  161  708
e  157  162  530
e  157  168  160
e  157  166  629
e  158  166  864
e  158  164  559
e  159  160  721
e  159  163  290
e  160  167  290
e  160  172  404
e  161  182  356
e  161  184  404
e  161  170  364
e  162  165  160
e  163  170  38
e  163  177  404
e  163  167  721
e  164  174  864
e  164  175  104
e  165  169  877
e  165  192  290
e  165  168  530
e  166  180  160
e  166  174  559
e  167  173  404
e  168  193  290
e  168  180  629
e  169  172  38
e  169  186  290
e  170  178  404
e  171  176  356
e  172  173  290
e  173  177  721
e  173  179  38
e  173  197  530
e  173  186  38
e  174  188  160
e  174  185  104
e  175  185  864
e  176  183  868
e  176  187  708
e  176  181  930
e  177  178  38
e  178  184  364
e  178  179  721
e  179  200  530
e  180  196  290
e  180  188  559
e  181  182  708
e  182  187  930
e  182  190  868
e  182  191  404
e  183  202  404
e  183  189  708
e  184  191  356
e  185  203  160
e  186  194  530
e  186  192  877
e  187  189  868
e  188  203  104
e  189  198  404
e  189  190  930
e  190  195  404
e  191  195  868
e  192  193  530
e  193  194  877
e  193  196  629
e  194  197  38
e  194  199  629
e  195  198  930
e  196  199  877
e  197  200  38
e  197  201  629
e  198  202  708
e  199  201  38
e  200  204  629
e  201  204  38
