p   edge 2161  4119
e  0  1741  996
e  0  1165  337
e  0  100  211
e  1  2  998
e  1  1342  643
e  2  3  969
e  2  526  643
e  3  4  201
e  3  121  366
e  3  355  911
e  3  473  643
e  4  5  366
e  5  6  76
e  5  135  911
e  5  121  201
e  6  7  911
e  7  8  254
e  7  135  76
e  8  9  220
e  8  172  643
e  8  205  201
e  8  145  76
e  9  10  880
e  9  161  643
e  10  11  874
e  10  139  643
e  11  12  652
e  11  122  643
e  12  13  512
e  12  113  643
e  13  14  817
e  13  101  643
e  14  15  643
e  15  16  996
e  15  101  817
e  16  17  69
e  16  103  817
e  17  18  375
e  17  140  121
e  17  111  817
e  18  19  121
e  19  20  863
e  19  217  80
e  19  183  817
e  19  140  375
e  20  21  262
e  20  164  80
e  21  22  490
e  21  132  80
e  22  23  80
e  23  24  179
e  23  116  67
e  23  132  490
e  24  25  67
e  25  26  161
e  25  123  744
e  25  116  179
e  26  27  754
e  26  117  744
e  27  28  744
e  28  29  581
e  28  202  895
e  28  117  754
e  29  30  895
e  30  31  263
e  30  284  179
e  30  202  581
e  31  32  240
e  31  191  279
e  31  313  179
e  32  33  279
e  33  34  512
e  33  156  491
e  33  385  179
e  33  191  240
e  34  35  663
e  34  112  491
e  35  36  657
e  35  108  491
e  36  37  491
e  37  38  971
e  37  108  657
e  38  39  508
e  38  125  657
e  39  40  9
e  39  157  657
e  40  41  492
e  40  162  657
e  41  42  664
e  41  167  657
e  42  43  3
e  42  363  472
e  42  309  657
e  43  44  858
e  43  168  503
e  43  213  472
e  44  45  503
e  45  46  819
e  45  168  858
e  46  47  591
e  46  126  567
e  46  178  858
e  47  48  567
e  48  49  771
e  48  106  472
e  48  126  591
e  49  50  679
e  49  104  472
e  50  51  472
e  51  52  52
e  51  104  679
e  52  53  365
e  52  109  679
e  53  54  294
e  53  148  821
e  53  120  679
e  54  55  821
e  55  56  200
e  55  148  294
e  56  57  482
e  56  151  679
e  57  58  684
e  57  188  679
e  58  59  610
e  58  194  836
e  59  60  560
e  59  137  836
e  60  61  955
e  60  118  836
e  61  62  836
e  62  63  350
e  62  118  955
e  63  64  177
e  63  175  955
e  64  65  89
e  64  292  34
e  64  344  877
e  64  179  955
e  65  66  63
e  65  209  34
e  66  67  656
e  66  159  34
e  67  68  34
e  68  69  280
e  68  226  877
e  68  159  656
e  69  70  388
e  69  204  877
e  70  71  791
e  70  124  877
e  71  72  22
e  71  110  877
e  72  73  877
e  73  74  55
e  73  110  22
e  74  75  660
e  74  115  22
e  75  76  285
e  75  181  314
e  75  184  22
e  76  77  77
e  76  107  314
e  77  78  314
e  78  79  996
e  78  298  543
e  78  332  274
e  78  107  77
e  79  80  383
e  79  270  543
e  80  81  201
e  80  237  543
e  81  82  931
e  81  216  543
e  82  83  543
e  83  84  274
e  83  216  931
e  84  85  740
e  84  295  201
e  84  248  931
e  85  86  368
e  85  141  455
e  85  381  769
e  85  312  201
e  86  87  925
e  86  138  455
e  87  88  719
e  87  133  455
e  88  89  455
e  89  90  812
e  89  133  719
e  90  91  229
e  90  185  719
e  91  92  168
e  91  170  769
e  91  197  719
e  92  93  781
e  92  134  769
e  93  94  337
e  93  102  769
e  94  95  769
e  95  96  556
e  95  102  337
e  96  97  472
e  96  105  337
e  97  98  931
e  97  144  337
e  98  99  155
e  98  160  337
e  99  100  606
e  99  333  337
e  100  741  337
e  101  103  996
e  101  113  512
e  102  105  556
e  102  134  781
e  103  111  69
e  103  119  512
e  104  109  52
e  104  106  771
e  105  144  472
e  105  382  719
e  105  143  781
e  106  114  52
e  106  142  591
e  107  354  274
e  107  227  22
e  107  181  285
e  108  125  971
e  108  112  663
e  109  120  365
e  109  114  771
e  110  115  55
e  110  124  791
e  111  153  121
e  111  131  512
e  112  129  971
e  112  156  512
e  113  119  996
e  113  122  652
e  114  127  365
e  114  149  591
e  115  184  660
e  115  195  314
e  115  130  791
e  116  147  744
e  116  201  490
e  117  219  895
e  117  123  161
e  118  175  350
e  118  137  560
e  119  131  69
e  119  128  652
e  120  150  821
e  120  127  771
e  121  155  911
e  122  128  996
e  122  139  874
e  123  233  895
e  123  147  179
e  124  130  55
e  124  204  388
e  125  157  508
e  125  129  663
e  126  142  472
e  127  154  821
e  127  163  591
e  128  136  69
e  128  146  874
e  129  166  9
e  129  220  512
e  130  212  314
e  130  215  388
e  131  182  121
e  131  136  652
e  132  201  67
e  132  164  262
e  133  185  812
e  133  138  925
e  134  143  556
e  134  170  168
e  135  145  254
e  135  155  201
e  136  200  121
e  136  206  880
e  136  176  874
e  137  214  350
e  137  247  679
e  137  194  610
e  138  196  812
e  138  141  368
e  139  146  996
e  139  161  880
e  140  153  817
e  141  210  812
e  141  271  769
e  142  149  52
e  142  192  858
e  143  297  719
e  143  198  168
e  144  160  931
e  144  395  719
e  145  171  201
e  146  176  69
e  146  173  880
e  147  239  895
e  147  218  490
e  148  150  679
e  149  163  365
e  149  208  858
e  150  152  200
e  150  154  771
e  151  152  294
e  151  188  482
e  151  169  771
e  152  158  771
e  153  183  375
e  153  307  80
e  153  182  512
e  154  158  200
e  154  186  591
e  155  171  254
e  155  356  643
e  155  355  366
e  156  220  971
e  156  362  9
e  156  389  179
e  157  162  9
e  158  169  294
e  158  189  591
e  159  264  877
e  159  209  63
e  160  333  155
e  160  453  719
e  161  173  996
e  161  172  220
e  162  167  492
e  162  165  663
e  163  186  821
e  163  230  858
e  164  272  67
e  164  283  744
e  164  261  817
e  164  217  863
e  165  166  508
e  165  174  492
e  166  177  492
e  166  273  512
e  167  309  664
e  167  174  663
e  168  178  819
e  168  207  472
e  169  203  482
e  169  222  591
e  170  198  556
e  170  249  719
e  171  205  76
e  171  232  643
e  172  180  996
e  172  229  201
e  173  187  69
e  173  180  220
e  174  327  664
e  174  412  472
e  174  177  508
e  175  179  177
e  175  214  560
e  176  187  880
e  177  537  472
e  177  557  179
e  177  286  512
e  178  193  472
e  179  378  877
e  179  392  679
e  179  225  560
e  180  199  69
e  180  238  201
e  181  190  22
e  182  316  80
e  182  200  652
e  183  253  80
e  184  190  314
e  185  197  229
e  185  196  925
e  186  189  200
e  186  245  858
e  187  206  874
e  187  199  220
e  188  224  836
e  188  203  771
e  189  222  294
e  189  262  482
e  189  250  858
e  190  227  285
e  190  265  791
e  190  195  660
e  191  334  179
e  192  193  567
e  192  208  52
e  192  221  819
e  193  207  819
e  194  223  679
e  195  212  791
e  196  211  229
e  196  210  368
e  197  249  769
e  197  211  925
e  198  259  719
e  199  240  874
e  199  260  121
e  199  257  201
e  200  343  80
e  200  241  880
e  201  218  744
e  201  272  262
e  202  219  754
e  203  235  836
e  203  234  591
e  204  215  55
e  204  226  280
e  205  229  643
e  206  241  121
e  206  240  220
e  207  221  567
e  207  213  503
e  208  230  365
e  208  231  819
e  209  300  877
e  209  292  89
e  210  228  229
e  210  266  769
e  211  251  769
e  211  228  368
e  212  265  660
e  212  293  280
e  213  244  52
e  213  374  657
e  213  363  3
e  214  225  177
e  214  275  679
e  215  236  280
e  216  248  274
e  216  237  201
e  217  253  817
e  218  321  895
e  218  339  817
e  218  278  262
e  219  242  179
e  219  233  161
e  220  273  9
e  221  231  52
e  222  234  482
e  223  224  684
e  223  247  610
e  223  246  771
e  224  235  771
e  225  280  679
e  226  236  55
e  226  264  656
e  227  396  274
e  227  369  791
e  228  255  769
e  229  238  996
e  229  232  76
e  230  245  821
e  230  274  819
e  231  274  365
e  231  243  503
e  232  252  996
e  232  356  254
e  233  239  179
e  234  258  836
e  234  262  294
e  235  246  684
e  235  258  591
e  236  294  314
e  236  276  656
e  237  254  274
e  237  270  383
e  238  257  69
e  238  252  76
e  239  242  161
e  239  335  263
e  239  321  490
e  240  256  121
e  241  358  80
e  241  357  201
e  241  256  220
e  242  285  581
e  242  326  263
e  243  244  567
e  243  288  821
e  244  328  821
e  244  397  657
e  245  250  200
e  245  279  819
e  246  263  610
e  246  269  591
e  247  275  350
e  247  263  771
e  248  254  201
e  249  259  556
e  249  251  925
e  250  310  482
e  250  365  836
e  250  289  819
e  251  267  556
e  251  255  368
e  252  277  69
e  252  421  254
e  253  261  863
e  253  337  744
e  253  325  512
e  253  307  375
e  254  295  931
e  254  317  740
e  254  342  996
e  254  281  383
e  255  268  556
e  255  266  229
e  256  315  201
e  256  260  874
e  257  282  121
e  257  277  76
e  258  269  684
e  258  330  858
e  258  311  294
e  259  297  168
e  259  267  925
e  260  282  201
e  261  305  744
e  262  311  836
e  262  310  858
e  263  291  350
e  263  290  591
e  264  276  55
e  264  300  63
e  265  369  285
e  265  452  274
e  265  460  280
e  266  296  556
e  266  271  812
e  267  304  168
e  267  268  368
e  268  318  168
e  268  296  229
e  269  290  610
e  269  331  350
e  269  348  858
e  270  281  274
e  270  298  996
e  271  303  556
e  271  437  201
e  271  381  455
e  272  278  744
e  273  286  492
e  273  362  971
e  274  279  821
e  275  280  177
e  275  291  771
e  276  323  314
e  276  320  63
e  277  324  121
e  278  308  817
e  278  283  67
e  279  289  200
e  279  287  503
e  280  392  560
e  280  368  591
e  280  299  771
e  281  302  996
e  282  315  874
e  282  324  76
e  283  305  817
e  284  285  754
e  284  313  263
e  285  319  263
e  286  450  179
e  286  427  971
e  287  288  365
e  287  301  200
e  288  329  200
e  288  328  567
e  289  408  836
e  289  301  503
e  290  306  350
e  291  299  177
e  291  306  591
e  292  336  877
e  293  294  388
e  293  460  660
e  293  496  274
e  293  393  656
e  294  323  656
e  295  312  740
e  296  394  168
e  296  303  812
e  297  382  781
e  297  304  925
e  298  302  274
e  299  314  591
e  300  320  55
e  300  336  89
e  301  430  836
e  301  458  657
e  301  364  567
e  301  329  365
e  302  342  383
e  302  350  740
e  302  370  77
e  302  332  543
e  303  438  168
e  303  550  996
e  303  443  201
e  304  405  781
e  304  318  368
e  305  308  67
e  305  337  863
e  306  314  177
e  306  331  610
e  307  316  512
e  308  339  262
e  308  384  895
e  308  388  512
e  308  360  863
e  309  372  472
e  309  327  663
e  310  322  836
e  311  322  858
e  312  410  769
e  312  404  996
e  312  317  931
e  313  334  279
e  313  319  754
e  314  368  771
e  314  482  560
e  314  502  877
e  314  375  858
e  314  341  610
e  315  357  220
e  315  386  80
e  315  474  744
e  315  422  76
e  316  325  375
e  316  359  744
e  316  343  652
e  317  346  996
e  318  440  472
e  318  649  996
e  318  394  229
e  319  338  279
e  319  326  581
e  320  345  314
e  320  349  89
e  321  400  263
e  321  371  817
e  322  330  294
e  322  402  350
e  322  431  819
e  322  365  482
e  323  393  388
e  323  523  274
e  323  345  63
e  324  422  874
e  324  514  744
e  324  702  366
e  325  351  744
e  326  347  279
e  326  335  161
e  327  376  472
e  328  340  200
e  328  407  657
e  329  340  567
e  330  348  684
e  330  366  350
e  331  341  177
e  331  353  858
e  332  354  77
e  333  741  606
e  333  1431  996
e  333  1009  719
e  334  385  240
e  334  401  491
e  334  338  754
e  335  352  279
e  335  400  490
e  336  349  55
e  336  344  34
e  337  360  67
e  337  351  512
e  338  416  491
e  338  361  161
e  338  347  581
e  339  371  895
e  340  364  365
e  340  418  657
e  341  367  858
e  342  346  740
e  343  383  744
e  343  358  880
e  344  379  55
e  344  378  955
e  345  552  274
e  345  380  89
e  346  404  931
e  346  447  769
e  346  350  383
e  347  352  161
e  348  353  350
e  349  380  314
e  349  379  34
e  350  465  769
e  350  435  77
e  351  373  67
e  351  359  375
e  352  361  581
e  352  457  491
e  352  415  490
e  353  367  177
e  353  366  684
e  354  370  543
e  354  396  22
e  355  420  643
e  356  421  996
e  356  420  366
e  357  377  80
e  358  387  744
e  358  377  201
e  359  399  67
e  359  383  652
e  360  373  512
e  361  445  491
e  362  427  492
e  362  441  179
e  363  372  657
e  364  446  657
e  365  408  819
e  366  391  177
e  366  402  294
e  367  375  610
e  367  648  657
e  367  542  294
e  367  391  684
e  368  433  560
e  369  442  274
e  370  435  740
e  370  409  22
e  371  462  263
e  371  384  262
e  372  374  3
e  372  376  663
e  373  388  863
e  373  449  201
e  373  399  375
e  374  397  52
e  374  390  663
e  375  543  877
e  375  612  314
e  375  684  657
e  376  390  3
e  376  428  52
e  376  412  664
e  377  398  744
e  377  386  220
e  378  403  55
e  378  483  314
e  378  463  679
e  379  413  314
e  379  403  955
e  380  597  274
e  380  434  955
e  380  413  34
e  381  410  201
e  382  395  472
e  382  405  925
e  383  387  880
e  384  532  279
e  384  530  201
e  384  444  512
e  385  389  491
e  386  414  744
e  387  398  201
e  388  444  895
e  389  441  9
e  389  426  754
e  389  401  240
e  390  406  52
e  391  432  294
e  392  463  877
e  392  433  591
e  393  504  274
e  394  624  996
e  394  438  812
e  395  453  931
e  395  411  925
e  396  409  543
e  396  442  791
e  397  407  821
e  397  406  663
e  398  425  67
e  398  414  220
e  399  423  201
e  400  415  279
e  400  462  817
e  401  416  754
e  402  432  177
e  402  491  819
e  403  419  314
e  404  436  769
e  405  411  472
e  406  417  821
e  406  428  3
e  407  418  200
e  407  417  663
e  408  431  482
e  408  430  503
e  409  472  740
e  409  464  791
e  410  437  455
e  410  436  996
e  411  484  931
e  411  439  368
e  412  469  52
e  412  538  821
e  412  537  508
e  413  419  955
e  414  466  67
e  414  490  76
e  414  474  80
e  415  500  491
e  415  470  817
e  416  426  240
e  416  445  161
e  417  429  200
e  417  451  3
e  418  446  365
e  418  429  663
e  419  434  34
e  419  545  591
e  419  495  679
e  419  483  55
e  420  498  996
e  420  473  911
e  421  498  366
e  422  486  744
e  423  424  880
e  423  449  375
e  424  425  652
e  424  476  895
e  425  487  895
e  425  466  220
e  426  478  9
e  426  477  161
e  427  448  179
e  428  451  821
e  428  469  664
e  429  454  365
e  429  539  664
e  429  480  3
e  430  459  482
e  430  513  657
e  431  491  350
e  431  459  503
e  432  542  684
e  432  627  657
e  432  516  819
e  433  471  877
e  433  482  771
e  434  600  274
e  434  587  591
e  435  506  769
e  435  472  22
e  436  455  455
e  436  461  556
e  436  447  931
e  437  443  556
e  437  455  996
e  438  571  996
e  439  440  781
e  439  512  931
e  439  740  996
e  440  671  996
e  441  448  492
e  441  478  754
e  442  464  543
e  442  452  285
e  443  456  996
e  444  467  201
e  445  477  240
e  445  457  581
e  446  458  567
e  446  454  663
e  447  489  556
e  447  465  383
e  448  450  971
e  448  493  754
e  449  468  895
e  450  557  512
e  450  598  472
e  450  505  754
e  451  480  200
e  451  479  664
e  452  488  543
e  452  485  280
e  453  1009  155
e  453  484  925
e  454  481  567
e  454  637  836
e  454  564  664
e  455  456  556
e  456  550  201
e  456  578  168
e  456  660  77
e  456  511  931
e  456  461  455
e  457  535  9
e  457  500  490
e  458  513  836
e  458  481  663
e  459  515  350
e  459  540  657
e  460  485  274
e  461  489  931
e  462  470  279
e  463  492  314
e  463  471  591
e  464  547  740
e  464  488  285
e  465  510  556
e  465  506  77
e  466  507  895
e  466  559  76
e  467  468  863
e  467  530  512
e  467  569  279
e  467  499  880
e  468  475  880
e  469  479  821
e  470  533  491
e  470  592  201
e  470  531  262
e  471  497  314
e  471  494  771
e  472  525  769
e  472  547  791
e  473  526  969
e  474  486  76
e  475  476  375
e  475  499  863
e  476  487  652
e  477  508  9
e  478  493  492
e  478  508  161
e  479  501  200
e  479  609  179
e  479  538  52
e  480  501  664
e  481  522  836
e  482  494  877
e  483  492  679
e  484  1164  155
e  484  1163  996
e  484  512  368
e  485  518  543
e  485  509  656
e  485  496  660
e  486  490  80
e  486  514  874
e  487  529  863
e  487  507  220
e  488  574  740
e  488  518  280
e  489  511  455
e  489  510  383
e  490  559  67
e  490  581  895
e  490  527  874
e  491  516  177
e  491  515  503
e  492  495  55
e  492  497  591
e  493  505  971
e  493  519  161
e  494  517  314
e  494  502  560
e  495  503  591
e  496  504  656
e  497  503  55
e  497  517  771
e  498  704  121
e  498  604  969
e  499  591  279
e  499  528  652
e  500  553  9
e  500  533  817
e  501  539  3
e  501  586  365
e  501  617  179
e  502  520  314
e  502  543  858
e  503  545  679
e  503  594  34
e  503  521  771
e  504  509  660
e  504  546  543
e  504  523  388
e  505  628  472
e  505  536  161
e  506  548  556
e  506  525  22
e  507  582  863
e  507  645  279
e  507  568  76
e  508  519  492
e  508  534  581
e  509  524  543
e  510  549  455
e  510  548  77
e  511  640  77
e  511  549  383
e  512  753  996
e  513  540  482
e  513  522  663
e  514  527  80
e  514  705  895
e  514  1055  366
e  515  541  177
e  515  554  657
e  516  593  657
e  516  541  503
e  517  521  55
e  517  520  560
e  518  576  740
e  518  524  656
e  519  536  971
e  519  556  581
e  520  544  55
e  520  551  858
e  521  668  34
e  521  674  274
e  521  613  858
e  521  544  560
e  522  555  482
e  522  611  350
e  522  655  664
e  522  637  567
e  523  570  543
e  523  552  63
e  524  588  740
e  524  546  660
e  525  558  556
e  525  580  791
e  526  605  996
e  526  1342  998
e  527  622  895
e  528  529  375
e  528  620  279
e  528  606  220
e  529  582  220
e  530  560  279
e  531  532  263
e  531  562  201
e  532  560  201
e  533  583  9
e  533  607  201
e  534  535  240
e  534  556  492
e  534  561  490
e  535  553  490
e  536  661  472
e  536  584  490
e  537  599  821
e  537  577  179
e  538  599  508
e  539  564  365
e  540  554  350
e  540  555  663
e  541  566  657
e  542  631  657
e  543  551  314
e  544  567  858
e  545  587  34
e  546  632  740
e  546  570  388
e  547  580  769
e  547  589  280
e  547  574  285
e  548  575  455
e  548  558  22
e  549  575  77
e  550  571  168
e  551  567  55
e  551  725  657
e  551  612  877
e  552  590  543
e  552  614  955
e  552  597  89
e  553  561  240
e  553  573  492
e  553  583  817
e  554  566  177
e  554  565  663
e  555  565  350
e  556  563  490
e  557  577  472
e  558  595  455
e  558  618  791
e  559  568  895
e  560  562  263
e  560  569  512
e  561  563  492
e  562  592  262
e  562  621  491
e  562  572  512
e  563  585  971
e  563  608  817
e  563  573  240
e  564  647  836
e  564  692  179
e  564  586  3
e  565  579  177
e  565  611  482
e  566  593  503
e  566  579  663
e  567  613  560
e  567  726  274
e  567  765  657
e  568  690  279
e  568  652  874
e  568  581  67
e  569  572  263
e  569  591  880
e  570  644  740
e  570  590  63
e  571  624  812
e  571  578  201
e  572  633  491
e  572  601  880
e  573  596  817
e  574  576  280
e  575  640  383
e  575  595  22
e  576  589  285
e  576  588  656
e  577  602  821
e  577  598  512
e  578  670  812
e  578  737  22
e  578  689  77
e  579  626  503
e  579  721  684
e  579  797  314
e  579  763  179
e  579  720  482
e  580  618  556
e  580  603  280
e  581  622  874
e  582  606  375
e  582  629  279
e  583  596  492
e  583  651  201
e  584  585  581
e  584  682  472
e  584  666  817
e  585  619  817
e  586  663  179
e  587  634  274
e  587  594  679
e  588  616  769
e  588  632  660
e  589  603  769
e  590  657  740
e  590  643  955
e  591  601  263
e  591  620  652
e  592  607  491
e  593  627  819
e  593  638  684
e  593  626  663
e  594  641  274
e  594  668  771
e  595  669  383
e  595  736  168
e  595  688  791
e  596  608  240
e  596  636  971
e  596  665  201
e  597  600  955
e  598  654  821
e  598  628  754
e  599  602  179
e  600  614  89
e  600  650  543
e  600  634  591
e  601  653  491
e  601  630  652
e  602  610  52
e  602  676  754
e  602  654  512
e  603  639  556
e  603  615  656
e  604  605  911
e  604  841  121
e  605  1121  121
e  605  1884  895
e  605  2019  274
e  605  1814  998
e  606  625  279
e  607  651  9
e  607  621  262
e  608  619  971
e  609  610  508
e  609  617  200
e  610  623  200
e  610  678  754
e  611  720  177
e  611  756  179
e  611  719  664
e  612  700  657
e  613  686  274
e  614  643  543
e  615  616  285
e  615  642  556
e  616  659  556
e  616  658  660
e  617  663  365
e  617  764  754
e  617  623  508
e  618  688  455
e  618  639  280
e  619  666  581
e  619  713  472
e  619  712  201
e  619  636  240
e  620  630  263
e  620  625  220
e  621  687  9
e  621  633  512
e  622  652  67
e  622  1027  279
e  622  705  80
e  623  680  754
e  624  649  229
e  624  670  201
e  625  635  263
e  625  629  375
e  626  656  684
e  627  631  684
e  628  662  821
e  628  661  161
e  629  646  263
e  629  645  863
e  630  691  491
e  630  635  220
e  631  648  294
e  631  667  663
e  631  638  819
e  632  658  769
e  632  644  388
e  633  694  9
e  633  653  880
e  634  685  543
e  634  641  679
e  635  693  491
e  635  646  375
e  636  696  201
e  637  647  664
e  638  656  663
e  639  642  656
e  640  660  931
e  640  669  22
e  641  698  543
e  641  672  771
e  642  734  455
e  642  659  285
e  643  729  769
e  643  650  89
e  644  664  769
e  644  657  63
e  645  675  263
e  645  690  76
e  646  707  491
e  646  675  863
e  647  655  567
e  647  699  179
e  648  684  610
e  648  681  663
e  649  671  472
e  650  745  769
e  650  685  591
e  651  665  492
e  651  687  262
e  652  814  279
e  653  709  9
e  653  708  220
e  653  691  652
e  654  662  754
e  655  719  350
e  655  718  179
e  656  667  819
e  656  722  294
e  656  757  314
e  656  721  503
e  657  673  769
e  658  664  388
e  659  786  455
e  659  730  63
e  660  689  168
e  660  677  22
e  661  697  821
e  661  682  490
e  662  676  512
e  662  679  52
e  662  697  161
e  663  692  3
e  663  717  836
e  663  771  754
e  664  673  63
e  665  696  971
e  665  710  512
e  666  701  472
e  667  681  294
e  668  672  274
e  669  677  931
e  670  739  472
e  670  809  22
e  671  740  781
e  671  738  201
e  672  747  543
e  672  727  858
e  672  674  34
e  673  732  556
e  673  728  955
e  674  686  858
e  675  754  491
e  675  706  76
e  676  678  52
e  677  695  168
e  678  680  200
e  678  679  512
e  679  683  200
e  680  764  508
e  680  774  365
e  680  773  161
e  680  683  512
e  681  724  314
e  681  722  819
e  682  714  821
e  682  701  817
e  683  715  161
e  684  700  314
e  685  752  769
e  685  698  679
e  686  727  34
e  686  781  543
e  686  726  560
e  687  694  512
e  688  733  656
e  689  695  22
e  690  706  263
e  690  814  874
e  691  693  220
e  692  699  836
e  693  708  652
e  693  772  9
e  693  707  375
e  694  711  492
e  694  709  880
e  695  737  77
e  695  831  472
e  695  735  383
e  696  712  240
e  696  816  472
e  696  778  512
e  697  716  200
e  697  714  490
e  698  767  769
e  698  747  771
e  699  718  567
e  699  796  350
e  699  717  3
e  700  725  877
e  700  723  663
e  701  742  821
e  701  713  581
e  702  703  254
e  702  1055  744
e  703  704  69
e  703  870  969
e  704  841  969
e  705  1125  279
e  705  1124  366
e  706  768  491
e  706  871  874
e  707  801  9
e  707  791  76
e  707  754  863
e  708  769  9
e  709  749  492
e  709  769  220
e  710  711  262
e  710  778  971
e  711  784  971
e  711  749  880
e  712  766  472
e  713  770  821
e  713  766  201
e  714  744  200
e  714  742  817
e  715  716  52
e  715  773  512
e  715  746  490
e  716  744  490
e  717  818  350
e  717  800  754
e  718  743  350
e  719  743  179
e  720  759  179
e  721  779  314
e  722  751  314
e  723  724  610
e  723  748  877
e  724  776  877
e  724  751  819
e  725  765  55
e  725  748  663
e  726  811  543
e  726  830  657
e  727  760  543
e  728  729  740
e  728  777  556
e  728  782  591
e  728  750  89
e  729  745  89
e  730  731  388
e  730  838  455
e  731  732  660
e  731  866  455
e  731  889  955
e  732  777  955
e  733  734  280
e  733  823  168
e  734  828  168
e  734  786  285
e  735  736  931
e  735  910  656
e  736  822  656
e  737  809  812
e  737  824  472
e  738  739  229
e  738  805  781
e  738  848  22
e  739  812  22
e  740  753  931
e  740  805  201
e  741  1165  211
e  741  1586  996
e  742  755  200
e  742  770  581
e  743  756  664
e  743  762  177
e  743  853  754
e  743  796  567
e  744  746  52
e  744  755  817
e  745  750  740
e  745  752  591
e  746  795  512
e  746  758  817
e  747  798  769
e  747  760  858
e  748  783  55
e  748  820  819
e  748  776  610
e  749  793  971
e  749  787  220
e  750  761  591
e  751  785  877
e  751  757  294
e  752  761  740
e  752  767  679
e  753  1163  368
e  753  1359  155
e  753  1036  22
e  753  837  201
e  754  768  76
e  755  758  52
e  755  788  581
e  756  759  177
e  757  804  877
e  757  779  503
e  758  807  512
e  758  856  365
e  758  833  201
e  758  794  581
e  759  763  482
e  759  762  664
e  760  802  769
e  760  781  34
e  761  782  89
e  761  799  556
e  761  780  679
e  762  775  482
e  762  858  754
e  763  840  314
e  763  775  664
e  764  771  365
e  765  830  274
e  765  783  663
e  766  789  821
e  766  832  512
e  766  816  240
e  767  780  740
e  767  798  771
e  768  791  863
e  768  842  9
e  768  899  874
e  769  787  492
e  769  772  652
e  770  788  200
e  770  789  201
e  771  800  836
e  771  774  508
e  772  792  492
e  772  801  375
e  773  810  365
e  773  795  490
e  774  834  836
e  774  810  161
e  775  916  314
e  775  883  754
e  776  785  819
e  777  889  660
e  777  790  591
e  778  825  472
e  778  815  880
e  778  784  262
e  779  819  877
e  779  867  179
e  779  797  684
e  780  808  556
e  780  813  771
e  781  846  769
e  781  811  560
e  782  790  556
e  783  849  274
e  783  862  819
e  784  793  880
e  785  820  610
e  785  886  55
e  785  885  503
e  785  804  294
e  786  950  168
e  786  838  63
e  787  852  971
e  787  792  652
e  788  794  52
e  788  803  201
e  789  803  200
e  789  860  512
e  790  909  455
e  790  888  679
e  790  799  89
e  791  827  9
e  792  864  971
e  792  829  375
e  793  815  262
e  793  843  472
e  793  852  220
e  794  806  201
e  795  817  365
e  795  807  817
e  796  845  754
e  796  818  3
e  797  840  179
e  798  813  740
e  798  802  858
e  799  808  679
e  800  835  350
e  800  857  161
e  800  834  508
e  801  829  492
e  801  827  76
e  802  821  740
e  802  846  34
e  803  806  52
e  803  876  512
e  804  819  503
e  805  837  931
e  805  892  22
e  806  833  581
e  806  922  365
e  806  895  512
e  807  826  365
e  808  888  89
e  808  977  455
e  808  887  858
e  808  847  771
e  809  812  472
e  810  844  836
e  810  817  490
e  811  863  769
e  811  919  657
e  812  848  229
e  812  836  77
e  812  824  812
e  813  847  556
e  813  821  858
e  814  871  263
e  814  960  491
e  814  1027  67
e  815  839  472
e  816  825  512
e  817  851  836
e  817  826  817
e  818  835  754
e  819  885  294
e  819  869  179
e  820  862  55
e  821  850  556
e  821  901  34
e  822  823  791
e  822  910  931
e  822  890  280
e  823  828  280
e  824  831  77
e  825  832  240
e  825  839  880
e  826  854  836
e  826  897  201
e  826  856  512
e  827  855  492
e  827  842  863
e  828  890  791
e  828  973  931
e  828  988  472
e  828  1007  63
e  828  950  285
e  829  927  971
e  829  855  76
e  830  919  543
e  830  849  663
e  831  836  812
e  831  945  656
e  832  860  821
e  832  859  880
e  833  877  365
e  834  844  161
e  835  845  3
e  835  882  177
e  835  878  817
e  836  891  229
e  836  979  656
e  837  898  22
e  838  972  168
e  838  987  591
e  838  866  388
e  839  859  240
e  839  843  262
e  840  867  684
e  840  884  877
e  840  916  664
e  841  870  69
e  841  1121  911
e  842  872  492
e  842  996  874
e  843  875  821
e  843  873  220
e  844  857  508
e  844  851  490
e  845  853  567
e  846  901  740
e  846  863  560
e  847  850  858
e  848  892  781
e  848  891  77
e  849  940  543
e  849  969  179
e  849  926  819
e  850  887  771
e  850  1013  455
e  850  1152  657
e  850  970  560
e  850  932  34
e  851  861  508
e  851  854  817
e  852  873  472
e  852  864  652
e  853  858  177
e  854  865  508
e  854  905  350
e  854  900  201
e  855  938  971
e  855  961  472
e  855  872  863
e  856  877  201
e  857  861  490
e  858  883  482
e  858  915  817
e  858  881  3
e  859  868  821
e  860  876  200
e  860  868  880
e  861  865  817
e  862  926  274
e  862  931  179
e  862  886  610
e  863  920  740
e  863  939  657
e  864  894  472
e  864  927  375
e  865  880  350
e  866  971  591
e  866  896  955
e  867  869  877
e  868  893  200
e  868  874  262
e  869  918  55
e  869  1002  274
e  869  884  684
e  870  1123  744
e  871  899  491
e  872  993  472
e  872  1042  874
e  873  921  821
e  873  894  652
e  874  875  240
e  874  911  200
e  875  928  200
e  875  921  220
e  876  895  52
e  876  893  880
e  877  897  512
e  877  904  836
e  877  922  581
e  878  879  490
e  878  902  177
e  879  880  161
e  879  906  177
e  880  912  177
e  880  953  201
e  880  905  508
e  881  882  567
e  881  913  817
e  882  902  817
e  883  949  314
e  883  936  817
e  884  1021  274
e  884  1000  754
e  885  907  55
e  886  925  179
e  886  907  503
e  887  995  455
e  888  957  455
e  889  896  455
e  890  944  931
e  891  933  781
e  891  1017  656
e  892  898  931
e  892  933  77
e  893  903  52
e  893  911  262
e  894  935  821
e  894  962  76
e  894  942  375
e  895  1012  365
e  895  903  880
e  896  908  591
e  897  900  836
e  898  1036  201
e  898  1313  656
e  898  951  77
e  899  996  9
e  899  960  263
e  900  934  350
e  900  904  512
e  901  932  556
e  901  920  560
e  902  913  567
e  902  906  490
e  903  1020  365
e  903  929  262
e  904  981  350
e  904  952  581
e  905  934  201
e  906  914  567
e  906  912  161
e  907  917  179
e  908  909  660
e  908  971  955
e  908  1005  388
e  908  1016  168
e  908  1004  679
e  909  957  679
e  910  946  472
e  910  944  280
e  911  929  52
e  911  928  240
e  912  923  567
e  912  958  201
e  913  915  3
e  913  914  490
e  914  924  3
e  914  923  161
e  915  936  482
e  915  924  490
e  916  949  754
e  917  918  294
e  917  925  503
e  917  956  274
e  918  967  274
e  919  939  769
e  919  940  663
e  920  937  556
e  920  991  657
e  921  948  200
e  921  935  652
e  922  952  836
e  922  1012  512
e  923  930  3
e  923  975  201
e  924  943  482
e  924  930  161
e  925  931  610
e  925  955  274
e  926  941  179
e  927  942  472
e  927  938  76
e  928  948  220
e  929  1063  365
e  929  964  220
e  930  954  482
e  930  984  201
e  931  941  274
e  932  937  560
e  933  951  931
e  933  1035  656
e  934  953  508
e  934  966  177
e  934  981  512
e  935  963  200
e  935  980  76
e  936  976  314
e  936  943  490
e  937  970  34
e  937  992  657
e  938  947  472
e  939  991  740
e  939  1003  556
e  939  959  663
e  940  959  769
e  940  1022  179
e  941  969  819
e  941  1061  769
e  941  968  503
e  941  955  610
e  942  947  76
e  943  985  314
e  943  954  161
e  944  974  472
e  944  973  791
e  945  946  383
e  945  979  812
e  945  989  280
e  946  974  280
e  947  962  375
e  947  982  821
e  947  1019  863
e  947  961  971
e  948  965  52
e  948  963  652
e  949  1001  877
e  949  976  817
e  950  972  63
e  951  1039  656
e  952  994  350
e  952  1025  512
e  953  958  177
e  954  990  314
e  954  986  201
e  955  956  503
e  956  968  610
e  956  1109  769
e  956  967  294
e  957  1004  660
e  957  1046  858
e  957  977  89
e  958  975  567
e  958  966  508
e  959  1015  556
e  959  1023  179
e  960  1126  67
e  961  993  863
e  962  980  821
e  963  983  52
e  963  997  76
e  964  965  240
e  964  1074  365
e  964  998  652
e  965  983  652
e  966  1031  567
e  966  1082  314
e  966  1029  581
e  967  1111  769
e  967  1060  754
e  967  1045  684
e  967  1002  55
e  968  1088  769
e  969  1022  543
e  969  1032  769
e  970  1092  657
e  971  987  388
e  972  1007  285
e  972  1006  591
e  973  978  472
e  974  989  383
e  974  978  791
e  975  984  3
e  975  999  482
e  975  1031  508
e  976  1026  877
e  976  985  490
e  977  995  858
e  978  1034  812
e  978  988  931
e  979  1017  229
e  979  1008  280
e  980  997  200
e  980  982  375
e  981  994  581
e  982  1011  200
e  982  1037  863
e  983  998  240
e  983  1024  76
e  984  986  482
e  985  1040  877
e  985  990  161
e  986  1010  314
e  986  999  3
e  987  1006  168
e  987  1005  955
e  988  1159  812
e  988  1158  591
e  988  1105  63
e  989  1008  812
e  990  1051  877
e  990  1010  201
e  991  992  556
e  992  1092  34
e  992  1018  663
e  992  1003  740
e  993  1019  971
e  993  1056  821
e  993  1106  874
e  994  1030  177
e  994  1050  512
e  995  1046  89
e  995  1101  168
e  995  1013  771
e  996  1042  492
e  996  1301  472
e  996  1343  67
e  997  1024  52
e  997  1011  375
e  998  1107  365
e  998  1079  76
e  999  1043  314
e  999  1058  508
e  1000  1001  664
e  1000  1041  274
e  1000  1044  817
e  1001  1026  817
e  1002  1021  684
e  1003  1015  663
e  1004  1048  168
e  1004  1084  858
e  1005  1014  168
e  1006  1076  285
e  1006  1014  955
e  1007  1105  472
e  1007  1076  591
e  1008  1047  229
e  1008  1033  791
e  1009  1289  996
e  1009  1164  925
e  1010  1054  877
e  1010  1141  274
e  1010  1139  581
e  1010  1043  3
e  1011  1038  52
e  1011  1067  863
e  1012  1025  836
e  1012  1020  880
e  1013  1112  168
e  1013  1173  657
e  1014  1157  472
e  1014  1155  679
e  1014  1016  388
e  1015  1018  740
e  1015  1071  179
e  1016  1048  679
e  1017  1035  781
e  1017  1047  280
e  1018  1151  34
e  1018  1078  179
e  1019  1037  821
e  1020  1028  836
e  1020  1063  262
e  1021  1045  55
e  1021  1041  754
e  1022  1023  769
e  1023  1071  556
e  1023  1070  819
e  1023  1032  543
e  1024  1079  240
e  1024  1038  375
e  1025  1050  350
e  1025  1028  880
e  1026  1044  664
e  1026  1052  274
e  1026  1040  490
e  1027  1126  491
e  1027  1125  80
e  1028  1057  350
e  1028  1072  262
e  1029  1030  512
e  1029  1087  314
e  1030  1102  314
e  1030  1081  512
e  1031  1058  482
e  1031  1068  314
e  1032  1061  819
e  1033  1034  383
e  1033  1085  229
e  1034  1162  931
e  1034  1200  591
e  1034  1159  931
e  1035  1039  931
e  1035  1062  280
e  1036  1397  155
e  1036  1358  656
e  1037  1067  200
e  1037  1056  971
e  1038  1129  240
e  1038  1212  836
e  1038  1099  863
e  1039  1313  77
e  1039  1429  201
e  1039  1066  280
e  1040  1065  274
e  1040  1059  201
e  1040  1051  161
e  1041  1053  55
e  1041  1049  817
e  1042  1106  472
e  1043  1064  508
e  1044  1049  274
e  1045  1053  754
e  1046  1084  660
e  1046  1093  168
e  1047  1062  781
e  1047  1085  791
e  1048  1155  388
e  1048  1199  472
e  1048  1089  858
e  1049  1069  55
e  1049  1083  490
e  1049  1052  664
e  1050  1081  177
e  1050  1057  880
e  1051  1054  201
e  1052  1065  490
e  1053  1060  684
e  1053  1069  817
e  1054  1059  161
e  1054  1077  274
e  1055  1124  895
e  1055  1122  969
e  1056  1128  200
e  1056  1127  874
e  1057  1086  177
e  1057  1108  262
e  1058  1064  314
e  1059  1073  274
e  1060  1119  769
e  1060  1075  817
e  1061  1070  543
e  1061  1088  503
e  1062  1066  931
e  1062  1095  791
e  1063  1072  836
e  1063  1074  220
e  1064  1096  581
e  1064  1068  482
e  1065  1083  664
e  1065  1094  55
e  1065  1073  201
e  1066  1508  201
e  1066  1463  591
e  1066  1097  791
e  1067  1099  52
e  1067  1211  874
e  1067  1128  971
e  1068  1090  581
e  1068  1082  567
e  1069  1075  684
e  1069  1091  490
e  1070  1150  556
e  1070  1104  503
e  1071  1078  740
e  1071  1150  819
e  1072  1108  350
e  1072  1080  220
e  1073  1098  55
e  1073  1077  161
e  1074  1080  836
e  1074  1107  652
e  1075  1120  769
e  1075  1103  490
e  1076  1116  472
e  1077  1113  55
e  1077  1181  581
e  1077  1141  877
e  1078  1233  34
e  1078  1286  455
e  1078  1252  817
e  1078  1188  819
e  1079  1131  836
e  1079  1129  375
e  1080  1114  350
e  1080  1110  652
e  1081  1117  314
e  1081  1086  880
e  1082  1087  581
e  1083  1091  55
e  1084  1089  168
e  1085  1095  781
e  1086  1118  314
e  1086  1133  220
e  1087  1090  567
e  1087  1102  512
e  1088  1104  543
e  1088  1109  610
e  1089  1217  472
e  1089  1153  771
e  1089  1093  660
e  1090  1096  482
e  1091  1103  684
e  1091  1100  201
e  1091  1094  664
e  1092  1152  560
e  1092  1197  455
e  1092  1151  663
e  1093  1101  89
e  1094  1098  201
e  1095  1097  931
e  1096  1140  3
e  1096  1184  274
e  1096  1135  880
e  1097  1267  591
e  1097  1160  383
e  1098  1100  664
e  1098  1113  161
e  1099  1290  836
e  1099  1237  874
e  1100  1115  684
e  1101  1112  771
e  1102  1117  512
e  1103  1115  201
e  1104  1177  556
e  1104  1146  817
e  1105  1116  591
e  1106  1127  821
e  1106  1301  492
e  1107  1110  836
e  1108  1114  220
e  1109  1111  294
e  1110  1132  350
e  1110  1130  76
e  1111  1119  754
e  1112  1154  660
e  1112  1354  472
e  1112  1274  657
e  1113  1143  684
e  1113  1185  769
e  1113  1270  581
e  1114  1134  177
e  1114  1132  652
e  1115  1145  769
e  1115  1142  161
e  1116  1158  63
e  1116  1205  812
e  1116  1156  955
e  1117  1118  880
e  1118  1138  482
e  1118  1169  220
e  1119  1120  817
e  1120  1149  543
e  1120  1144  201
e  1121  1551  895
e  1122  1123  254
e  1122  1220  895
e  1123  1241  895
e  1124  1448  279
e  1124  1220  969
e  1125  1242  491
e  1125  1448  366
e  1126  1344  9
e  1126  1242  80
e  1127  1182  200
e  1127  1458  67
e  1127  1409  492
e  1128  1182  874
e  1129  1183  836
e  1130  1131  365
e  1130  1174  350
e  1130  1190  375
e  1131  1183  375
e  1132  1178  177
e  1132  1174  76
e  1133  1134  262
e  1133  1169  314
e  1134  1171  314
e  1134  1178  652
e  1135  1136  512
e  1135  1189  274
e  1136  1137  512
e  1136  1191  274
e  1137  1138  567
e  1137  1214  274
e  1137  1238  220
e  1138  1225  220
e  1139  1140  508
e  1139  1170  274
e  1140  1175  274
e  1141  1170  581
e  1142  1143  664
e  1142  1167  769
e  1143  1172  769
e  1144  1145  490
e  1144  1166  543
e  1145  1168  543
e  1145  1167  161
e  1146  1147  754
e  1146  1186  556
e  1147  1148  294
e  1147  1193  556
e  1147  1179  201
e  1148  1149  610
e  1148  1176  201
e  1149  1166  201
e  1150  1188  740
e  1150  1196  817
e  1150  1177  503
e  1151  1209  455
e  1151  1233  179
e  1152  1173  455
e  1153  1154  89
e  1153  1262  472
e  1154  1300  472
e  1155  1180  472
e  1156  1157  285
e  1156  1254  812
e  1156  1248  679
e  1157  1180  679
e  1158  1187  812
e  1159  1187  591
e  1160  1161  229
e  1160  1235  591
e  1161  1162  781
e  1161  1222  591
e  1162  1219  591
e  1163  1223  155
e  1164  1223  996
e  1165  1668  996
e  1166  1176  610
e  1166  1168  490
e  1167  1201  543
e  1167  1172  664
e  1168  1192  610
e  1168  1231  556
e  1168  1201  161
e  1169  1225  482
e  1169  1171  262
e  1170  1181  877
e  1170  1175  508
e  1171  1243  482
e  1171  1256  274
e  1171  1202  652
e  1172  1226  543
e  1172  1185  684
e  1173  1274  168
e  1173  1246  663
e  1173  1197  560
e  1174  1213  177
e  1174  1224  375
e  1175  1203  877
e  1175  1194  880
e  1175  1184  3
e  1176  1179  294
e  1176  1192  490
e  1177  1186  817
e  1178  1202  314
e  1178  1213  76
e  1179  1204  556
e  1179  1195  490
e  1180  1248  285
e  1180  1247  858
e  1180  1199  388
e  1181  1270  55
e  1181  1208  880
e  1181  1203  508
e  1182  1211  971
e  1182  1277  52
e  1182  1501  67
e  1183  1190  365
e  1183  1212  240
e  1184  1189  880
e  1185  1263  543
e  1185  1283  880
e  1185  1275  581
e  1186  1196  503
e  1186  1193  754
e  1187  1200  931
e  1187  1205  63
e  1188  1218  817
e  1189  1194  3
e  1189  1191  512
e  1190  1224  350
e  1190  1230  240
e  1191  1198  3
e  1191  1221  877
e  1191  1214  512
e  1192  1195  294
e  1192  1227  556
e  1193  1216  503
e  1193  1204  201
e  1194  1206  877
e  1194  1198  512
e  1195  1210  556
e  1196  1218  740
e  1196  1216  754
e  1197  1209  663
e  1198  1207  877
e  1199  1217  858
e  1200  1219  931
e  1200  1234  63
e  1201  1245  556
e  1201  1226  664
e  1202  1268  274
e  1202  1228  76
e  1203  1206  880
e  1204  1232  503
e  1204  1239  740
e  1204  1210  490
e  1205  1234  931
e  1205  1261  931
e  1205  1254  955
e  1206  1208  508
e  1206  1207  512
e  1207  1215  508
e  1207  1305  769
e  1207  1304  220
e  1207  1221  3
e  1208  1273  55
e  1208  1215  512
e  1209  1246  560
e  1209  1253  179
e  1210  1251  740
e  1210  1264  161
e  1210  1227  294
e  1211  1237  52
e  1212  1230  365
e  1212  1290  863
e  1213  1228  314
e  1213  1269  375
e  1214  1258  877
e  1214  1240  220
e  1215  1282  769
e  1216  1229  740
e  1216  1232  201
e  1217  1247  388
e  1217  1367  812
e  1217  1262  771
e  1218  1252  819
e  1218  1260  201
e  1218  1229  754
e  1219  1222  781
e  1219  1249  63
e  1220  1492  279
e  1220  1241  254
e  1221  1296  220
e  1221  1258  512
e  1222  1235  229
e  1222  1255  63
e  1223  1289  925
e  1223  1430  22
e  1223  1359  368
e  1224  1269  177
e  1224  1279  314
e  1224  1278  240
e  1225  1238  567
e  1225  1244  274
e  1225  1243  262
e  1226  1284  556
e  1226  1263  684
e  1227  1259  161
e  1227  1231  610
e  1228  1291  274
e  1228  1271  375
e  1229  1236  201
e  1230  1278  350
e  1230  1302  863
e  1231  1245  161
e  1232  1236  740
e  1233  1253  455
e  1234  1249  931
e  1235  1267  383
e  1235  1266  63
e  1236  1260  754
e  1236  1297  819
e  1236  1265  490
e  1236  1239  503
e  1237  1402  836
e  1237  1502  314
e  1237  1559  274
e  1237  1277  971
e  1238  1240  274
e  1239  1251  490
e  1240  1272  877
e  1240  1257  262
e  1240  1244  567
e  1241  1553  491
e  1241  1719  472
e  1241  1549  911
e  1242  1407  9
e  1242  1476  472
e  1242  1467  366
e  1243  1250  274
e  1244  1250  262
e  1245  1259  610
e  1245  1317  740
e  1245  1284  664
e  1246  1309  168
e  1246  1308  179
e  1247  1310  285
e  1247  1325  812
e  1248  1292  812
e  1248  1310  858
e  1249  1255  781
e  1249  1261  931
e  1250  1257  567
e  1250  1280  652
e  1250  1256  482
e  1251  1265  503
e  1251  1294  161
e  1252  1389  455
e  1252  1285  201
e  1253  1308  560
e  1253  1337  168
e  1253  1286  34
e  1254  1287  931
e  1254  1292  679
e  1255  1266  229
e  1255  1298  955
e  1255  1288  931
e  1256  1268  652
e  1257  1295  877
e  1257  1299  652
e  1258  1272  220
e  1259  1264  294
e  1259  1307  740
e  1260  1285  819
e  1261  1288  781
e  1261  1287  955
e  1262  1379  812
e  1262  1425  931
e  1262  1300  89
e  1263  1324  556
e  1263  1319  880
e  1264  1294  740
e  1265  1334  819
e  1265  1366  161
e  1266  1357  383
e  1266  1312  955
e  1267  1463  791
e  1267  1581  858
e  1267  1357  63
e  1268  1280  482
e  1268  1291  76
e  1269  1271  314
e  1270  1275  769
e  1270  1273  880
e  1271  1326  274
e  1271  1346  240
e  1271  1279  177
e  1272  1296  512
e  1272  1331  769
e  1272  1295  262
e  1273  1276  769
e  1274  1395  472
e  1274  1374  179
e  1274  1309  663
e  1275  1276  880
e  1276  1283  581
e  1276  1281  512
e  1277  1591  274
e  1277  1603  67
e  1278  1322  314
e  1278  1321  863
e  1279  1322  240
e  1280  1299  567
e  1280  1303  76
e  1281  1282  55
e  1281  1306  581
e  1281  1333  543
e  1281  1351  220
e  1281  1332  508
e  1282  1305  508
e  1283  1319  543
e  1283  1306  512
e  1284  1353  740
e  1284  1362  880
e  1284  1324  684
e  1285  1391  455
e  1285  1297  754
e  1286  1445  168
e  1286  1423  201
e  1286  1389  817
e  1287  1293  781
e  1287  1311  679
e  1288  1293  955
e  1289  1431  719
e  1289  1522  22
e  1290  1302  365
e  1290  1411  314
e  1290  1402  874
e  1291  1303  482
e  1291  1326  375
e  1292  1311  931
e  1292  1315  858
e  1293  1298  931
e  1293  1316  679
e  1294  1366  503
e  1294  1473  880
e  1294  1307  294
e  1295  1336  769
e  1295  1314  652
e  1296  1304  3
e  1296  1328  769
e  1297  1433  455
e  1297  1334  490
e  1298  1312  229
e  1298  1335  679
e  1299  1314  877
e  1299  1323  76
e  1300  1461  931
e  1300  1446  657
e  1300  1354  660
e  1301  1409  821
e  1301  1392  67
e  1302  1321  350
e  1303  1323  567
e  1303  1347  877
e  1303  1378  375
e  1304  1318  769
e  1305  1332  55
e  1305  1318  220
e  1306  1327  543
e  1307  1469  880
e  1307  1422  664
e  1307  1317  610
e  1308  1320  168
e  1309  1320  179
e  1310  1315  812
e  1311  1316  781
e  1311  1329  858
e  1312  1387  383
e  1312  1338  679
e  1313  1358  201
e  1314  1348  769
e  1314  1330  76
e  1315  1329  931
e  1315  1325  285
e  1316  1335  931
e  1316  1356  229
e  1316  1339  858
e  1317  1353  664
e  1318  1340  55
e  1318  1349  262
e  1318  1328  3
e  1319  1341  556
e  1319  1327  512
e  1320  1374  663
e  1320  1436  472
e  1320  1337  560
e  1321  1345  314
e  1322  1346  177
e  1322  1345  863
e  1323  1330  877
e  1324  1341  880
e  1325  1355  931
e  1325  1367  388
e  1326  1378  482
e  1326  1415  769
e  1326  1413  863
e  1326  1376  240
e  1327  1352  556
e  1327  1333  581
e  1328  1331  512
e  1329  1339  781
e  1329  1355  285
e  1330  1361  769
e  1330  1347  567
e  1331  1336  262
e  1332  1340  220
e  1333  1360  556
e  1333  1371  220
e  1334  1441  455
e  1334  1452  161
e  1335  1338  229
e  1336  1350  3
e  1336  1348  652
e  1337  1521  472
e  1337  1460  201
e  1337  1445  34
e  1338  1428  383
e  1338  1364  858
e  1338  1356  931
e  1339  1363  229
e  1339  1368  285
e  1340  1351  508
e  1340  1385  543
e  1340  1365  262
e  1341  1362  684
e  1341  1352  512
e  1342  1814  996
e  1342  2113  274
e  1343  1344  263
e  1343  1392  472
e  1344  1408  472
e  1344  1407  80
e  1345  1369  177
e  1345  1412  274
e  1345  1438  874
e  1345  1410  365
e  1346  1376  274
e  1346  1369  863
e  1347  1382  769
e  1347  1390  375
e  1348  1372  3
e  1348  1383  55
e  1348  1361  76
e  1349  1350  512
e  1349  1365  55
e  1350  1373  55
e  1350  1372  652
e  1351  1371  543
e  1352  1370  684
e  1352  1360  581
e  1353  1422  610
e  1353  1388  880
e  1354  1395  657
e  1355  1368  781
e  1355  1375  388
e  1356  1363  858
e  1357  1387  955
e  1358  1515  155
e  1358  1584  280
e  1358  1429  77
e  1359  1397  22
e  1360  1394  684
e  1360  1444  740
e  1360  1380  220
e  1361  1393  55
e  1361  1416  375
e  1361  1382  567
e  1362  1388  740
e  1362  1370  512
e  1363  1364  931
e  1363  1462  771
e  1363  1427  285
e  1364  1447  383
e  1364  1471  771
e  1365  1398  543
e  1365  1384  652
e  1365  1373  512
e  1366  1452  819
e  1366  1520  455
e  1367  1375  931
e  1367  1379  771
e  1368  1427  229
e  1368  1426  771
e  1368  1396  388
e  1369  1381  274
e  1370  1400  740
e  1370  1394  581
e  1371  1380  556
e  1371  1385  508
e  1372  1377  55
e  1373  1377  652
e  1374  1424  472
e  1375  1396  781
e  1375  1386  771
e  1376  1381  863
e  1377  1384  512
e  1377  1399  76
e  1377  1383  3
e  1378  1390  877
e  1379  1386  931
e  1380  1451  740
e  1380  1420  262
e  1380  1404  508
e  1381  1413  240
e  1381  1475  769
e  1381  1480  874
e  1381  1412  177
e  1382  1401  375
e  1383  1393  76
e  1384  1405  543
e  1385  1404  556
e  1385  1398  262
e  1386  1403  781
e  1386  1470  89
e  1386  1425  812
e  1387  1428  679
e  1388  1455  610
e  1388  1400  512
e  1389  1391  201
e  1390  1401  769
e  1391  1423  817
e  1391  1457  168
e  1391  1433  754
e  1392  1443  821
e  1392  1408  263
e  1393  1399  3
e  1393  1439  543
e  1393  1474  375
e  1394  1421  740
e  1395  1446  660
e  1395  1424  179
e  1396  1403  771
e  1397  1430  368
e  1397  1515  656
e  1398  1406  556
e  1398  1405  652
e  1399  1418  543
e  1400  1472  610
e  1400  1421  581
e  1401  1416  567
e  1401  1523  556
e  1401  1512  863
e  1401  1414  482
e  1402  1434  314
e  1403  1426  388
e  1403  1453  229
e  1403  1485  89
e  1404  1406  262
e  1405  1419  556
e  1405  1417  76
e  1406  1420  508
e  1406  1419  652
e  1407  1442  472
e  1408  1442  80
e  1409  1443  67
e  1410  1411  350
e  1410  1437  874
e  1411  1434  874
e  1412  1459  874
e  1413  1466  769
e  1414  1415  877
e  1414  1488  863
e  1415  1466  863
e  1416  1474  55
e  1416  1494  556
e  1417  1418  512
e  1417  1432  556
e  1418  1435  556
e  1418  1439  3
e  1419  1450  508
e  1419  1432  76
e  1420  1483  740
e  1420  1450  652
e  1421  1528  610
e  1421  1454  220
e  1421  1444  684
e  1422  1455  880
e  1423  1456  168
e  1424  1465  660
e  1424  1436  663
e  1425  1461  89
e  1426  1440  229
e  1427  1440  771
e  1428  1447  858
e  1429  1508  280
e  1430  1522  925
e  1430  1585  656
e  1431  1586  606
e  1431  1624  22
e  1432  1468  508
e  1432  1504  740
e  1432  1435  512
e  1433  1496  168
e  1433  1441  490
e  1434  1437  350
e  1434  1493  274
e  1434  1502  836
e  1435  1525  740
e  1435  1527  375
e  1435  1449  3
e  1436  1505  660
e  1436  1575  931
e  1436  1542  201
e  1436  1521  560
e  1437  1438  365
e  1437  1479  274
e  1438  1459  274
e  1439  1449  556
e  1440  1462  285
e  1440  1486  931
e  1440  1453  388
e  1441  1498  168
e  1441  1491  161
e  1442  1478  821
e  1442  1476  9
e  1443  1458  492
e  1443  1477  80
e  1444  1451  220
e  1445  1456  201
e  1446  1497  931
e  1446  1465  179
e  1447  1583  63
e  1447  1677  179
e  1447  1580  771
e  1448  1467  491
e  1448  1492  969
e  1449  1481  375
e  1450  1487  740
e  1450  1468  76
e  1451  1454  684
e  1451  1483  262
e  1452  1491  455
e  1453  1507  931
e  1453  1537  179
e  1453  1531  89
e  1454  1540  610
e  1454  1567  76
e  1454  1513  262
e  1455  1469  664
e  1455  1484  294
e  1455  1472  512
e  1456  1460  34
e  1456  1457  817
e  1457  1464  34
e  1457  1496  754
e  1458  1501  200
e  1458  1517  80
e  1459  1480  177
e  1459  1560  769
e  1459  1479  365
e  1460  1529  472
e  1460  1464  817
e  1461  1470  812
e  1461  1506  179
e  1461  1497  657
e  1462  1471  931
e  1463  1607  201
e  1463  1692  155
e  1463  1738  858
e  1464  1538  472
e  1464  1573  490
e  1464  1536  754
e  1465  1499  931
e  1465  1505  663
e  1466  1488  877
e  1466  1475  240
e  1467  1539  472
e  1467  1500  969
e  1468  1489  740
e  1469  1473  294
e  1470  1485  781
e  1470  1509  179
e  1471  1580  383
e  1471  1595  179
e  1471  1579  388
e  1471  1486  285
e  1472  1490  294
e  1472  1528  581
e  1473  1572  455
e  1473  1495  512
e  1473  1484  664
e  1474  1482  556
e  1475  1511  877
e  1475  1518  874
e  1476  1539  366
e  1477  1478  263
e  1477  1517  492
e  1478  1558  200
e  1478  1555  366
e  1479  1593  769
e  1479  1493  350
e  1480  1518  769
e  1481  1482  543
e  1481  1527  3
e  1481  1566  740
e  1481  1564  863
e  1481  1503  55
e  1482  1494  55
e  1483  1513  684
e  1483  1487  652
e  1484  1490  512
e  1485  1531  229
e  1485  1514  179
e  1486  1507  388
e  1487  1519  684
e  1487  1489  76
e  1488  1512  482
e  1488  1511  240
e  1489  1524  684
e  1489  1504  508
e  1490  1495  664
e  1490  1569  220
e  1491  1548  168
e  1491  1520  819
e  1492  1500  491
e  1493  1627  769
e  1493  1526  836
e  1494  1503  543
e  1494  1523  567
e  1495  1587  455
e  1495  1605  220
e  1496  1536  34
e  1496  1498  490
e  1497  1499  179
e  1498  1541  34
e  1498  1548  161
e  1499  1506  657
e  1499  1510  812
e  1499  1530  663
e  1500  1554  472
e  1500  1552  254
e  1501  1603  52
e  1501  1532  80
e  1502  1526  274
e  1503  1533  567
e  1504  1635  684
e  1504  1617  375
e  1504  1525  512
e  1505  1530  931
e  1506  1509  812
e  1507  1579  285
e  1507  1578  179
e  1508  1584  77
e  1508  1609  155
e  1508  1607  591
e  1509  1514  781
e  1509  1510  657
e  1510  1516  781
e  1510  1543  663
e  1511  1563  556
e  1511  1561  874
e  1512  1535  556
e  1513  1519  652
e  1514  1534  229
e  1514  1516  657
e  1515  1585  368
e  1515  1602  280
e  1516  1544  229
e  1516  1545  663
e  1517  1532  200
e  1518  1561  877
e  1518  1646  556
e  1518  1726  365
e  1518  1560  177
e  1519  1524  76
e  1520  1613  168
e  1520  1571  880
e  1521  1529  201
e  1522  1624  719
e  1522  1651  656
e  1523  1533  543
e  1523  1535  863
e  1524  1568  262
e  1524  1629  610
e  1524  1729  455
e  1524  1660  375
e  1524  1635  508
e  1525  1547  375
e  1526  1652  769
e  1526  1600  971
e  1526  1559  314
e  1527  1547  740
e  1528  1540  220
e  1529  1542  560
e  1529  1538  817
e  1530  1543  812
e  1530  1576  781
e  1530  1575  660
e  1531  1534  179
e  1532  1634  52
e  1532  1658  366
e  1532  1557  263
e  1533  1546  863
e  1534  1537  89
e  1534  1544  657
e  1535  1546  543
e  1535  1562  240
e  1536  1541  490
e  1537  1578  931
e  1537  1577  657
e  1538  1574  560
e  1538  1673  931
e  1538  1597  490
e  1539  1556  821
e  1539  1554  969
e  1540  1570  294
e  1540  1612  76
e  1541  1573  754
e  1541  1598  472
e  1541  1655  161
e  1542  1606  931
e  1542  1574  817
e  1543  1545  781
e  1544  1577  89
e  1544  1623  931
e  1544  1589  663
e  1545  1589  229
e  1545  1621  201
e  1545  1576  812
e  1546  1565  55
e  1546  1588  240
e  1547  1617  512
e  1547  1686  684
e  1547  1728  863
e  1547  1566  3
e  1548  1655  34
e  1548  1665  472
e  1548  1630  880
e  1548  1613  819
e  1549  1550  69
e  1549  1790  472
e  1550  1551  744
e  1550  1815  472
e  1551  1936  472
e  1551  1884  121
e  1552  1553  279
e  1552  1615  472
e  1553  1681  472
e  1554  1590  821
e  1554  1615  254
e  1555  1556  9
e  1555  1611  200
e  1555  1599  969
e  1556  1590  969
e  1557  1558  492
e  1557  1633  366
e  1558  1611  366
e  1559  1591  971
e  1560  1593  365
e  1561  1596  556
e  1562  1563  482
e  1562  1588  543
e  1563  1604  543
e  1563  1596  874
e  1564  1565  567
e  1564  1631  740
e  1565  1628  240
e  1566  1631  863
e  1567  1568  652
e  1567  1612  610
e  1568  1618  610
e  1569  1570  581
e  1569  1605  664
e  1570  1637  455
e  1570  1644  76
e  1571  1572  503
e  1571  1619  168
e  1571  1601  512
e  1572  1587  512
e  1573  1597  472
e  1574  1620  931
e  1575  1608  781
e  1575  1606  201
e  1576  1608  660
e  1577  1594  931
e  1578  1592  285
e  1578  1594  657
e  1579  1592  179
e  1580  1626  179
e  1581  1582  679
e  1581  1738  791
e  1581  1761  155
e  1582  1583  955
e  1582  1770  155
e  1583  1794  155
e  1583  1774  179
e  1584  1602  155
e  1585  1651  925
e  1585  1739  591
e  1585  1699  280
e  1586  1668  211
e  1586  1678  22
e  1587  1601  503
e  1587  1663  168
e  1587  1625  220
e  1588  1628  55
e  1588  1616  874
e  1588  1604  482
e  1589  1645  931
e  1589  1649  201
e  1590  1599  9
e  1590  1643  254
e  1591  1600  314
e  1591  1671  67
e  1592  1595  388
e  1592  1640  657
e  1593  1726  177
e  1593  1751  556
e  1593  1725  971
e  1593  1627  350
e  1594  1640  285
e  1594  1666  663
e  1594  1623  89
e  1595  1626  383
e  1595  1650  657
e  1596  1610  543
e  1596  1646  877
e  1597  1679  931
e  1597  1598  754
e  1598  1689  931
e  1598  1656  161
e  1599  1632  200
e  1599  1676  254
e  1600  1659  769
e  1600  1697  67
e  1601  1638  168
e  1602  1699  368
e  1602  1667  591
e  1602  1609  77
e  1603  1671  274
e  1603  1634  80
e  1604  1610  874
e  1605  1625  455
e  1606  1614  781
e  1606  1620  817
e  1607  1641  155
e  1608  1614  201
e  1609  1641  591
e  1610  1616  482
e  1610  1727  55
e  1610  1822  740
e  1610  1961  366
e  1610  1780  877
e  1611  1633  492
e  1611  1632  969
e  1612  1644  294
e  1612  1618  652
e  1613  1619  880
e  1614  1622  812
e  1614  1639  817
e  1615  1643  821
e  1615  1681  279
e  1616  1647  55
e  1617  1653  684
e  1618  1654  294
e  1618  1629  262
e  1619  1630  819
e  1619  1638  512
e  1620  1639  781
e  1620  1690  490
e  1620  1673  560
e  1621  1622  660
e  1621  1649  229
e  1621  1648  817
e  1622  1642  817
e  1623  1645  663
e  1624  1678  606
e  1624  1740  656
e  1625  1672  168
e  1625  1636  581
e  1626  1677  771
e  1626  1854  201
e  1626  1674  657
e  1627  1682  971
e  1627  1652  836
e  1628  1647  874
e  1629  1661  294
e  1629  1687  455
e  1630  1709  472
e  1630  1664  512
e  1631  1728  3
e  1631  1683  874
e  1632  1657  492
e  1632  1693  254
e  1633  1658  263
e  1633  1657  969
e  1634  1680  274
e  1634  1694  366
e  1635  1653  375
e  1636  1637  664
e  1636  1695  168
e  1636  1700  76
e  1637  1662  76
e  1638  1664  819
e  1638  1688  220
e  1638  1663  503
e  1639  1642  812
e  1639  1698  490
e  1640  1650  388
e  1640  1702  663
e  1641  1667  77
e  1641  1788  368
e  1641  1787  858
e  1641  1692  201
e  1642  1648  660
e  1642  1734  229
e  1642  1704  490
e  1643  1676  9
e  1643  1721  200
e  1643  1720  279
e  1644  1662  455
e  1644  1654  652
e  1645  1666  89
e  1645  1691  201
e  1646  1780  543
e  1646  1750  365
e  1647  1685  740
e  1647  1727  482
e  1648  1670  229
e  1649  1691  931
e  1649  1670  817
e  1650  1674  383
e  1651  1740  719
e  1651  1833  606
e  1651  1775  591
e  1652  1659  971
e  1653  1660  508
e  1653  1796  455
e  1653  1686  512
e  1654  1669  455
e  1654  1661  262
e  1655  1656  472
e  1656  1754  931
e  1656  1746  880
e  1656  1665  34
e  1657  1696  263
e  1657  1723  274
e  1657  1758  254
e  1658  1694  52
e  1658  1696  969
e  1659  1682  836
e  1659  1716  67
e  1660  1752  455
e  1661  1675  455
e  1662  1700  664
e  1662  1712  168
e  1662  1669  652
e  1663  1672  220
e  1664  1732  472
e  1664  1753  220
e  1665  1709  880
e  1666  1702  285
e  1666  1713  201
e  1667  1707  368
e  1668  1741  337
e  1668  1762  22
e  1669  1718  168
e  1669  1675  262
e  1670  1715  931
e  1670  1747  490
e  1670  1734  660
e  1671  1697  314
e  1671  1680  80
e  1672  1688  503
e  1672  1695  581
e  1673  1679  490
e  1674  1760  201
e  1674  1736  663
e  1675  1730  168
e  1675  1687  294
e  1676  1693  200
e  1677  1774  63
e  1677  1830  155
e  1677  1877  201
e  1678  1762  211
e  1678  1755  656
e  1679  1690  560
e  1679  1689  754
e  1680  1711  314
e  1680  1705  366
e  1681  1720  821
e  1681  1719  491
e  1682  1725  350
e  1682  1802  67
e  1683  1684  240
e  1683  1872  3
e  1683  1956  455
e  1684  1685  567
e  1684  2021  455
e  1685  1781  482
e  1686  1810  455
e  1686  1823  863
e  1687  1793  168
e  1687  1772  375
e  1687  1729  610
e  1688  1753  819
e  1688  1783  472
e  1688  1782  76
e  1688  1767  581
e  1689  1701  560
e  1689  1706  781
e  1689  1754  161
e  1690  1698  781
e  1690  1701  754
e  1691  1713  89
e  1691  1715  817
e  1692  1748  858
e  1693  1758  492
e  1693  1764  274
e  1693  1721  9
e  1694  1705  274
e  1694  1710  969
e  1695  1767  503
e  1695  1708  76
e  1696  1710  52
e  1697  1716  769
e  1697  1711  80
e  1698  1704  812
e  1698  1703  754
e  1699  1707  591
e  1700  1708  168
e  1701  1703  781
e  1702  1737  383
e  1702  1735  201
e  1703  1714  812
e  1703  1706  560
e  1704  1742  229
e  1704  1714  754
e  1705  1744  314
e  1705  1717  969
e  1706  1733  812
e  1706  1777  161
e  1707  1739  280
e  1707  1799  925
e  1707  1921  179
e  1707  1788  77
e  1708  1773  503
e  1708  1731  652
e  1708  1712  664
e  1709  1746  34
e  1709  1732  512
e  1710  1717  274
e  1711  1724  769
e  1711  1744  366
e  1712  1718  652
e  1713  1735  285
e  1713  1769  817
e  1714  1757  229
e  1714  1733  560
e  1715  1769  89
e  1715  1829  383
e  1715  1812  490
e  1716  1802  836
e  1716  1724  80
e  1717  1756  314
e  1717  1765  769
e  1717  1722  263
e  1718  1731  664
e  1718  1730  262
e  1719  1778  821
e  1719  1790  911
e  1720  1861  200
e  1720  1869  274
e  1720  1816  911
e  1720  1778  491
e  1721  1817  274
e  1721  1861  279
e  1722  1723  52
e  1722  1779  769
e  1722  1791  254
e  1723  1763  254
e  1724  1819  836
e  1724  1749  366
e  1725  1789  556
e  1726  1750  556
e  1727  1781  740
e  1728  1823  684
e  1728  1890  455
e  1728  1872  874
e  1729  1752  375
e  1730  1766  664
e  1730  1880  472
e  1730  1824  375
e  1730  1793  294
e  1731  1803  503
e  1731  1841  472
e  1731  1766  262
e  1732  1784  34
e  1732  1771  220
e  1733  1804  229
e  1733  1795  161
e  1734  1742  490
e  1735  1743  383
e  1735  1776  817
e  1736  1737  388
e  1736  1745  201
e  1737  1743  201
e  1738  1748  155
e  1739  1775  925
e  1740  1755  606
e  1741  1835  22
e  1742  1747  660
e  1742  1757  754
e  1743  1745  388
e  1743  1785  817
e  1744  1749  769
e  1744  1756  969
e  1745  1760  663
e  1745  1797  817
e  1746  1801  931
e  1746  1784  512
e  1747  1812  931
e  1747  1768  754
e  1748  1787  201
e  1748  1786  679
e  1748  1761  791
e  1749  1840  836
e  1749  1845  556
e  1749  1759  969
e  1750  1871  543
e  1750  1864  971
e  1750  1751  177
e  1751  1789  971
e  1752  1772  610
e  1752  1847  168
e  1752  1796  508
e  1753  1771  472
e  1754  1777  781
e  1754  1801  880
e  1755  1834  211
e  1755  1851  591
e  1755  1833  719
e  1756  1759  769
e  1757  1768  660
e  1757  1873  161
e  1757  1804  560
e  1758  1763  274
e  1759  1852  556
e  1759  1863  254
e  1759  1792  263
e  1759  1765  314
e  1760  1854  657
e  1760  1905  155
e  1760  1896  817
e  1761  1770  679
e  1762  1835  337
e  1762  1834  656
e  1763  1791  52
e  1763  1808  769
e  1763  1764  492
e  1764  1818  769
e  1764  1817  9
e  1765  1779  263
e  1766  1848  472
e  1767  1773  76
e  1768  1838  931
e  1768  1895  161
e  1769  1776  285
e  1770  1786  791
e  1770  1805  179
e  1770  1794  955
e  1771  1859  34
e  1771  1894  931
e  1771  1849  76
e  1771  1783  819
e  1772  1806  168
e  1773  1782  581
e  1773  1813  472
e  1773  1803  652
e  1774  1798  155
e  1775  1842  606
e  1775  1799  280
e  1776  1785  383
e  1777  1795  812
e  1777  1827  880
e  1778  1807  911
e  1779  1792  314
e  1779  1800  254
e  1780  1940  971
e  1780  1871  365
e  1781  2097  366
e  1781  1822  55
e  1782  1809  472
e  1783  1809  76
e  1784  1826  931
e  1784  1859  220
e  1785  1797  388
e  1785  1945  490
e  1785  1828  89
e  1786  1832  201
e  1786  1831  179
e  1787  1865  368
e  1787  1855  179
e  1787  1832  679
e  1788  1865  858
e  1789  1864  177
e  1789  1820  67
e  1790  1807  821
e  1790  1815  69
e  1791  1800  769
e  1792  1811  254
e  1793  1806  375
e  1794  1798  179
e  1795  1837  229
e  1795  1850  880
e  1796  1879  168
e  1796  1810  512
e  1797  1896  663
e  1797  1964  155
e  1797  1971  490
e  1798  1805  955
e  1798  1899  201
e  1798  1932  201
e  1798  1830  63
e  1799  1900  606
e  1799  1933  179
e  1800  1811  314
e  1800  1808  52
e  1801  1827  781
e  1801  1826  512
e  1802  1821  556
e  1802  1819  80
e  1803  1825  472
e  1804  1837  161
e  1805  1831  791
e  1806  1824  294
e  1806  2046  472
e  1806  2031  863
e  1806  1987  508
e  1806  1847  610
e  1807  1816  491
e  1807  1844  69
e  1808  1862  314
e  1808  1818  492
e  1809  1849  819
e  1809  1813  581
e  1810  1891  168
e  1810  1860  863
e  1811  1863  263
e  1811  1924  556
e  1811  1887  492
e  1811  1862  52
e  1812  1904  383
e  1812  1838  754
e  1813  1825  652
e  1814  2079  274
e  1815  1844  821
e  1815  1936  744
e  1816  1874  274
e  1816  1885  69
e  1817  1878  769
e  1817  1886  911
e  1817  1866  279
e  1818  1870  314
e  1818  1959  911
e  1818  1878  9
e  1819  1836  556
e  1819  1840  366
e  1820  1821  350
e  1820  1910  177
e  1820  1888  366
e  1820  1846  80
e  1821  1836  80
e  1822  2024  366
e  1823  1860  455
e  1824  1935  472
e  1825  1893  819
e  1825  1853  262
e  1825  1841  503
e  1826  1856  781
e  1826  1868  220
e  1827  1850  812
e  1827  1856  512
e  1828  1829  285
e  1828  1920  490
e  1829  1904  490
e  1830  1883  201
e  1831  1839  201
e  1832  1839  179
e  1833  1842  591
e  1834  1901  337
e  1834  1907  591
e  1835  1901  656
e  1836  1846  350
e  1836  1843  366
e  1837  1873  560
e  1837  1943  660
e  1837  1882  880
e  1838  1944  383
e  1838  1954  161
e  1839  1855  679
e  1839  1911  368
e  1839  1898  955
e  1840  1843  556
e  1841  1848  262
e  1842  1851  719
e  1842  1900  280
e  1843  1858  350
e  1843  1857  969
e  1843  1845  836
e  1844  1885  491
e  1844  1906  274
e  1844  1958  744
e  1845  1852  969
e  1846  1858  366
e  1847  1879  508
e  1848  1853  503
e  1848  2062  931
e  1848  2069  375
e  1848  1880  664
e  1849  1914  931
e  1849  1892  652
e  1850  1882  229
e  1850  1875  512
e  1851  1907  211
e  1851  1923  280
e  1852  1857  836
e  1852  1909  254
e  1853  1963  819
e  1853  1988  931
e  1854  1877  771
e  1854  1897  155
e  1855  1881  368
e  1856  1875  812
e  1856  1902  220
e  1857  1867  350
e  1857  1967  254
e  1858  1888  80
e  1858  1925  543
e  1858  1867  969
e  1859  1868  931
e  1860  1918  168
e  1860  1941  874
e  1860  1890  684
e  1861  1866  274
e  1862  1870  492
e  1863  1909  556
e  1864  1889  543
e  1864  1910  67
e  1865  1881  179
e  1866  1876  911
e  1866  1869  200
e  1867  1927  543
e  1867  1981  254
e  1868  1902  781
e  1868  1931  76
e  1868  1894  34
e  1869  1874  911
e  1870  1887  52
e  1870  1974  911
e  1871  1889  971
e  1872  1917  455
e  1873  1895  660
e  1874  1876  200
e  1874  1903  69
e  1875  1919  229
e  1875  1929  220
e  1876  1886  279
e  1876  1912  769
e  1876  1926  69
e  1877  1883  155
e  1878  1908  911
e  1879  1987  610
e  1879  1891  512
e  1880  1935  375
e  1881  1922  77
e  1881  1994  925
e  1881  1911  679
e  1882  1953  660
e  1882  1919  512
e  1883  1932  63
e  1883  2014  201
e  1883  1947  657
e  1883  1897  771
e  1884  1998  274
e  1885  1903  274
e  1886  1908  769
e  1887  2005  556
e  1887  2030  911
e  1888  1916  543
e  1889  1940  365
e  1889  1939  366
e  1889  1913  67
e  1890  1917  874
e  1891  1918  863
e  1892  1893  581
e  1892  1942  931
e  1893  1950  931
e  1893  1963  262
e  1894  1914  76
e  1895  1954  931
e  1895  1957  880
e  1895  1943  560
e  1896  1946  155
e  1897  1905  657
e  1898  1899  791
e  1898  1965  201
e  1899  1951  201
e  1900  1923  719
e  1900  1966  179
e  1901  1972  591
e  1902  1929  812
e  1902  1949  76
e  1903  1926  200
e  1903  1937  769
e  1903  1906  491
e  1904  1920  285
e  1904  1944  754
e  1905  1947  771
e  1905  1946  817
e  1906  1952  769
e  1906  1973  744
e  1907  1972  337
e  1907  2038  179
e  1907  2001  280
e  1908  1959  9
e  1908  1980  314
e  1908  2004  69
e  1908  1912  279
e  1909  1967  836
e  1909  1924  263
e  1910  1913  543
e  1911  2015  925
e  1911  1992  201
e  1912  1934  69
e  1913  1915  366
e  1914  1931  34
e  1914  1942  652
e  1915  1916  177
e  1915  1939  67
e  1915  1960  365
e  1915  1938  969
e  1915  1928  80
e  1916  1925  80
e  1917  1941  684
e  1917  2025  168
e  1917  1956  3
e  1918  2009  610
e  1918  1986  874
e  1919  2011  660
e  1919  1977  220
e  1920  1945  89
e  1920  1970  754
e  1921  1922  858
e  1921  1933  925
e  1922  1948  925
e  1923  2001  211
e  1923  1995  179
e  1924  2067  836
e  1924  2084  543
e  1924  2096  911
e  1924  2005  492
e  1925  1928  177
e  1925  1927  969
e  1926  1934  769
e  1927  1930  177
e  1927  2006  254
e  1928  1930  969
e  1929  1977  229
e  1929  1991  76
e  1930  1938  80
e  1930  1983  877
e  1930  2059  254
e  1931  1949  781
e  1932  1951  201
e  1933  1966  606
e  1933  1948  858
e  1934  2004  279
e  1934  2023  314
e  1934  1979  491
e  1934  1937  200
e  1935  2069  664
e  1935  2086  931
e  1935  2111  863
e  1935  2046  294
e  1936  1958  821
e  1936  1978  274
e  1937  1952  491
e  1938  1968  365
e  1939  1955  365
e  1940  1955  366
e  1941  1986  168
e  1942  1990  781
e  1942  1950  581
e  1943  1953  880
e  1944  1970  285
e  1944  2088  161
e  1945  1971  388
e  1945  2012  754
e  1946  2013  771
e  1946  2089  201
e  1946  1964  663
e  1947  2034  201
e  1947  2013  817
e  1948  1996  606
e  1948  2048  201
e  1948  2036  679
e  1948  1994  77
e  1949  1991  812
e  1949  1989  652
e  1950  1999  781
e  1950  1976  262
e  1951  1965  791
e  1951  2035  368
e  1951  2055  817
e  1951  2014  63
e  1952  1979  200
e  1952  2002  744
e  1953  1957  560
e  1953  2011  512
e  1954  2088  383
e  1954  2000  880
e  1955  1962  877
e  1955  1960  67
e  1956  2061  168
e  1956  2021  240
e  1957  2000  931
e  1957  2032  512
e  1958  1973  274
e  1959  1974  314
e  1960  1969  877
e  1960  1968  969
e  1961  1962  971
e  1961  2024  740
e  1961  1984  969
e  1962  1969  67
e  1963  1976  931
e  1964  2129  201
e  1964  2076  490
e  1965  1993  368
e  1966  1995  719
e  1966  1996  858
e  1967  1981  350
e  1967  2068  543
e  1967  2067  263
e  1968  1975  877
e  1969  1975  969
e  1970  2012  89
e  1970  2137  161
e  1971  2076  155
e  1971  2033  754
e  1972  2064  179
e  1973  2002  769
e  1973  2003  121
e  1973  1978  821
e  1974  2030  52
e  1974  2045  556
e  1974  2066  69
e  1974  1980  9
e  1975  1985  971
e  1975  1982  80
e  1976  2016  781
e  1976  1988  819
e  1977  2093  660
e  1977  2027  76
e  1978  1997  121
e  1979  2109  314
e  1979  2095  744
e  1980  2020  69
e  1981  2006  543
e  1982  1983  365
e  1982  2007  971
e  1982  2060  740
e  1983  2110  740
e  1983  2091  254
e  1984  1985  67
e  1984  2026  740
e  1985  2040  740
e  1985  2007  80
e  1986  2127  472
e  1986  2025  684
e  1987  2008  863
e  1988  2054  781
e  1988  2104  375
e  1988  2062  503
e  1989  1990  34
e  1989  2017  812
e  1989  2010  581
e  1990  1999  581
e  1991  2027  229
e  1991  2017  652
e  1992  1993  955
e  1992  2028  925
e  1993  2106  925
e  1993  2078  817
e  1993  2035  791
e  1994  2015  679
e  1995  2018  211
e  1995  2037  858
e  1996  2037  719
e  1996  2052  201
e  1997  1998  472
e  1997  2003  821
e  1997  2029  769
e  1998  2044  769
e  1998  2019  895
e  1999  2010  34
e  1999  2016  262
e  2000  2108  383
e  2000  2051  512
e  2001  2018  179
e  2002  2095  200
e  2002  2022  121
e  2003  2022  769
e  2004  2020  314
e  2005  2039  911
e  2006  2059  177
e  2006  2085  263
e  2006  2068  350
e  2007  2050  740
e  2008  2009  512
e  2008  2031  508
e  2008  2092  472
e  2009  2098  472
e  2010  2041  812
e  2010  2047  262
e  2011  2032  560
e  2011  2071  931
e  2011  2093  220
e  2012  2033  388
e  2013  2042  201
e  2014  2034  657
e  2015  2036  77
e  2015  2028  201
e  2016  2047  34
e  2016  2087  812
e  2016  2054  819
e  2017  2070  229
e  2017  2041  581
e  2018  2038  280
e  2018  2107  337
e  2018  2123  201
e  2018  2074  858
e  2019  2049  769
e  2019  2079  998
e  2020  2066  9
e  2020  2083  556
e  2020  2023  279
e  2021  2103  168
e  2022  2115  200
e  2022  2065  895
e  2022  2029  821
e  2023  2101  556
e  2023  2109  491
e  2024  2097  55
e  2024  2026  969
e  2025  2061  3
e  2026  2102  55
e  2026  2040  67
e  2027  2151  660
e  2027  2070  652
e  2028  2043  77
e  2028  2073  606
e  2028  2106  955
e  2029  2053  895
e  2029  2044  472
e  2030  2039  556
e  2031  2075  472
e  2032  2051  931
e  2033  2117  155
e  2034  2042  817
e  2035  2063  817
e  2036  2043  201
e  2037  2074  211
e  2037  2082  201
e  2038  2064  337
e  2039  2096  492
e  2039  2116  69
e  2039  2045  52
e  2040  2135  55
e  2040  2050  80
e  2041  2105  229
e  2041  2058  262
e  2042  2056  63
e  2042  2090  368
e  2042  2089  771
e  2043  2048  679
e  2043  2057  606
e  2044  2049  895
e  2045  2080  69
e  2046  2075  863
e  2047  2058  812
e  2048  2052  606
e  2049  2053  472
e  2049  2094  998
e  2050  2141  55
e  2050  2060  971
e  2051  2153  383
e  2051  2132  220
e  2051  2071  560
e  2052  2082  719
e  2052  2057  679
e  2053  2065  821
e  2053  2134  998
e  2054  2128  812
e  2054  2122  375
e  2055  2056  657
e  2055  2063  368
e  2056  2072  368
e  2057  2120  719
e  2057  2150  817
e  2057  2073  77
e  2058  2114  229
e  2058  2087  34
e  2059  2091  877
e  2060  2125  254
e  2060  2110  365
e  2061  2103  240
e  2062  2081  375
e  2063  2078  791
e  2063  2072  657
e  2064  2147  201
e  2064  2107  280
e  2065  2139  998
e  2066  2080  556
e  2067  2077  543
e  2068  2077  263
e  2069  2081  931
e  2070  2105  581
e  2071  2112  220
e  2072  2099  791
e  2072  2090  63
e  2073  2130  817
e  2074  2100  201
e  2075  2111  294
e  2075  2092  508
e  2076  2117  754
e  2077  2085  350
e  2077  2084  836
e  2078  2119  925
e  2078  2099  657
e  2079  2094  769
e  2079  2113  996
e  2080  2116  52
e  2080  2083  9
e  2081  2104  503
e  2081  2136  781
e  2081  2086  664
e  2082  2100  211
e  2082  2120  679
e  2083  2101  279
e  2084  2156  911
e  2086  2145  781
e  2087  2128  819
e  2088  2137  285
e  2088  2108  880
e  2089  2118  368
e  2089  2129  663
e  2090  2118  771
e  2091  2121  740
e  2092  2098  512
e  2093  2112  931
e  2093  2151  76
e  2094  2134  472
e  2094  2124  996
e  2095  2140  314
e  2095  2115  121
e  2096  2156  543
e  2097  2102  969
e  2098  2126  874
e  2099  2144  925
e  2100  2123  858
e  2100  2142  337
e  2100  2138  679
e  2101  2148  491
e  2102  2135  67
e  2104  2122  781
e  2105  2114  262
e  2106  2119  817
e  2107  2133  201
e  2108  2149  285
e  2108  2153  512
e  2109  2148  556
e  2109  2140  744
e  2110  2121  254
e  2112  2132  560
e  2112  2155  76
e  2113  2124  769
e  2115  2146  314
e  2118  2143  663
e  2119  2131  606
e  2119  2144  657
e  2120  2138  211
e  2120  2158  817
e  2121  2125  365
e  2122  2157  812
e  2122  2136  503
e  2123  2133  337
e  2126  2127  610
e  2128  2157  375
e  2129  2143  368
e  2130  2131  955
e  2130  2150  77
e  2131  2152  657
e  2133  2147  280
e  2133  2142  858
e  2134  2139  821
e  2135  2141  80
e  2136  2145  664
e  2137  2149  880
e  2138  2160  817
e  2140  2154  556
e  2140  2146  121
e  2144  2152  606
e  2146  2159  556
e  2148  2154  744
e  2150  2158  719
e  2151  2155  931
e  2154  2159  121
e  2158  2160  211
