p   edge 1462  2768
e  0  1066  572
e  0  268  346
e  0  83  811
e  1  2  267
e  1  282  897
e  2  3  423
e  2  120  615
e  2  212  897
e  3  4  615
e  4  5  956
e  4  89  897
e  4  120  423
e  5  6  529
e  5  85  897
e  6  7  355
e  6  84  897
e  7  8  897
e  8  9  132
e  8  84  355
e  9  10  536
e  9  95  355
e  10  11  176
e  10  123  810
e  10  96  355
e  11  12  762
e  11  116  810
e  12  13  457
e  12  112  810
e  13  14  329
e  13  90  810
e  14  15  440
e  14  86  810
e  15  16  810
e  16  17  961
e  16  86  440
e  17  18  560
e  17  88  440
e  18  19  926
e  18  91  556
e  18  94  440
e  19  20  556
e  20  21  671
e  20  91  926
e  21  22  93
e  21  137  926
e  22  23  386
e  22  193  926
e  23  24  649
e  23  197  926
e  24  25  166
e  24  209  484
e  24  256  926
e  25  26  347
e  25  181  484
e  26  27  564
e  26  154  484
e  27  28  484
e  28  29  434
e  28  173  408
e  28  243  347
e  28  154  564
e  29  30  408
e  30  31  861
e  30  155  289
e  30  173  434
e  31  32  355
e  31  145  289
e  32  33  454
e  32  87  289
e  33  34  289
e  34  35  999
e  34  113  363
e  34  87  454
e  35  36  363
e  36  37  890
e  36  182  454
e  36  113  999
e  37  38  632
e  37  169  204
e  37  227  454
e  38  39  264
e  38  138  204
e  39  40  204
e  40  41  232
e  40  138  264
e  41  42  821
e  41  214  668
e  41  228  536
e  41  166  264
e  42  43  668
e  43  44  547
e  43  215  536
e  43  214  821
e  44  45  808
e  44  146  536
e  45  46  382
e  45  129  536
e  46  47  536
e  47  48  520
e  47  129  382
e  48  49  449
e  48  144  732
e  48  133  382
e  49  50  777
e  49  114  732
e  50  51  476
e  50  107  732
e  51  52  196
e  51  93  732
e  52  53  732
e  53  54  190
e  53  93  196
e  54  55  738
e  54  108  693
e  54  150  196
e  55  56  618
e  55  104  693
e  56  57  693
e  57  58  1000
e  57  104  618
e  58  59  163
e  58  110  618
e  59  60  799
e  59  130  618
e  60  61  449
e  60  142  266
e  60  162  618
e  61  62  617
e  61  99  266
e  62  63  266
e  63  64  109
e  63  99  617
e  64  65  373
e  64  134  617
e  65  66  308
e  65  109  307
e  65  174  617
e  66  67  307
e  67  68  915
e  67  109  308
e  68  69  141
e  68  171  176
e  68  296  308
e  69  70  176
e  70  71  206
e  70  171  141
e  71  72  127
e  71  219  671
e  71  297  955
e  71  201  141
e  72  73  9
e  72  118  671
e  73  74  671
e  74  75  299
e  74  119  734
e  74  118  9
e  75  76  572
e  75  101  734
e  76  77  734
e  77  78  325
e  77  101  572
e  78  79  109
e  78  131  955
e  78  105  572
e  79  80  346
e  79  111  955
e  80  81  737
e  80  102  955
e  81  82  955
e  82  83  589
e  82  102  737
e  83  132  346
e  83  122  737
e  84  95  132
e  84  85  529
e  85  98  132
e  85  89  956
e  86  88  961
e  86  90  329
e  87  141  363
e  87  161  861
e  87  145  355
e  88  94  560
e  88  92  329
e  89  103  132
e  89  148  423
e  90  92  961
e  90  112  457
e  91  137  671
e  91  128  440
e  92  97  560
e  92  117  457
e  93  150  190
e  93  107  476
e  94  128  556
e  94  97  329
e  95  96  536
e  95  98  529
e  96  147  810
e  96  100  529
e  97  140  556
e  97  135  176
e  98  100  536
e  98  103  956
e  99  134  109
e  99  142  449
e  100  153  810
e  100  106  956
e  101  105  325
e  101  119  299
e  102  122  589
e  102  111  346
e  103  106  536
e  103  194  423
e  104  110  1000
e  104  108  738
e  105  163  955
e  105  125  299
e  106  159  810
e  106  206  423
e  107  199  190
e  107  114  777
e  108  115  1000
e  108  183  196
e  109  296  915
e  109  178  617
e  110  130  163
e  110  115  738
e  111  126  589
e  111  131  109
e  112  117  961
e  112  116  762
e  113  141  454
e  114  170  382
e  114  144  449
e  115  139  163
e  115  190  196
e  116  121  961
e  116  123  176
e  117  127  176
e  117  121  762
e  118  191  734
e  118  235  955
e  118  219  127
e  119  125  325
e  119  191  9
e  120  148  897
e  121  124  176
e  122  126  346
e  123  124  961
e  123  147  355
e  124  127  762
e  124  143  560
e  124  152  355
e  125  175  955
e  125  205  9
e  126  132  737
e  126  151  109
e  127  136  560
e  128  208  671
e  128  140  329
e  129  133  520
e  129  146  808
e  130  162  799
e  130  139  738
e  131  151  589
e  131  163  572
e  132  268  811
e  132  254  572
e  132  221  109
e  133  157  732
e  133  149  808
e  134  174  373
e  134  184  307
e  134  158  449
e  135  136  457
e  135  165  556
e  135  180  355
e  136  172  355
e  136  143  762
e  137  193  93
e  137  208  440
e  138  166  232
e  138  169  632
e  139  167  799
e  139  223  196
e  140  242  93
e  140  165  176
e  141  182  999
e  141  290  232
e  141  244  861
e  142  158  109
e  142  186  618
e  143  160  355
e  144  157  382
e  145  155  861
e  146  149  520
e  146  215  547
e  147  152  961
e  147  153  529
e  148  194  132
e  148  283  810
e  148  344  267
e  148  212  615
e  149  177  732
e  149  248  821
e  149  229  547
e  150  183  693
e  150  199  476
e  151  221  737
e  151  179  572
e  152  160  560
e  152  156  529
e  153  156  961
e  153  159  956
e  154  181  347
e  155  161  355
e  155  398  363
e  155  435  926
e  155  289  434
e  156  168  560
e  156  164  956
e  157  170  449
e  157  177  808
e  158  203  307
e  158  200  618
e  159  164  961
e  159  225  423
e  160  172  762
e  160  168  529
e  161  244  363
e  162  186  266
e  162  167  738
e  163  179  589
e  163  175  299
e  164  176  560
e  164  238  423
e  165  264  93
e  165  185  355
e  166  258  536
e  166  198  632
e  167  189  266
e  168  187  762
e  168  195  556
e  168  176  956
e  169  198  232
e  170  218  190
e  170  216  808
e  171  201  206
e  171  366  955
e  171  358  308
e  172  180  457
e  172  188  556
e  172  187  529
e  173  289  289
e  173  340  926
e  173  277  347
e  174  178  307
e  175  204  589
e  175  211  9
e  176  207  556
e  176  276  423
e  177  216  449
e  177  353  190
e  177  371  109
e  177  352  264
e  177  266  821
e  178  357  915
e  178  210  449
e  178  184  373
e  179  236  737
e  179  204  299
e  180  185  556
e  181  243  564
e  181  209  166
e  182  227  890
e  182  265  232
e  183  190  1000
e  183  249  382
e  184  203  449
e  185  280  93
e  185  196  529
e  185  188  457
e  186  200  109
e  186  189  738
e  187  192  556
e  188  192  529
e  189  202  109
e  189  230  196
e  190  223  163
e  190  234  266
e  190  259  382
e  191  205  325
e  191  220  955
e  192  196  457
e  192  213  956
e  192  195  762
e  193  197  386
e  193  224  440
e  194  206  536
e  194  263  810
e  195  207  956
e  196  300  93
e  196  226  956
e  197  256  649
e  197  272  484
e  197  232  440
e  198  313  536
e  198  245  454
e  199  217  382
e  200  239  307
e  200  202  738
e  201  330  955
e  202  253  307
e  202  237  196
e  203  210  373
e  203  239  618
e  204  332  737
e  204  240  9
e  205  211  955
e  206  225  810
e  207  213  762
e  207  414  93
e  207  311  423
e  208  224  93
e  209  288  408
e  209  261  926
e  210  373  915
e  210  260  618
e  211  240  589
e  211  220  325
e  212  282  267
e  213  226  457
e  213  385  93
e  214  222  536
e  215  229  520
e  215  222  821
e  216  267  190
e  217  218  777
e  217  250  693
e  218  274  693
e  218  267  808
e  219  262  955
e  220  310  589
e  220  298  127
e  220  235  734
e  221  236  572
e  222  233  520
e  222  228  668
e  223  231  266
e  224  232  386
e  224  241  329
e  225  238  961
e  225  263  536
e  226  325  93
e  227  246  232
e  228  247  520
e  228  258  264
e  229  233  821
e  230  231  799
e  230  237  109
e  231  234  163
e  232  299  484
e  232  255  329
e  233  248  547
e  233  273  732
e  233  247  668
e  234  252  109
e  234  278  382
e  235  262  127
e  236  254  109
e  236  332  299
e  237  281  307
e  237  314  382
e  237  251  163
e  238  276  560
e  238  284  536
e  239  260  373
e  239  253  738
e  240  374  737
e  240  324  127
e  240  310  325
e  241  242  671
e  241  255  386
e  242  257  386
e  242  264  176
e  243  277  408
e  244  561  232
e  244  454  926
e  244  398  355
e  245  246  204
e  245  326  536
e  245  350  999
e  245  291  890
e  246  265  890
e  247  269  264
e  248  266  732
e  249  250  476
e  249  259  1000
e  250  275  1000
e  250  303  109
e  250  274  777
e  251  252  799
e  251  301  382
e  252  279  382
e  253  270  373
e  253  281  196
e  254  404  811
e  254  495  9
e  255  320  484
e  255  286  176
e  255  257  671
e  256  261  484
e  257  271  176
e  258  269  520
e  258  313  632
e  259  278  266
e  259  275  476
e  260  393  915
e  260  270  738
e  261  306  408
e  261  312  440
e  261  272  649
e  262  298  734
e  262  359  589
e  262  297  671
e  263  284  961
e  263  283  132
e  264  271  386
e  264  280  355
e  265  291  204
e  265  290  999
e  266  307  264
e  266  273  547
e  267  302  693
e  267  336  109
e  267  353  449
e  268  404  572
e  269  293  732
e  269  327  632
e  270  413  915
e  270  424  955
e  270  315  196
e  271  286  671
e  271  285  355
e  272  299  440
e  273  292  264
e  274  305  109
e  274  302  808
e  275  295  109
e  276  311  556
e  276  468  536
e  277  335  926
e  277  287  166
e  278  279  109
e  279  301  799
e  279  294  476
e  280  285  386
e  280  300  529
e  281  315  373
e  281  329  382
e  282  344  615
e  282  543  810
e  282  1402  289
e  283  318  961
e  283  447  267
e  284  468  560
e  284  318  132
e  285  319  671
e  285  304  529
e  286  331  484
e  286  319  355
e  287  288  564
e  287  321  926
e  288  306  926
e  289  349  926
e  290  322  204
e  290  440  536
e  290  561  861
e  291  322  999
e  292  293  668
e  292  307  547
e  292  387  454
e  293  351  454
e  293  342  632
e  294  295  266
e  294  337  799
e  294  355  808
e  294  308  777
e  295  303  1000
e  296  358  176
e  296  357  617
e  297  389  589
e  297  330  141
e  298  316  589
e  299  312  649
e  299  320  329
e  300  304  386
e  300  325  956
e  301  314  163
e  301  341  307
e  301  337  476
e  302  317  109
e  303  305  777
e  304  346  484
e  304  333  956
e  305  309  266
e  305  317  808
e  306  321  564
e  306  339  440
e  307  352  821
e  307  400  109
e  307  419  454
e  308  309  1000
e  308  328  808
e  309  323  808
e  310  316  127
e  311  469  93
e  311  727  484
e  311  835  289
e  311  544  536
e  312  339  408
e  312  347  329
e  313  327  520
e  313  326  454
e  314  329  307
e  315  434  955
e  315  361  382
e  316  324  325
e  316  453  141
e  316  359  734
e  317  323  266
e  317  336  693
e  318  580  560
e  318  467  267
e  319  338  484
e  320  347  649
e  320  331  176
e  321  335  166
e  321  348  347
e  321  364  289
e  321  363  440
e  322  350  890
e  322  386  536
e  323  328  1000
e  323  451  307
e  323  450  264
e  323  431  449
e  323  354  693
e  324  633  737
e  324  758  196
e  324  603  618
e  324  519  141
e  325  333  386
e  325  385  457
e  326  334  520
e  326  382  999
e  327  342  732
e  327  334  454
e  328  355  777
e  328  377  307
e  329  361  373
e  329  384  476
e  329  341  163
e  330  403  589
e  330  432  308
e  330  366  206
e  331  367  649
e  331  370  408
e  331  338  355
e  332  374  9
e  333  379  484
e  333  415  457
e  334  343  732
e  334  399  999
e  335  340  347
e  336  354  266
e  336  365  449
e  337  356  307
e  337  368  808
e  338  375  408
e  338  345  529
e  339  363  564
e  339  396  289
e  339  360  329
e  340  349  289
e  340  348  166
e  341  356  476
e  342  343  454
e  343  351  632
e  343  429  668
e  343  462  109
e  343  411  999
e  344  447  810
e  345  346  671
e  345  390  408
e  346  422  408
e  346  379  956
e  347  360  408
e  347  367  176
e  348  362  289
e  349  435  434
e  349  455  363
e  349  417  440
e  349  362  166
e  350  382  536
e  351  387  668
e  352  391  109
e  353  365  109
e  354  383  449
e  355  368  799
e  356  384  163
e  356  372  808
e  357  388  176
e  357  394  955
e  357  373  449
e  358  380  955
e  358  388  617
e  359  433  141
e  359  389  671
e  360  406  289
e  360  369  176
e  361  463  955
e  361  488  808
e  361  437  476
e  362  397  440
e  362  364  347
e  363  381  289
e  364  381  440
e  365  383  266
e  365  371  190
e  366  380  308
e  367  369  408
e  368  372  307
e  369  409  289
e  369  378  355
e  369  370  649
e  370  375  355
e  371  401  266
e  371  391  264
e  372  420  163
e  372  376  777
e  373  395  955
e  373  393  618
e  374  496  109
e  374  903  196
e  374  633  127
e  375  378  649
e  375  390  529
e  376  377  799
e  376  487  373
e  376  524  264
e  377  485  264
e  377  451  1000
e  378  416  289
e  378  408  529
e  379  426  408
e  379  470  457
e  380  432  206
e  380  392  617
e  381  397  347
e  381  410  329
e  381  396  564
e  382  399  520
e  382  386  890
e  383  431  693
e  383  412  264
e  383  401  190
e  384  437  373
e  384  420  808
e  385  415  386
e  385  414  762
e  386  418  520
e  386  440  204
e  387  419  547
e  387  444  109
e  387  429  632
e  388  392  955
e  389  403  141
e  390  408  649
e  390  459  289
e  390  439  956
e  390  422  671
e  391  407  266
e  391  400  821
e  392  452  206
e  392  402  449
e  392  394  176
e  393  405  955
e  393  413  738
e  394  395  449
e  395  402  176
e  395  405  618
e  396  406  329
e  397  417  166
e  397  473  355
e  398  443  926
e  399  411  732
e  399  418  890
e  400  430  266
e  400  436  454
e  401  407  264
e  402  457  206
e  402  425  618
e  403  433  671
e  403  494  734
e  403  490  618
e  404  1066  346
e  404  1323  382
e  404  634  9
e  405  425  176
e  405  421  738
e  406  410  564
e  406  409  176
e  407  412  190
e  407  430  821
e  408  438  289
e  409  423  564
e  409  416  355
e  410  423  176
e  411  511  109
e  411  428  890
e  412  441  693
e  412  449  821
e  413  421  955
e  414  448  386
e  414  469  423
e  415  470  484
e  415  448  762
e  416  427  564
e  416  438  529
e  417  476  363
e  417  509  355
e  418  428  732
e  419  436  109
e  420  445  373
e  421  442  176
e  421  446  196
e  421  424  915
e  422  426  956
e  423  427  355
e  424  434  196
e  425  460  206
e  425  442  738
e  426  439  671
e  426  471  289
e  426  536  457
e  427  475  347
e  427  461  529
e  428  527  109
e  428  478  204
e  429  456  109
e  430  449  190
e  430  458  454
e  431  441  264
e  432  452  617
e  433  453  734
e  434  446  915
e  434  463  382
e  435  443  363
e  436  458  266
e  436  444  547
e  437  445  808
e  438  461  564
e  438  472  956
e  438  459  649
e  439  466  289
e  440  479  732
e  440  583  861
e  441  450  449
e  441  484  307
e  441  483  821
e  442  489  206
e  442  464  196
e  443  454  355
e  443  455  434
e  444  456  632
e  445  488  476
e  445  525  955
e  445  486  777
e  446  464  176
e  446  500  382
e  447  467  961
e  447  543  615
e  448  505  484
e  448  504  423
e  449  483  693
e  449  482  454
e  450  465  307
e  451  465  264
e  452  457  449
e  453  519  325
e  453  539  618
e  453  494  671
e  454  592  232
e  454  629  536
e  454  506  440
e  454  477  434
e  455  477  355
e  455  476  440
e  456  481  266
e  456  462  668
e  457  460  618
e  458  482  190
e  458  480  632
e  459  466  956
e  460  493  589
e  460  489  738
e  461  526  347
e  461  556  363
e  461  522  956
e  462  507  266
e  462  511  999
e  463  500  915
e  463  587  589
e  463  520  808
e  464  502  206
e  464  510  589
e  464  513  382
e  465  485  1000
e  465  534  454
e  465  484  449
e  466  472  649
e  466  471  671
e  467  666  560
e  467  725  556
e  467  1090  289
e  467  624  615
e  468  544  556
e  468  580  132
e  469  504  386
e  469  626  484
e  470  536  408
e  470  505  762
e  471  545  649
e  471  704  363
e  471  730  423
e  471  579  457
e  472  522  564
e  472  545  671
e  473  474  176
e  473  509  166
e  474  475  329
e  474  512  166
e  475  515  166
e  475  523  363
e  475  526  529
e  476  498  355
e  476  514  355
e  477  498  440
e  478  479  520
e  478  575  109
e  478  613  926
e  479  609  926
e  479  595  861
e  480  481  547
e  480  533  190
e  480  548  307
e  481  562  307
e  481  507  668
e  482  501  693
e  482  517  307
e  482  533  632
e  483  499  307
e  483  501  454
e  484  528  454
e  484  499  821
e  485  524  799
e  485  537  454
e  486  487  163
e  486  554  955
e  487  570  955
e  487  565  264
e  488  520  955
e  489  497  589
e  489  502  196
e  490  491  449
e  490  529  734
e  491  492  617
e  491  538  734
e  492  493  308
e  492  518  738
e  493  497  738
e  494  529  618
e  495  496  299
e  495  634  811
e  496  759  811
e  496  973  196
e  497  518  308
e  497  503  196
e  498  506  434
e  498  532  355
e  499  508  454
e  500  513  176
e  500  571  589
e  501  508  307
e  502  503  589
e  503  535  308
e  503  572  734
e  503  551  382
e  503  510  206
e  504  531  484
e  505  559  408
e  505  531  423
e  506  635  536
e  506  560  355
e  507  584  307
e  507  547  999
e  508  528  821
e  508  550  1000
e  508  557  632
e  508  517  693
e  509  514  363
e  509  512  176
e  510  530  382
e  511  547  266
e  511  527  890
e  512  516  363
e  512  515  329
e  513  530  589
e  514  532  355
e  514  516  176
e  515  521  363
e  516  540  355
e  516  521  329
e  517  541  632
e  518  553  734
e  518  535  196
e  519  567  618
e  520  605  589
e  520  525  476
e  521  546  355
e  521  523  166
e  522  581  363
e  522  607  671
e  523  542  529
e  524  565  373
e  524  577  454
e  525  622  589
e  525  554  777
e  526  542  363
e  527  576  266
e  527  575  204
e  528  534  449
e  529  539  671
e  529  538  449
e  530  551  206
e  530  631  808
e  530  571  176
e  531  578  408
e  531  626  386
e  532  560  434
e  532  540  176
e  533  541  307
e  534  537  1000
e  535  555  734
e  536  579  289
e  536  559  762
e  537  577  799
e  537  549  821
e  538  558  671
e  538  552  738
e  539  567  325
e  539  558  449
e  540  574  434
e  540  546  329
e  541  557  693
e  541  585  547
e  541  548  190
e  542  569  355
e  542  614  956
e  542  556  347
e  543  624  961
e  543  1303  289
e  544  887  289
e  544  726  267
e  544  625  132
e  545  607  564
e  545  693  363
e  546  582  434
e  546  568  529
e  547  599  307
e  547  576  890
e  548  562  547
e  549  550  449
e  549  600  799
e  549  638  955
e  550  642  955
e  550  616  632
e  551  588  734
e  551  684  808
e  552  553  617
e  552  564  671
e  552  563  196
e  553  555  196
e  554  657  589
e  554  617  264
e  554  570  163
e  555  563  617
e  555  573  671
e  555  596  382
e  555  572  308
e  556  581  956
e  557  616  1000
e  557  665  955
e  557  610  547
e  558  564  738
e  559  593  289
e  559  578  423
e  560  656  536
e  560  574  176
e  561  583  536
e  561  592  926
e  562  585  190
e  562  584  668
e  563  566  671
e  564  566  196
e  565  586  955
e  565  601  454
e  566  591  325
e  566  573  617
e  567  603  141
e  567  589  196
e  568  569  166
e  568  608  434
e  568  694  956
e  569  621  956
e  570  586  264
e  571  619  808
e  571  587  915
e  572  588  382
e  573  597  325
e  573  602  382
e  574  667  536
e  574  582  329
e  575  640  266
e  575  620  926
e  576  637  307
e  576  664  926
e  576  640  204
e  577  601  373
e  577  611  955
e  577  600  821
e  578  598  289
e  579  627  423
e  579  593  762
e  580  625  556
e  580  666  267
e  581  614  347
e  581  628  355
e  581  650  671
e  582  687  536
e  582  608  529
e  583  595  732
e  583  594  926
e  584  599  999
e  585  610  693
e  585  653  999
e  586  617  163
e  586  606  454
e  587  605  808
e  588  596  308
e  588  612  671
e  588  703  808
e  589  590  738
e  589  632  141
e  590  591  449
e  590  646  141
e  591  673  141
e  591  645  382
e  591  597  617
e  592  594  536
e  593  598  423
e  594  604  732
e  594  636  440
e  594  629  232
e  595  604  926
e  596  602  671
e  597  618  382
e  598  627  762
e  598  808  363
e  598  1118  109
e  598  1096  267
e  598  728  386
e  599  654  190
e  599  718  955
e  599  637  890
e  600  623  955
e  601  606  955
e  602  618  325
e  602  612  308
e  603  632  196
e  604  609  861
e  604  615  520
e  604  643  109
e  604  639  440
e  605  619  915
e  605  622  476
e  606  671  163
e  606  716  589
e  606  641  821
e  606  611  373
e  607  650  363
e  608  696  109
e  608  709  956
e  609  613  520
e  610  688  955
e  610  660  999
e  611  623  821
e  612  644  325
e  613  620  109
e  613  615  861
e  614  621  355
e  615  630  109
e  616  647  955
e  617  678  589
e  617  671  454
e  618  645  617
e  618  756  141
e  618  852  808
e  618  644  308
e  619  631  176
e  619  662  476
e  620  652  266
e  620  677  440
e  620  630  861
e  621  694  166
e  621  734  109
e  621  628  347
e  622  662  915
e  622  657  777
e  623  641  373
e  623  670  632
e  623  655  449
e  623  638  799
e  624  1124  289
e  625  681  267
e  626  729  289
e  626  727  93
e  627  730  457
e  627  774  363
e  628  788  109
e  628  732  671
e  629  635  440
e  630  649  440
e  630  643  520
e  631  684  206
e  631  672  476
e  632  758  618
e  632  776  737
e  632  757  382
e  632  646  738
e  633  772  196
e  634  1135  382
e  634  759  299
e  635  636  232
e  635  651  732
e  635  656  355
e  636  639  732
e  637  719  955
e  637  690  926
e  638  642  449
e  639  648  109
e  639  659  355
e  639  651  232
e  640  652  926
e  641  748  589
e  641  683  632
e  642  655  799
e  642  647  632
e  643  648  440
e  644  754  808
e  645  679  141
e  646  685  382
e  646  673  449
e  647  661  799
e  647  747  373
e  647  745  999
e  647  665  1000
e  648  649  520
e  648  663  355
e  649  677  861
e  649  697  266
e  649  675  355
e  650  732  355
e  650  863  423
e  650  731  649
e  650  693  564
e  651  658  355
e  652  664  204
e  652  711  307
e  652  686  440
e  653  654  668
e  653  660  693
e  654  669  693
e  654  715  955
e  655  661  632
e  656  658  732
e  656  667  176
e  657  678  264
e  658  659  232
e  658  668  109
e  658  674  176
e  659  663  109
e  660  700  955
e  660  669  668
e  661  670  449
e  661  698  373
e  662  672  176
e  663  675  520
e  663  680  176
e  663  668  232
e  664  690  307
e  665  688  547
e  666  681  556
e  667  674  732
e  667  682  109
e  667  687  329
e  668  676  176
e  669  708  955
e  670  683  373
e  671  702  589
e  672  753  734
e  672  749  264
e  673  679  382
e  674  676  109
e  675  706  266
e  675  692  176
e  676  680  232
e  676  691  329
e  676  682  732
e  677  686  266
e  678  751  176
e  678  702  454
e  679  685  449
e  679  869  737
e  679  756  617
e  680  692  520
e  680  701  329
e  681  726  132
e  681  942  289
e  681  725  560
e  682  689  329
e  683  763  589
e  683  698  449
e  684  703  734
e  685  757  738
e  685  814  737
e  686  714  307
e  686  713  355
e  686  697  861
e  687  689  109
e  688  700  999
e  689  691  732
e  689  695  529
e  690  724  955
e  690  717  440
e  690  711  204
e  691  701  232
e  691  699  529
e  692  712  266
e  692  707  329
e  693  704  649
e  694  709  434
e  695  696  536
e  695  699  732
e  696  722  956
e  697  706  355
e  698  797  589
e  698  819  926
e  698  789  999
e  698  747  799
e  699  705  232
e  699  737  520
e  699  735  956
e  700  746  1000
e  700  770  926
e  700  708  668
e  701  707  520
e  701  705  529
e  702  768  176
e  702  820  821
e  702  716  163
e  703  755  325
e  703  752  476
e  704  731  564
e  704  767  423
e  705  710  520
e  706  713  861
e  706  712  176
e  707  720  266
e  707  710  529
e  708  742  926
e  708  715  693
e  709  722  109
e  710  721  266
e  710  766  956
e  710  737  232
e  711  714  440
e  712  740  307
e  712  738  529
e  712  720  329
e  713  723  307
e  714  717  204
e  714  723  355
e  715  718  190
e  716  748  821
e  717  760  955
e  717  741  355
e  718  719  890
e  719  724  926
e  720  721  529
e  721  738  329
e  721  762  307
e  721  777  956
e  722  736  732
e  722  733  166
e  723  741  204
e  723  739  176
e  724  744  693
e  724  760  440
e  725  1043  289
e  726  898  289
e  727  800  289
e  728  729  408
e  728  1004  267
e  728  836  93
e  729  800  93
e  730  767  363
e  731  837  423
e  732  816  109
e  732  879  423
e  733  734  434
e  733  773  732
e  734  781  732
e  734  788  347
e  735  736  536
e  735  764  520
e  735  775  166
e  736  773  166
e  737  764  956
e  738  761  307
e  739  740  861
e  739  769  204
e  739  785  955
e  739  778  529
e  740  761  529
e  741  765  955
e  741  769  176
e  742  743  890
e  742  770  668
e  742  810  440
e  743  744  190
e  743  786  440
e  744  784  440
e  745  746  547
e  745  779  373
e  746  794  373
e  746  787  926
e  747  779  999
e  748  820  163
e  748  763  632
e  749  750  777
e  749  791  734
e  750  751  915
e  750  771  454
e  751  768  454
e  752  753  206
e  752  813  325
e  752  805  264
e  753  791  264
e  754  755  671
e  754  852  308
e  754  972  264
e  754  821  476
e  755  813  476
e  756  951  737
e  756  950  808
e  757  795  737
e  758  772  737
e  759  1065  382
e  759  1024  196
e  760  784  693
e  760  765  355
e  761  778  861
e  761  762  329
e  762  783  861
e  762  798  955
e  762  807  956
e  763  868  163
e  763  851  926
e  763  797  449
e  764  766  232
e  764  792  266
e  764  809  166
e  765  801  693
e  765  780  176
e  766  777  266
e  767  837  564
e  767  774  457
e  768  771  915
e  768  911  821
e  769  780  955
e  770  787  1000
e  770  826  440
e  771  812  734
e  771  932  821
e  772  903  127
e  772  870  382
e  772  776  618
e  773  775  536
e  773  781  434
e  774  888  564
e  774  913  109
e  774  808  762
e  775  809  520
e  775  817  266
e  775  782  434
e  776  795  382
e  777  807  307
e  777  829  166
e  777  792  232
e  778  790  955
e  778  783  329
e  779  789  799
e  779  802  926
e  779  794  547
e  780  823  693
e  780  796  529
e  780  785  204
e  781  782  536
e  781  845  347
e  782  825  266
e  782  855  347
e  783  793  955
e  784  786  190
e  784  801  355
e  785  790  529
e  786  810  890
e  786  803  355
e  787  799  373
e  787  831  440
e  788  845  732
e  788  816  671
e  789  806  926
e  790  796  204
e  790  793  329
e  791  805  206
e  791  811  454
e  792  815  166
e  793  804  204
e  793  798  861
e  794  799  926
e  795  870  618
e  795  958  127
e  795  814  738
e  796  840  693
e  796  804  329
e  797  822  926
e  798  865  204
e  798  832  956
e  799  802  547
e  799  818  799
e  799  834  440
e  800  836  408
e  800  918  267
e  800  835  484
e  801  803  190
e  801  823  176
e  802  806  799
e  803  833  890
e  803  867  373
e  803  830  176
e  804  854  693
e  804  908  956
e  804  865  861
e  805  844  325
e  805  827  454
e  806  819  999
e  806  824  589
e  806  818  547
e  807  832  955
e  807  853  166
e  808  935  109
e  809  815  266
e  810  826  668
e  810  838  1000
e  810  833  355
e  811  812  777
e  811  827  206
e  812  839  206
e  812  971  926
e  812  941  821
e  813  821  671
e  813  844  264
e  814  1064  127
e  814  1133  109
e  814  869  449
e  815  829  232
e  815  828  434
e  815  817  520
e  816  885  732
e  816  884  423
e  817  825  434
e  818  843  589
e  818  848  440
e  819  822  589
e  820  911  176
e  820  868  632
e  821  858  264
e  822  851  449
e  822  910  440
e  822  824  999
e  823  830  190
e  823  840  529
e  824  857  440
e  824  843  547
e  825  828  520
e  825  874  347
e  826  831  1000
e  827  861  325
e  827  839  777
e  828  864  232
e  828  882  307
e  828  907  347
e  829  853  307
e  829  864  434
e  830  872  373
e  830  847  529
e  831  834  373
e  831  842  355
e  831  838  668
e  832  900  204
e  832  989  589
e  832  871  166
e  833  841  1000
e  834  848  799
e  834  856  589
e  834  846  355
e  835  887  536
e  836  943  267
e  837  863  649
e  837  890  109
e  837  888  457
e  838  841  355
e  839  894  325
e  839  995  926
e  840  847  190
e  840  854  329
e  841  842  668
e  841  849  373
e  842  846  373
e  843  850  440
e  844  858  671
e  844  861  454
e  845  855  536
e  845  885  671
e  846  859  589
e  846  849  668
e  847  892  373
e  847  902  589
e  847  860  329
e  848  850  589
e  849  876  589
e  849  880  176
e  849  866  890
e  850  857  547
e  850  862  355
e  850  856  799
e  851  930  163
e  851  915  440
e  852  950  141
e  852  1062  454
e  853  871  955
e  853  875  434
e  854  860  190
e  854  924  956
e  855  874  266
e  855  899  671
e  856  859  355
e  857  910  999
e  857  877  355
e  858  972  476
e  858  878  454
e  859  862  799
e  859  886  176
e  859  876  668
e  860  905  589
e  860  936  956
e  861  878  671
e  861  894  777
e  862  877  547
e  862  897  176
e  863  879  355
e  864  875  307
e  865  900  956
e  866  867  1000
e  866  873  176
e  867  872  176
e  868  931  176
e  868  930  926
e  869  1216  109
e  869  1113  808
e  869  951  617
e  870  934  127
e  871  1037  589
e  871  891  434
e  872  873  1000
e  872  893  589
e  872  892  529
e  873  880  890
e  873  883  589
e  874  907  520
e  874  904  671
e  875  891  955
e  875  882  232
e  876  881  176
e  877  929  449
e  877  927  176
e  878  996  476
e  878  1110  308
e  878  1098  926
e  878  933  777
e  879  884  109
e  880  881  589
e  881  886  668
e  881  912  529
e  881  883  890
e  882  901  955
e  883  896  529
e  883  893  1000
e  884  960  732
e  884  965  266
e  884  964  457
e  884  889  649
e  885  899  536
e  885  921  266
e  885  960  423
e  886  897  799
e  886  914  529
e  887  898  267
e  888  906  109
e  889  890  355
e  889  920  457
e  890  906  457
e  891  1083  589
e  891  1051  671
e  891  966  347
e  891  901  232
e  892  895  589
e  893  895  529
e  894  933  671
e  894  1000  926
e  895  896  1000
e  895  909  329
e  895  902  373
e  896  912  890
e  896  926  799
e  896  916  329
e  897  927  547
e  897  917  529
e  898  919  484
e  898  942  132
e  899  904  266
e  900  908  861
e  900  949  693
e  901  922  347
e  902  905  329
e  903  973  109
e  903  934  382
e  904  939  955
e  904  974  423
e  904  921  536
e  905  909  373
e  905  952  956
e  906  920  355
e  906  913  564
e  907  923  955
e  908  924  693
e  909  916  1000
e  909  962  956
e  910  915  449
e  911  932  915
e  911  931  632
e  912  914  668
e  913  963  355
e  913  935  762
e  914  917  799
e  915  975  163
e  915  928  355
e  916  937  799
e  916  982  956
e  917  953  547
e  917  944  329
e  917  925  890
e  918  919  536
e  918  943  408
e  919  948  408
e  919  1003  132
e  920  964  649
e  920  1007  266
e  920  1011  955
e  920  986  762
e  920  963  564
e  921  961  423
e  922  923  307
e  922  966  232
e  922  947  671
e  923  938  671
e  924  936  190
e  924  949  861
e  925  926  668
e  925  940  329
e  926  937  329
e  927  969  449
e  927  953  529
e  928  929  999
e  928  983  163
e  928  992  176
e  928  991  176
e  929  969  176
e  930  945  176
e  930  975  440
e  931  946  915
e  931  945  926
e  932  941  734
e  932  946  632
e  933  1021  926
e  934  979  109
e  934  958  618
e  935  981  355
e  935  1046  955
e  935  1118  363
e  936  952  589
e  937  940  668
e  937  1002  956
e  938  939  520
e  938  947  307
e  939  956  307
e  939  976  423
e  940  944  890
e  940  1027  956
e  941  959  926
e  941  954  632
e  942  1003  484
e  942  1044  408
e  942  1043  560
e  943  1004  93
e  943  948  536
e  944  978  547
e  944  1053  956
e  945  955  915
e  945  970  734
e  945  980  440
e  946  954  734
e  946  955  926
e  947  987  232
e  947  1012  423
e  947  956  520
e  948  1045  93
e  948  1010  132
e  949  968  589
e  950  1006  737
e  950  1102  454
e  951  1006  808
e  952  962  373
e  952  967  861
e  953  990  449
e  953  978  329
e  954  957  926
e  955  957  734
e  956  997  423
e  957  959  632
e  957  1020  206
e  957  994  440
e  957  970  915
e  958  1015  109
e  958  1064  738
e  959  971  821
e  959  1014  206
e  960  961  266
e  961  974  536
e  961  977  955
e  961  965  732
e  962  982  1000
e  962  1017  861
e  963  981  762
e  964  1001  266
e  965  999  955
e  965  1001  457
e  966  987  671
e  967  968  190
e  967  1017  373
e  967  1052  204
e  968  988  204
e  969  991  999
e  969  990  529
e  970  985  440
e  971  995  206
e  972  996  454
e  973  1024  811
e  973  979  382
e  974  976  955
e  975  980  176
e  975  983  355
e  976  997  307
e  976  1026  457
e  976  977  536
e  977  1008  457
e  977  999  732
e  978  1028  449
e  978  1075  956
e  979  1030  811
e  979  1015  618
e  980  985  734
e  980  984  355
e  981  986  564
e  981  1034  955
e  982  1002  799
e  982  1092  861
e  983  984  176
e  984  993  734
e  984  992  163
e  985  994  915
e  985  993  355
e  986  1025  955
e  987  1051  347
e  987  1104  589
e  987  1074  423
e  988  989  693
e  988  1052  190
e  988  1076  166
e  989  1037  166
e  990  1018  999
e  990  1055  734
e  990  1028  329
e  991  1019  176
e  991  1018  529
e  992  1013  734
e  992  1019  176
e  993  998  915
e  993  1031  176
e  993  1013  163
e  994  1036  206
e  994  998  355
e  995  1000  325
e  995  1014  821
e  996  1063  308
e  997  1012  520
e  997  1033  457
e  998  1039  206
e  998  1058  325
e  998  1035  176
e  999  1005  457
e  1000  1021  671
e  1000  1059  355
e  1000  1023  821
e  1001  1005  955
e  1001  1007  649
e  1002  1027  668
e  1002  1186  734
e  1002  1120  861
e  1003  1010  408
e  1004  1096  386
e  1004  1045  536
e  1005  1008  732
e  1005  1009  649
e  1006  1113  617
e  1006  1103  454
e  1007  1009  955
e  1008  1026  536
e  1008  1016  649
e  1009  1016  732
e  1009  1032  762
e  1009  1011  266
e  1010  1160  93
e  1010  1240  109
e  1010  1265  955
e  1010  1197  560
e  1010  1044  484
e  1011  1025  762
e  1012  1074  232
e  1012  1073  457
e  1013  1022  176
e  1014  1023  325
e  1014  1020  632
e  1015  1082  811
e  1015  1088  738
e  1016  1050  307
e  1016  1048  762
e  1017  1092  1000
e  1017  1128  166
e  1017  1091  204
e  1018  1038  176
e  1019  1022  734
e  1019  1038  529
e  1020  1029  325
e  1020  1036  440
e  1021  1098  777
e  1021  1068  355
e  1022  1031  163
e  1022  1041  529
e  1023  1029  632
e  1024  1030  382
e  1025  1032  266
e  1025  1034  564
e  1026  1033  307
e  1027  1053  890
e  1027  1148  734
e  1028  1067  734
e  1029  1040  440
e  1030  1065  196
e  1030  1138  299
e  1030  1082  618
e  1031  1035  915
e  1032  1048  732
e  1032  1047  564
e  1033  1073  520
e  1033  1049  649
e  1034  1047  266
e  1034  1046  355
e  1035  1077  325
e  1035  1056  529
e  1036  1040  325
e  1036  1039  355
e  1037  1076  693
e  1037  1083  434
e  1038  1041  734
e  1039  1042  325
e  1040  1042  355
e  1041  1057  915
e  1041  1054  999
e  1042  1061  821
e  1042  1081  671
e  1042  1080  176
e  1042  1058  206
e  1043  1159  408
e  1043  1090  556
e  1044  1159  560
e  1045  1161  386
e  1045  1198  109
e  1045  1160  132
e  1046  1085  266
e  1046  1209  267
e  1046  1181  363
e  1047  1086  732
e  1047  1105  307
e  1047  1085  355
e  1048  1071  307
e  1048  1086  564
e  1049  1050  536
e  1049  1106  520
e  1049  1072  762
e  1050  1071  762
e  1051  1099  589
e  1052  1091  373
e  1052  1100  166
e  1053  1075  547
e  1053  1142  734
e  1054  1055  176
e  1054  1079  915
e  1054  1070  329
e  1055  1067  329
e  1056  1057  163
e  1056  1089  325
e  1056  1093  329
e  1057  1087  329
e  1057  1079  999
e  1058  1077  176
e  1059  1060  440
e  1059  1068  671
e  1060  1061  632
e  1060  1069  671
e  1061  1078  671
e  1062  1063  264
e  1062  1102  141
e  1063  1112  737
e  1063  1110  476
e  1064  1088  109
e  1065  1135  299
e  1066  1434  382
e  1067  1070  176
e  1067  1108  956
e  1068  1139  777
e  1068  1069  440
e  1069  1149  777
e  1069  1132  176
e  1069  1078  632
e  1070  1084  915
e  1070  1117  956
e  1071  1072  536
e  1071  1095  564
e  1072  1116  520
e  1072  1119  564
e  1073  1141  232
e  1073  1157  589
e  1073  1126  762
e  1073  1106  649
e  1074  1123  589
e  1074  1141  457
e  1075  1109  734
e  1076  1100  190
e  1076  1127  373
e  1076  1153  434
e  1077  1080  206
e  1077  1089  529
e  1078  1122  176
e  1078  1081  821
e  1079  1084  329
e  1080  1101  671
e  1080  1094  529
e  1081  1101  176
e  1082  1217  299
e  1082  1134  738
e  1083  1153  693
e  1083  1099  671
e  1084  1087  999
e  1084  1097  163
e  1084  1130  956
e  1085  1125  307
e  1085  1263  267
e  1086  1095  307
e  1087  1093  163
e  1088  1134  811
e  1088  1133  127
e  1089  1094  206
e  1089  1114  329
e  1090  1124  615
e  1091  1107  166
e  1092  1120  799
e  1092  1155  166
e  1093  1114  325
e  1093  1097  999
e  1094  1115  671
e  1094  1121  329
e  1095  1119  536
e  1095  1140  355
e  1095  1105  732
e  1096  1162  109
e  1096  1161  536
e  1097  1131  325
e  1097  1143  956
e  1098  1152  308
e  1098  1174  737
e  1098  1139  355
e  1099  1158  693
e  1099  1165  423
e  1099  1104  347
e  1100  1107  373
e  1101  1122  821
e  1101  1115  529
e  1102  1103  737
e  1103  1236  617
e  1103  1248  926
e  1103  1111  264
e  1104  1123  423
e  1105  1125  355
e  1106  1116  762
e  1107  1128  204
e  1107  1200  1000
e  1107  1182  671
e  1107  1127  190
e  1108  1109  449
e  1108  1117  176
e  1109  1129  176
e  1109  1142  547
e  1110  1146  737
e  1110  1152  926
e  1111  1112  141
e  1111  1175  926
e  1112  1146  476
e  1113  1243  109
e  1113  1236  454
e  1114  1121  206
e  1114  1131  999
e  1115  1136  821
e  1115  1137  329
e  1116  1126  649
e  1116  1178  589
e  1116  1163  564
e  1117  1130  915
e  1117  1129  449
e  1118  1181  955
e  1118  1162  267
e  1119  1163  520
e  1119  1242  589
e  1119  1199  355
e  1120  1214  734
e  1120  1168  166
e  1121  1137  671
e  1121  1144  999
e  1122  1132  632
e  1122  1136  529
e  1123  1165  347
e  1123  1185  693
e  1123  1228  373
e  1123  1151  457
e  1124  1227  408
e  1124  1364  955
e  1124  1303  961
e  1125  1140  732
e  1125  1275  267
e  1126  1164  589
e  1127  1166  671
e  1128  1155  1000
e  1129  1171  915
e  1129  1169  890
e  1130  1143  163
e  1130  1150  325
e  1130  1171  449
e  1131  1144  206
e  1131  1147  956
e  1132  1193  777
e  1132  1145  529
e  1133  1208  811
e  1133  1216  449
e  1134  1293  299
e  1134  1358  926
e  1134  1314  808
e  1134  1208  127
e  1135  1323  9
e  1135  1138  196
e  1136  1145  632
e  1136  1187  329
e  1137  1187  821
e  1137  1172  956
e  1138  1396  9
e  1138  1217  618
e  1139  1177  737
e  1139  1149  440
e  1140  1199  536
e  1140  1296  589
e  1141  1151  589
e  1142  1148  890
e  1143  1147  325
e  1144  1154  956
e  1145  1205  777
e  1145  1234  737
e  1145  1204  329
e  1146  1156  926
e  1147  1154  206
e  1147  1150  163
e  1148  1170  176
e  1148  1186  668
e  1149  1183  737
e  1149  1193  176
e  1150  1203  206
e  1150  1202  449
e  1151  1245  373
e  1151  1184  762
e  1151  1157  232
e  1152  1156  737
e  1153  1158  671
e  1154  1173  671
e  1154  1203  163
e  1155  1168  799
e  1155  1200  204
e  1156  1176  141
e  1156  1179  355
e  1156  1174  308
e  1157  1164  762
e  1158  1167  373
e  1158  1180  423
e  1159  1197  484
e  1159  1226  615
e  1160  1223  109
e  1161  1195  109
e  1162  1191  955
e  1162  1195  536
e  1163  1211  589
e  1164  1184  232
e  1164  1178  649
e  1165  1180  693
e  1166  1167  434
e  1166  1182  190
e  1167  1189  190
e  1167  1188  423
e  1168  1231  734
e  1168  1268  423
e  1168  1247  671
e  1168  1230  204
e  1169  1170  547
e  1169  1201  915
e  1170  1215  915
e  1170  1269  325
e  1170  1232  668
e  1171  1202  325
e  1171  1201  890
e  1172  1173  999
e  1172  1256  821
e  1172  1319  737
e  1173  1394  737
e  1173  1357  890
e  1173  1255  163
e  1174  1177  355
e  1175  1176  476
e  1175  1248  264
e  1175  1273  617
e  1175  1207  355
e  1176  1194  355
e  1177  1179  308
e  1177  1183  440
e  1178  1212  232
e  1178  1211  564
e  1179  1194  141
e  1179  1190  440
e  1180  1188  373
e  1180  1185  347
e  1181  1191  267
e  1182  1229  1000
e  1182  1213  423
e  1182  1189  434
e  1183  1190  308
e  1183  1210  176
e  1184  1277  373
e  1184  1212  649
e  1185  1192  373
e  1186  1232  176
e  1186  1214  861
e  1187  1204  632
e  1187  1281  737
e  1187  1256  956
e  1188  1196  190
e  1188  1192  347
e  1189  1196  423
e  1190  1206  141
e  1190  1224  176
e  1191  1209  363
e  1191  1218  536
e  1192  1220  190
e  1192  1251  457
e  1192  1228  693
e  1193  1210  737
e  1193  1205  529
e  1194  1207  476
e  1194  1206  440
e  1195  1218  955
e  1195  1198  386
e  1196  1213  434
e  1196  1258  1000
e  1196  1220  347
e  1197  1301  955
e  1197  1264  615
e  1198  1225  955
e  1198  1223  132
e  1199  1261  589
e  1200  1230  799
e  1200  1229  671
e  1201  1221  325
e  1201  1215  547
e  1202  1221  890
e  1203  1255  671
e  1203  1270  890
e  1204  1250  737
e  1205  1219  737
e  1206  1222  476
e  1206  1238  176
e  1207  1279  617
e  1207  1222  440
e  1208  1249  449
e  1209  1263  266
e  1209  1266  536
e  1210  1224  308
e  1210  1219  529
e  1211  1372  232
e  1211  1332  355
e  1211  1242  520
e  1212  1333  373
e  1212  1372  564
e  1213  1239  1000
e  1214  1254  176
e  1214  1231  166
e  1215  1233  325
e  1216  1249  811
e  1216  1243  808
e  1217  1293  738
e  1218  1266  363
e  1218  1305  132
e  1218  1225  386
e  1219  1235  308
e  1219  1259  329
e  1219  1234  777
e  1220  1284  1000
e  1220  1280  457
e  1221  1271  206
e  1221  1233  547
e  1222  1311  617
e  1222  1272  176
e  1223  1237  955
e  1223  1240  93
e  1224  1238  141
e  1224  1235  529
e  1225  1237  132
e  1226  1227  556
e  1226  1264  484
e  1227  1304  484
e  1227  1329  955
e  1228  1245  457
e  1229  1241  799
e  1229  1239  423
e  1230  1241  671
e  1231  1262  176
e  1231  1274  423
e  1232  1285  325
e  1232  1254  861
e  1233  1309  206
e  1233  1307  166
e  1233  1290  668
e  1233  1269  915
e  1234  1250  329
e  1235  1244  141
e  1235  1278  329
e  1236  1257  926
e  1237  1305  386
e  1237  1371  363
e  1237  1390  266
e  1237  1252  93
e  1238  1272  476
e  1238  1244  529
e  1239  1246  799
e  1239  1258  434
e  1240  1252  955
e  1241  1247  204
e  1241  1246  423
e  1242  1261  355
e  1243  1260  811
e  1243  1291  926
e  1244  1282  476
e  1244  1295  329
e  1245  1251  693
e  1245  1277  762
e  1246  1253  204
e  1246  1306  734
e  1246  1267  434
e  1247  1253  423
e  1248  1257  617
e  1249  1260  808
e  1250  1259  777
e  1250  1286  956
e  1250  1281  632
e  1251  1280  190
e  1251  1288  762
e  1252  1440  266
e  1252  1316  560
e  1252  1265  109
e  1253  1268  671
e  1253  1276  734
e  1254  1289  325
e  1254  1262  166
e  1255  1299  890
e  1256  1283  737
e  1257  1292  109
e  1257  1287  355
e  1257  1273  264
e  1258  1267  799
e  1258  1284  347
e  1259  1278  308
e  1260  1315  127
e  1260  1302  926
e  1261  1332  520
e  1261  1398  267
e  1261  1296  536
e  1262  1294  325
e  1262  1321  423
e  1263  1275  307
e  1263  1322  536
e  1264  1318  955
e  1264  1304  556
e  1265  1301  560
e  1266  1322  266
e  1266  1347  132
e  1267  1317  734
e  1267  1297  347
e  1268  1274  734
e  1269  1285  668
e  1270  1271  449
e  1270  1299  671
e  1271  1310  671
e  1271  1309  547
e  1272  1360  617
e  1272  1282  529
e  1273  1279  355
e  1274  1321  176
e  1274  1276  671
e  1275  1355  589
e  1275  1331  536
e  1276  1326  176
e  1276  1335  434
e  1276  1306  204
e  1277  1288  693
e  1277  1333  649
e  1278  1295  141
e  1278  1337  956
e  1279  1287  264
e  1279  1324  109
e  1279  1311  440
e  1280  1344  1000
e  1280  1334  762
e  1281  1283  956
e  1282  1368  617
e  1282  1387  109
e  1282  1379  329
e  1283  1286  632
e  1283  1405  308
e  1283  1319  821
e  1284  1297  799
e  1284  1344  457
e  1285  1290  915
e  1285  1289  861
e  1286  1338  308
e  1287  1312  109
e  1288  1334  190
e  1288  1362  649
e  1289  1298  915
e  1289  1294  166
e  1290  1298  861
e  1291  1292  454
e  1291  1302  811
e  1292  1313  811
e  1292  1312  355
e  1293  1425  926
e  1294  1300  915
e  1294  1342  423
e  1295  1379  476
e  1295  1348  956
e  1296  1354  267
e  1297  1325  734
e  1297  1349  457
e  1298  1300  166
e  1299  1357  163
e  1299  1416  166
e  1299  1310  449
e  1300  1308  668
e  1300  1351  423
e  1301  1316  109
e  1301  1318  615
e  1302  1341  127
e  1302  1340  355
e  1302  1313  454
e  1303  1435  955
e  1303  1402  810
e  1304  1327  955
e  1305  1347  363
e  1306  1317  434
e  1307  1308  861
e  1307  1356  206
e  1308  1374  206
e  1308  1385  423
e  1309  1336  671
e  1309  1356  166
e  1310  1404  166
e  1310  1336  547
e  1311  1328  109
e  1311  1360  176
e  1312  1320  811
e  1312  1339  440
e  1312  1324  264
e  1313  1320  355
e  1314  1315  449
e  1314  1346  926
e  1315  1341  926
e  1316  1330  615
e  1317  1335  204
e  1317  1325  347
e  1318  1330  109
e  1318  1327  556
e  1319  1394  999
e  1320  1340  454
e  1320  1363  127
e  1320  1343  440
e  1321  1342  325
e  1321  1326  671
e  1322  1331  307
e  1322  1365  132
e  1323  1434  346
e  1323  1396  196
e  1324  1328  440
e  1325  1373  204
e  1325  1413  176
e  1325  1359  457
e  1326  1350  325
e  1326  1388  434
e  1327  1353  109
e  1327  1329  484
e  1328  1339  264
e  1328  1345  811
e  1328  1369  176
e  1329  1370  109
e  1329  1364  408
e  1330  1353  556
e  1331  1408  589
e  1331  1378  132
e  1332  1448  267
e  1333  1362  693
e  1333  1439  564
e  1334  1393  734
e  1334  1427  649
e  1335  1388  176
e  1335  1373  347
e  1336  1367  166
e  1337  1338  777
e  1337  1348  141
e  1338  1375  141
e  1338  1405  632
e  1339  1343  811
e  1340  1352  127
e  1341  1346  449
e  1341  1352  355
e  1342  1351  915
e  1342  1350  671
e  1343  1382  127
e  1343  1345  264
e  1344  1349  799
e  1344  1384  734
e  1345  1377  176
e  1346  1358  808
e  1346  1361  355
e  1347  1365  266
e  1347  1371  386
e  1348  1444  476
e  1348  1375  777
e  1349  1359  734
e  1350  1366  915
e  1350  1409  434
e  1351  1385  668
e  1351  1403  206
e  1351  1366  671
e  1352  1361  449
e  1352  1363  454
e  1353  1370  484
e  1354  1355  732
e  1354  1398  536
e  1354  1443  536
e  1355  1408  536
e  1356  1367  671
e  1356  1374  861
e  1357  1430  166
e  1358  1425  299
e  1358  1381  355
e  1359  1418  176
e  1359  1399  762
e  1359  1384  799
e  1360  1369  109
e  1360  1368  529
e  1361  1381  808
e  1361  1407  440
e  1361  1395  454
e  1362  1427  190
e  1363  1395  449
e  1363  1382  440
e  1364  1426  109
e  1364  1435  961
e  1365  1378  307
e  1365  1383  386
e  1366  1412  206
e  1366  1441  434
e  1367  1404  547
e  1367  1415  423
e  1367  1386  861
e  1368  1376  109
e  1369  1377  811
e  1369  1376  529
e  1370  1426  408
e  1371  1383  266
e  1372  1439  373
e  1373  1400  176
e  1374  1386  671
e  1374  1389  423
e  1375  1417  632
e  1376  1380  811
e  1376  1387  617
e  1377  1423  127
e  1377  1380  529
e  1378  1438  589
e  1378  1391  386
e  1379  1431  109
e  1379  1444  956
e  1380  1424  127
e  1380  1449  329
e  1380  1406  617
e  1381  1433  299
e  1381  1432  440
e  1382  1401  449
e  1382  1422  176
e  1383  1391  307
e  1383  1390  363
e  1384  1392  762
e  1385  1389  206
e  1386  1397  423
e  1387  1406  811
e  1387  1431  329
e  1388  1409  325
e  1388  1400  347
e  1389  1397  671
e  1389  1403  668
e  1390  1410  307
e  1390  1440  93
e  1391  1456  589
e  1391  1410  363
e  1392  1393  1000
e  1392  1399  799
e  1393  1453  649
e  1395  1401  440
e  1397  1415  861
e  1397  1421  671
e  1397  1414  668
e  1398  1448  520
e  1399  1455  176
e  1400  1411  325
e  1400  1420  457
e  1400  1413  204
e  1401  1407  454
e  1401  1450  176
e  1402  1459  955
e  1403  1414  671
e  1403  1412  671
e  1404  1416  449
e  1404  1442  423
e  1405  1417  141
e  1406  1437  329
e  1407  1432  808
e  1408  1443  732
e  1408  1438  132
e  1409  1441  915
e  1409  1411  347
e  1410  1445  93
e  1411  1446  915
e  1411  1429  457
e  1412  1419  671
e  1413  1418  457
e  1414  1419  671
e  1415  1442  547
e  1416  1430  163
e  1416  1447  423
e  1418  1420  204
e  1418  1436  325
e  1418  1455  762
e  1419  1421  668
e  1420  1429  325
e  1422  1423  264
e  1422  1450  449
e  1422  1428  529
e  1423  1424  529
e  1424  1428  264
e  1425  1433  355
e  1427  1453  734
e  1428  1452  449
e  1429  1454  915
e  1429  1436  204
e  1430  1451  423
e  1431  1437  811
e  1431  1460  956
e  1432  1457  299
e  1433  1457  440
e  1435  1459  810
e  1436  1458  762
e  1437  1449  617
e  1437  1461  956
e  1438  1456  386
e  1440  1445  307
e  1441  1446  347
e  1442  1447  449
e  1444  1460  109
e  1446  1454  457
e  1447  1451  163
e  1450  1452  529
e  1455  1458  325
e  1460  1461  811
